country,date,strat,type,median,mean,sd,lower_90,lower_50,lower_20,upper_20,upper_50,upper_90
Austria,2021-06-23,,estimate,0.80031782160957,0.803212084096447,0.0883088793809455,0.664935245792972,0.741679757354668,0.777375256521493,0.822895924835801,0.86302070704092,0.954134541618723
Austria,2021-06-24,,estimate,0.824260682982246,0.82624194728367,0.0743549195137829,0.706686013479634,0.775896445539646,0.805438400158153,0.843803448224995,0.876437901693271,0.951428172779095
Austria,2021-06-25,,estimate,0.855796473374105,0.856399778526759,0.0636259267373741,0.75343473423565,0.813321149609767,0.839816590232953,0.871907699551973,0.898847565973181,0.962029299069836
Austria,2021-06-26,,estimate,0.894912113016685,0.894496672178785,0.056447080732147,0.802706560222882,0.855981529810136,0.879542207021707,0.909200335684229,0.932599107120394,0.985425639108671
Austria,2021-06-27,,estimate,0.941941099229796,0.941129308151309,0.0525639684171515,0.854749934440514,0.906024928968394,0.929521569702466,0.955404660708758,0.976253844881661,1.0256390666578
Austria,2021-06-28,,estimate,0.998559893325865,0.996523325733159,0.0509838111291772,0.910860022401302,0.963265169081261,0.985169973494501,1.01018456992722,1.03056430508685,1.07962174808374
Austria,2021-06-29,,estimate,1.06210082090202,1.0603346338169,0.0503646880384423,0.972140690217526,1.02843158117824,1.04960376794935,1.07559530802958,1.09445081608241,1.13924892582815
Austria,2021-06-30,,estimate,1.13379179463196,1.13142228143982,0.0496564028199904,1.04578726368247,1.10054930504434,1.12088653841769,1.14578544689781,1.16567237671755,1.20678832598909
Austria,2021-07-01,,estimate,1.20944396768118,1.20763130561946,0.0485679594168174,1.12512008249476,1.17744357093386,1.19798225237252,1.22086149809967,1.23969839518327,1.28390643205811
Austria,2021-07-02,,estimate,1.28641890875156,1.28565486436066,0.0477601091685701,1.20629226222699,1.25452876515982,1.27493019822421,1.29814242568246,1.31612668903462,1.36248813721581
Austria,2021-07-03,,estimate,1.36005579026347,1.36107010030627,0.0485536064781148,1.28290862404719,1.32863510952442,1.34839070782758,1.37226505165259,1.39125308826422,1.44269229897602
Austria,2021-07-04,,estimate,1.4260840977586,1.42864094490477,0.0518194754963585,1.34788801284148,1.39296494468551,1.41304906740272,1.43821636781927,1.461653084347,1.51907866420711
Austria,2021-07-05,,estimate,1.47873465284778,1.4829313332756,0.0568101333124677,1.39720679516756,1.44297819537728,1.46489895482161,1.4931541710365,1.5195151788651,1.58421621676462
Austria,2021-07-06,,estimate,1.51401672239072,1.51916780392137,0.0614198501494236,1.42631655373783,1.47526683937145,1.49797617429819,1.52981171784095,1.55963014000532,1.6292268471193
Austria,2021-07-07,,estimate,1.52839595491029,1.53416078265049,0.0634766746814902,1.43975390683161,1.48798924429247,1.51303238963486,1.54626412318023,1.57457856304979,1.64658243697419
Austria,2021-07-08,,estimate,1.52141867701442,1.52700659931479,0.0618049738259444,1.43563018268303,1.48350788453419,1.50639922278028,1.5386871184697,1.56526299502795,1.63754631821252
Austria,2021-07-09,,estimate,1.49443442525564,1.49931866312569,0.0567299605796852,1.41430090020258,1.45940642878423,1.48022144237549,1.50900026513896,1.53491841984931,1.59958505464114
Austria,2021-07-10,,estimate,1.45172482815659,1.45489200602397,0.0500928304073687,1.37836403600016,1.42107892668049,1.43912350065464,1.46351501023416,1.4861041666455,1.54382087457703
Austria,2021-07-11,,estimate,1.39769007462048,1.39891919557337,0.0446775810259893,1.32857446657411,1.36847915327944,1.38681546027168,1.40808976466929,1.42682002810418,1.4768575641442
Austria,2021-07-12,,estimate,1.33789287513533,1.33702918915993,0.0426501457029703,1.26627885544819,1.30824285662086,1.32737187050885,1.34762544391578,1.36535125102684,1.40766452845975
Austria,2021-07-13,,estimate,1.27682531840549,1.27443632134097,0.0437248492196496,1.2009322264437,1.24497516104532,1.26542140888858,1.2866857627301,1.30492270133237,1.34386562695464
Austria,2021-07-14,,estimate,1.2181159718376,1.21538018428219,0.0457072988308239,1.13837398072831,1.18455744518399,1.20631799238926,1.22938831056014,1.24815999556306,1.28600407782582
Austria,2021-07-15,,estimate,1.16571010032596,1.162890905538,0.0466091465902085,1.08200555009138,1.13196266963386,1.15400812879439,1.17737498795547,1.19600272630136,1.23491746514357
Austria,2021-07-16,,estimate,1.12198796198376,1.11880693231446,0.0455394510525134,1.0397363262102,1.08945795718861,1.11005640139672,1.13350316723127,1.15100021893423,1.1889505659964
Austria,2021-07-17,,estimate,1.08675965012156,1.08393414142595,0.0425921244573005,1.01030099410747,1.05649385763485,1.07556966299928,1.09695886077563,1.11357958606527,1.14933972282451
Austria,2021-07-18,,estimate,1.06011237723813,1.05825162817631,0.0386118948611275,0.992094928820689,1.03347679619355,1.05028078045278,1.06911707883739,1.08511065084627,1.11775997867021
Austria,2021-07-19,,estimate,1.04235610477187,1.04111021528306,0.0350091773883292,0.981646423617203,1.01826256376463,1.0338124777395,1.05104271274238,1.0649319784206,1.09707924308923
Austria,2021-07-20,,estimate,1.03148989040477,1.03140937586838,0.0333131000250375,0.976120802047722,1.00983138391297,1.0230199522718,1.03986437380054,1.05279804626831,1.0857723597322
Austria,2021-07-21,,estimate,1.02654040370186,1.02776331579576,0.0341568587802865,0.973618945795995,1.00451336036575,1.01841287767509,1.03532501443496,1.04983058274592,1.0851281943037
Austria,2021-07-22,,estimate,1.02611189334017,1.0286728418921,0.0366523906119273,0.972609704012702,1.00373239347186,1.01712100566648,1.03579437926963,1.05210609168116,1.09260122959346
Austria,2021-07-23,,estimate,1.02917808161349,1.03270816094135,0.0392077146450683,0.972760363211497,1.004805514815,1.02022531880114,1.03958880942275,1.05735396220286,1.10163906819422
Austria,2021-07-24,,estimate,1.03579669133285,1.03868691574255,0.0405972296833144,0.976601065201164,1.0101368783962,1.02550153338856,1.04630464303274,1.06450283855872,1.11087689141378
Austria,2021-07-25,,estimate,1.04326736480353,1.04581452030781,0.0403582177532998,0.983279128031041,1.01768028748753,1.03324207164414,1.05309341672545,1.07061149677198,1.11677513086918
Austria,2021-07-26,,estimate,1.05189704529781,1.05375216596837,0.0387834796166004,0.993133728867549,1.02677687675021,1.04186088250748,1.06067012617496,1.07873989303624,1.11926866912892
Austria,2021-07-27,,estimate,1.06153398656201,1.06259455706148,0.0367431346355467,1.00550932067879,1.03713936549627,1.05236654366526,1.0700585863868,1.08585938875395,1.12592442164934
Austria,2021-07-28,,estimate,1.07092299145017,1.0727654216407,0.0353112917236801,1.01677807042391,1.04921216501571,1.06282873843931,1.08074524279987,1.09584182846165,1.13464451964817
Austria,2021-07-29,,estimate,1.08497215127289,1.08485969975028,0.0351776660325227,1.02712903215021,1.06156719058964,1.07571506025172,1.09301968343239,1.10785540999936,1.14255782160401
Austria,2021-07-30,,estimate,1.10027010065928,1.09946771000959,0.0362055552715973,1.03800214192619,1.07638293936674,1.09156407499642,1.10878855139129,1.12393917742562,1.15663029710931
Austria,2021-07-31,,estimate,1.11838165847382,1.11700957720067,0.0376320783442048,1.05176857683807,1.0929340852835,1.10867238249332,1.1277507948487,1.14260122836119,1.17558548544244
Austria,2021-08-01,,estimate,1.13906776367141,1.1375961485342,0.0386692325447419,1.07250736970848,1.11175225546186,1.1290368863089,1.14890337010907,1.16409380541969,1.19815037820131
Austria,2021-08-02,,estimate,1.16213316403379,1.16092433595118,0.0389308567679269,1.09598495288855,1.13415274488635,1.15147145843918,1.17199855486443,1.18848679290457,1.22208847088671
Austria,2021-08-03,,estimate,1.18711680091935,1.18621442178555,0.0385499513415612,1.12131236598838,1.15949738783393,1.17710573271841,1.19685006672634,1.21311981161114,1.24769015717326
Austria,2021-08-04,,estimate,1.21315108252005,1.21220245366197,0.0380554840912051,1.14849543126737,1.18723673700375,1.20256052796345,1.22255569222438,1.23871582896417,1.27427800913006
Austria,2021-08-05,,estimate,1.23705069981844,1.23720581740824,0.0380297306413695,1.1738418422056,1.21318141744889,1.22835258663744,1.24620672165191,1.26183599421961,1.29877283287911
Austria,2021-08-06,,estimate,1.25855865702823,1.25927613039902,0.0386830957529986,1.19577534206973,1.23431974055598,1.24951381584267,1.26730697523165,1.28415509284902,1.32259058190492
Austria,2021-08-07,,estimate,1.27472147916544,1.27643557746013,0.0397065147289944,1.21471364193663,1.24983656711253,1.26537308581772,1.28496473448799,1.30129890096682,1.34352531654043
Austria,2021-08-08,,estimate,1.28498441973361,1.28696389424687,0.0405598307232511,1.22483791638012,1.25890743253795,1.27473346419558,1.29564704286688,1.31291976835994,1.35788555652539
Austria,2021-08-09,,estimate,1.28792304685362,1.28967629165824,0.0408714357415812,1.22731873867572,1.26093235430037,1.27657179698655,1.29842714613747,1.31602669424078,1.35907763462646
Austria,2021-08-10,,estimate,1.28232959938449,1.28412397334325,0.0406028452728969,1.22150841753213,1.25582269645846,1.27225463792439,1.29245759736034,1.31021760475534,1.35317572382208
Austria,2021-08-11,,estimate,1.26944411232153,1.27066675107627,0.0399435515245225,1.20693836215884,1.24312577832326,1.25947229312345,1.27953541243884,1.29603358720279,1.3393526969602
Austria,2021-08-12,,estimate,1.24921945329868,1.2504048328839,0.0390983290172989,1.18911020501115,1.22371005323979,1.23960140304989,1.25915402532356,1.27529210838526,1.31808969380794
Austria,2021-08-13,,estimate,1.22426036616993,1.22499665289126,0.0381525375548197,1.16388390447296,1.19905585925471,1.21504575932764,1.23406434385456,1.24892326564567,1.29003363431113
Austria,2021-08-14,,estimate,1.19575809122749,1.19641510010818,0.0370973318242927,1.13568127190299,1.17223900339919,1.18670860369097,1.20563552637829,1.21969217985145,1.25907404678148
Austria,2021-08-15,,estimate,1.16689696065754,1.16669909391896,0.0359488121598073,1.1073964921819,1.14319173142091,1.15826931029369,1.17496903158279,1.18928546076163,1.22737435577078
Austria,2021-08-16,,estimate,1.13751103754669,1.13774509167247,0.0348347920194537,1.08019524115804,1.11538871079995,1.12951168234264,1.14619086241729,1.16012006411982,1.19558212270741
Austria,2021-08-17,,estimate,1.11133637762922,1.11116290799646,0.0339734474811855,1.05397921437413,1.0890552216344,1.10321185460954,1.11965209996159,1.1334019364151,1.16662214943913
Austria,2021-08-18,,estimate,1.08922547609221,1.08820062103141,0.0335530090959841,1.03169901622809,1.06674414546617,1.08075980301718,1.09700178033109,1.11029596435565,1.1414503106421
Austria,2021-08-19,,estimate,1.07037166395579,1.06972911239087,0.0335972444458367,1.0133274422551,1.04822054699624,1.06232635797561,1.0791033440572,1.09187478572993,1.12268378902833
Austria,2021-08-20,,estimate,1.05720096127519,1.05626897949482,0.0339291892144313,1.00022982149973,1.03364895888806,1.04878551068054,1.06553860745362,1.07884154367886,1.10898644443132
Austria,2021-08-21,,estimate,1.04831934771521,1.04804002386374,0.0342703002535225,0.992558477553571,1.02560175766109,1.04021575985642,1.05668633783111,1.07069387167529,1.10271205268548
Austria,2021-08-22,,estimate,1.04496096364463,1.04501467174626,0.0343980265933311,0.98776484794073,1.02266303193408,1.03729302533642,1.05329601217626,1.06719462303427,1.10090063631056
Austria,2021-08-23,,estimate,1.0467741979695,1.04696051132309,0.0342583748441461,0.990886659112429,1.02498628647186,1.03885326007996,1.0550500469482,1.06912227845508,1.10289222728341
Austria,2021-08-24,,estimate,1.05306857322715,1.0534631117317,0.0339793798183322,0.997532676120716,1.03178603430783,1.04487924114393,1.06124838068002,1.07554891869873,1.11009639512969
Austria,2021-08-25,,estimate,1.06355588189096,1.06392765825346,0.0337826957992049,1.00840974477757,1.04243174431684,1.05580477626969,1.07160784956652,1.08567918905796,1.11960393273201
Austria,2021-08-26,,estimate,1.07794631826811,1.07756525692744,0.0338383234223596,1.02276112582546,1.05530817467587,1.06992787730231,1.08546983037602,1.09964425060706,1.13333922237673
Austria,2021-08-27,,estimate,1.0936116313759,1.09337535958456,0.0341567742078923,1.0376733273465,1.07070673487436,1.0857062078339,1.10198866584102,1.1158987834869,1.15005204337386
Austria,2021-08-28,,estimate,1.11038336270053,1.11013859740642,0.0346055762183185,1.05303595929301,1.087240713351,1.10183622735986,1.11880505641997,1.13298296464209,1.16687050683869
Austria,2021-08-29,,estimate,1.12639362382091,1.12643434062414,0.0350389543224345,1.06946883630228,1.10368767856211,1.1181963492456,1.13440816445155,1.14887627094294,1.18491769018549
Austria,2021-08-30,,estimate,1.14017086545295,1.14069497795442,0.0354335368004862,1.08378732437262,1.11701272644065,1.13101970534522,1.14857948472269,1.16431467756862,1.19951838356755
Austria,2021-08-31,,estimate,1.14985583471955,1.15130435895525,0.0359157277235457,1.0953024579536,1.12678351937268,1.14106294140096,1.15990027150682,1.17546576995562,1.21222621187116
Austria,2021-09-01,,estimate,1.15474853457529,1.1567404928172,0.0366336960986216,1.09916874261957,1.13130588789144,1.14598459512614,1.16507479557612,1.18132723035954,1.21909432529716
Austria,2021-09-02,,estimate,1.15425001281883,1.15575175184222,0.0375512406734123,1.09722535824628,1.12967306755064,1.1446830064977,1.16422838114054,1.18036597630438,1.21944804010011
Austria,2021-09-03,,estimate,1.14632254718595,1.14754216844313,0.0383523073469984,1.08719408392362,1.120617925166,1.13596958409564,1.15561843940549,1.17249050317013,1.21329956195
Austria,2021-09-04,,estimate,1.1301593075139,1.1319286434303,0.0385765987196078,1.0724162942148,1.10537859221252,1.12001992435705,1.13933037215134,1.15638366246951,1.19828366769522
Austria,2021-09-05,,estimate,1.10757790957247,1.10942782556896,0.0378967832641203,1.05179252737497,1.0835146387457,1.09743886803187,1.11660335015587,1.13294868234244,1.174442058742
Austria,2021-09-06,,estimate,1.07882950839229,1.08123991219352,0.0363517363730121,1.02534315814833,1.05692876976348,1.07024420434537,1.08853724544467,1.10415025522317,1.14465155225635
Austria,2021-09-07,,estimate,1.04760117922583,1.04912182136975,0.0344080159953852,0.995392800301476,1.02603605519212,1.03951200170104,1.05615091293752,1.07070893797415,1.10768868980039
Austria,2021-09-08,,estimate,1.01475054927271,1.01517472020163,0.0327922758891919,0.961804590228349,0.993161660813976,1.00671126273744,1.02233884104278,1.03590830631319,1.0704356607575
Austria,2021-09-09,,estimate,0.981874763826064,0.981595844742019,0.0321100265505405,0.927391641360494,0.96033286514216,0.973758257151491,0.98969218812411,1.00258972156924,1.03374875683942
Austria,2021-09-10,,estimate,0.950872690054336,0.950449840578134,0.032465045659662,0.896067108468888,0.929143973701418,0.942583275249702,0.959780738568957,0.972350449349345,1.00198613378661
Austria,2021-09-11,,estimate,0.924640890030082,0.923499479273207,0.0334352473126178,0.867571343731722,0.900780318071673,0.915675983803423,0.933008660167608,0.9470067049002,0.976995790648042
Austria,2021-09-12,,estimate,0.902956093898043,0.90210943814994,0.0344052778775914,0.84403365309817,0.879042220066246,0.89455392784415,0.912203541946399,0.92654639970368,0.956793338516572
Austria,2021-09-13,,estimate,0.888006061199702,0.887212952332541,0.0348890362462314,0.827489998985129,0.864363143639358,0.879327667817968,0.89717174907552,0.912499338916544,0.943049222569163
Austria,2021-09-14,,estimate,0.880224172767016,0.879318018160469,0.0346630727451254,0.819928536571556,0.856380516416171,0.8711183185443,0.889052044300846,0.903538284842513,0.935545973728265
Austria,2021-09-15,,estimate,0.879806645947515,0.878528810700063,0.0337811707682241,0.820148961253196,0.856796872124163,0.871091567301083,0.887491908453324,0.901513887085041,0.933033025384379
Austria,2021-09-16,,estimate,0.885402010994854,0.884565703768863,0.0325516378183387,0.829480385851869,0.863367914493111,0.877333577558036,0.893064866419241,0.905969276635397,0.937924361131921
Austria,2021-09-17,,estimate,0.897227942419583,0.896779067148268,0.0314799832028253,0.844089565932808,0.876439405834299,0.889604391910454,0.904432511464635,0.917301872616702,0.948063911847035
Austria,2021-09-18,,estimate,0.914029326042787,0.914163727208538,0.031117535263848,0.862864257656227,0.89431025060376,0.906779071304839,0.921194058370648,0.934387924805717,0.965819226384162
Austria,2021-09-19,,estimate,0.934725120497801,0.935389212819516,0.0317933996720862,0.88437178741209,0.913821402844413,0.926960995709784,0.942741556596659,0.955669609202981,0.989009558947628
Austria,2021-09-20,,estimate,0.957594756725114,0.95886283126227,0.0333953152737986,0.906548358910774,0.93561608693438,0.949452072184304,0.966079324689343,0.979810915082296,1.01603565234999
Austria,2021-09-21,,estimate,0.981051906543752,0.982836555370248,0.0354273293948262,0.928445371563724,0.958365782486296,0.972193053229157,0.990181412880915,1.0056339542978,1.04412362640121
Austria,2021-09-22,,estimate,1.00317057319445,1.00555546269677,0.0372834480916684,0.948615845410705,0.97930257336116,0.99446951512553,1.01287344020851,1.02966253166175,1.06817200734325
Austria,2021-09-23,,estimate,1.02376692124648,1.02542916455936,0.0385001041268548,0.966514151895931,0.998174491895592,1.01396211523447,1.03346467438793,1.05045107729719,1.09025372252744
Austria,2021-09-24,,estimate,1.03995940283485,1.04119475749177,0.0388906177170304,0.982325486729059,1.01320381660147,1.0298706889823,1.04994982436731,1.06601603461718,1.10627289322094
Austria,2021-09-25,,estimate,1.05074487940422,1.05203638146049,0.0385823558252292,0.99323614289553,1.02459867955966,1.04056898946559,1.06034947032801,1.07683874446788,1.11744200940677
Austria,2021-09-26,,estimate,1.05679792344105,1.05763505623793,0.0379669187764253,0.999091436993229,1.03115167297158,1.04709435953062,1.06595038226701,1.08245569209167,1.1209136118992
Austria,2021-09-27,,estimate,1.05770855885732,1.05814056056104,0.0375395871780643,0.998864906004697,1.0326140428317,1.04839249216054,1.0665838467239,1.08206034430583,1.12067630120081
Austria,2021-09-28,,estimate,1.05377520086957,1.05407791405807,0.0376427273049503,0.994569514772251,1.0291223527749,1.04365199374271,1.06302967794308,1.07903022180055,1.11636399136628
Austria,2021-09-29,,estimate,1.0457864714776,1.0462165214498,0.0382607024084051,0.983561845511208,1.02083311446231,1.03613358394248,1.05618337781734,1.07217144676042,1.10947080880011
Austria,2021-09-30,,estimate,1.03538925000062,1.03543491273329,0.0390609539952318,0.970875059963476,1.01010842423899,1.0254086602641,1.04533111281477,1.06227704864538,1.09747410343246
Austria,2021-10-01,,estimate,1.02274425115081,1.02260802341595,0.0396804730222936,0.956097878161473,0.997150674459101,1.01318458524516,1.0331754360901,1.04965792939162,1.08679834722227
Austria,2021-10-02,,estimate,1.00920385751326,1.00853143665969,0.0400801449621511,0.942376378668993,0.982129518140379,0.998997736515945,1.01897392804016,1.03574183814042,1.07269995211896
Austria,2021-10-03,,estimate based on partial data,0.993909596608772,0.993883945549954,0.0408263128045137,0.925844707466189,0.967234465412865,0.983593975105818,1.00441413280894,1.02185326334305,1.06019732844988
Austria,2021-10-04,,estimate based on partial data,0.978856137484403,0.979220693747975,0.0431594982232514,0.907258429780235,0.950606292352263,0.968024560077811,0.989891652486957,1.00932280996771,1.04891385229761
Austria,2021-10-05,,estimate based on partial data,0.964286234380601,0.964985516764624,0.048582314671067,0.88472474151626,0.93210234364356,0.952403534729462,0.977478632794512,0.997760642701544,1.04420701364426
Austria,2021-10-06,,estimate based on partial data,0.951445366450588,0.951531853675413,0.0580430683525479,0.854748062654528,0.912476172867581,0.936564537086071,0.966325362135354,0.989515757467546,1.04766658051094
Austria,2021-10-07,,estimate based on partial data,0.939002200773027,0.939144518761644,0.0715626574664161,0.821610307285098,0.891532728023143,0.920863004429697,0.956169696459704,0.986527721472344,1.05975581123936
Austria,2021-10-08,,estimate based on partial data,0.925547334483576,0.928057734592467,0.088604770051001,0.782825475014044,0.870194939962297,0.904874409797296,0.948501070695924,0.985386566261429,1.07844148426972
Austria,2021-10-09,,estimate based on partial data,0.914232503951088,0.918467091306145,0.108529115870683,0.743542165715901,0.846655349319676,0.889321600475517,0.939498940646197,0.986727242685731,1.10382018740727
Austria,2021-10-10,,estimate based on partial data,0.90419138403416,0.910534479592538,0.130790838983879,0.703202525373945,0.822618653211088,0.873418069241103,0.932519513276336,0.992612808568033,1.13617733273948
Austria,2021-10-11,,estimate based on partial data,0.893719907961451,0.904386153942491,0.154981275212626,0.666329254547765,0.800764669344976,0.859452979010344,0.929734114232852,0.998866968290908,1.17549566038166
Austria,2021-10-12,,estimate based on partial data,0.885181958402578,0.900105507847569,0.180817556660903,0.629459625654019,0.778665164673918,0.845962541823863,0.92548239990869,1.0064908187802,1.21749389233807
Austria,2021-10-13,,estimate based on partial data,0.877989970091883,0.897723843374286,0.208121917553323,0.593873432633649,0.758777792224928,0.833636447503678,0.922704274286968,1.01704934370915,1.26162964700288
Austria,2021-10-14,,forecast,0.877989970091883,0.897723843374286,0.208121917553323,0.593873432633649,0.758777792224928,0.833636447503678,0.922704274286968,1.01704934370915,1.26162964700288
Austria,2021-10-15,,forecast,0.877989970091883,0.897723843374286,0.208121917553323,0.593873432633649,0.758777792224928,0.833636447503678,0.922704274286968,1.01704934370915,1.26162964700288
Austria,2021-10-16,,forecast,0.877989970091883,0.897723843374286,0.208121917553323,0.593873432633649,0.758777792224928,0.833636447503678,0.922704274286968,1.01704934370915,1.26162964700288
Austria,2021-10-17,,forecast,0.877989970091883,0.897723843374286,0.208121917553323,0.593873432633649,0.758777792224928,0.833636447503678,0.922704274286968,1.01704934370915,1.26162964700288
Austria,2021-10-18,,forecast,0.877989970091883,0.897723843374286,0.208121917553323,0.593873432633649,0.758777792224928,0.833636447503678,0.922704274286968,1.01704934370915,1.26162964700288
Austria,2021-10-19,,forecast,0.877989970091883,0.897723843374286,0.208121917553323,0.593873432633649,0.758777792224928,0.833636447503678,0.922704274286968,1.01704934370915,1.26162964700288
Austria,2021-10-20,,forecast,0.877989970091883,0.897723843374286,0.208121917553323,0.593873432633649,0.758777792224928,0.833636447503678,0.922704274286968,1.01704934370915,1.26162964700288
Austria,2021-10-21,,forecast,0.877989970091883,0.897723843374286,0.208121917553323,0.593873432633649,0.758777792224928,0.833636447503678,0.922704274286968,1.01704934370915,1.26162964700288
Austria,2021-10-22,,forecast,0.877989970091883,0.897723843374286,0.208121917553323,0.593873432633649,0.758777792224928,0.833636447503678,0.922704274286968,1.01704934370915,1.26162964700288
Austria,2021-10-23,,forecast,0.877989970091883,0.897723843374286,0.208121917553323,0.593873432633649,0.758777792224928,0.833636447503678,0.922704274286968,1.01704934370915,1.26162964700288
Austria,2021-10-24,,forecast,0.877989970091883,0.897723843374286,0.208121917553323,0.593873432633649,0.758777792224928,0.833636447503678,0.922704274286968,1.01704934370915,1.26162964700288
Austria,2021-10-25,,forecast,0.877989970091883,0.897723843374286,0.208121917553323,0.593873432633649,0.758777792224928,0.833636447503678,0.922704274286968,1.01704934370915,1.26162964700288
Austria,2021-10-26,,forecast,0.877989970091883,0.897723843374286,0.208121917553323,0.593873432633649,0.758777792224928,0.833636447503678,0.922704274286968,1.01704934370915,1.26162964700288
Austria,2021-10-27,,forecast,0.877989970091883,0.897723843374286,0.208121917553323,0.593873432633649,0.758777792224928,0.833636447503678,0.922704274286968,1.01704934370915,1.26162964700288
Germany,2021-06-23,,estimate,0.878109238838107,0.878828323614198,0.0730065836060311,0.760637860085853,0.829930952813715,0.860303064581832,0.895732923811813,0.926551094682885,1.00183179275301
Germany,2021-06-24,,estimate,0.900575811548153,0.901674495290556,0.0629057068109424,0.800290808651898,0.85964050678752,0.885566332049892,0.915903418266278,0.942941563955598,1.00693183961318
Germany,2021-06-25,,estimate,0.926448883313219,0.927325334166788,0.0537704276571194,0.840602723204813,0.891815052439381,0.912358442120853,0.939675409295384,0.963390783534041,1.01645540837793
Germany,2021-06-26,,estimate,0.955043640670662,0.955657299201139,0.0457771473733488,0.88095539372461,0.924837004909743,0.943190986160623,0.966405753325254,0.986293391686636,1.03078307036387
Germany,2021-06-27,,estimate,0.985663934782175,0.986426050071904,0.0391018869925735,0.923280092681682,0.959407794337395,0.976439301677491,0.995999788715837,1.01286839398186,1.05175419515084
Germany,2021-06-28,,estimate,1.0183781392292,1.01925136907251,0.0338998030232628,0.964988941674937,0.996422626930746,1.01028575972797,1.02755912630227,1.04247042499163,1.07571215070803
Germany,2021-06-29,,estimate,1.05277176256756,1.05360707859864,0.0302574520377569,1.00403789437879,1.03339389835068,1.04599521149736,1.06118749000302,1.07395874826369,1.10347105063779
Germany,2021-06-30,,estimate,1.08913320444794,1.08881916835259,0.0281235417382244,1.04128206390996,1.07065926005489,1.08236904855462,1.09610668237421,1.10748106753798,1.13554506064116
Germany,2021-07-01,,estimate,1.12431317237622,1.12407560912686,0.0272694539772558,1.07847450654523,1.1066790136239,1.11800273391912,1.13129873691102,1.14250633506818,1.16776167827446
Germany,2021-07-02,,estimate,1.15863485172242,1.15845080099208,0.0273359874849004,1.1142847154261,1.14086983540183,1.15176560873406,1.16546366969712,1.17664063384074,1.20170737847504
Germany,2021-07-03,,estimate,1.19066033717686,1.19094613088892,0.0279384570854014,1.14582247345554,1.17255968296943,1.18372087317095,1.19799887165746,1.20935419268391,1.23557865098294
Germany,2021-07-04,,estimate,1.22018094928779,1.22054577755613,0.028748084398995,1.17429279175461,1.20128042664071,1.21273776555878,1.22759099463027,1.23906261015524,1.26834644035135
Germany,2021-07-05,,estimate,1.24575061178772,1.24628404440944,0.029518303836471,1.19891643025362,1.22600514795724,1.238033170271,1.25340146941794,1.26552875895631,1.29548882650958
Germany,2021-07-06,,estimate,1.26647255004795,1.26731769835556,0.0300792441634136,1.21887751252037,1.24704462808147,1.25862116713977,1.2745573457456,1.28754263612356,1.31662870386601
Germany,2021-07-07,,estimate,1.28209285332649,1.28299473997841,0.0303272182355615,1.23431944951412,1.26259666173543,1.27440171067237,1.28988123468014,1.30292062639635,1.33450574391981
Germany,2021-07-08,,estimate,1.29218860867949,1.29291037493087,0.0302198073407282,1.24425551028513,1.27242050313295,1.28511602006386,1.29965481997203,1.3123959833424,1.34438322736244
Germany,2021-07-09,,estimate,1.29632693465565,1.29694210285749,0.0297746757270272,1.24880856840778,1.27713995239933,1.28929628873924,1.30319059961955,1.31602760577193,1.34707426317512
Germany,2021-07-10,,estimate,1.29435601726307,1.29525877316668,0.0290643094230742,1.24828454336266,1.27574591932817,1.28734530318636,1.30132059808013,1.31411551489077,1.34439763772894
Germany,2021-07-11,,estimate,1.28770906619388,1.28830263749689,0.0281990780294746,1.24335196118703,1.26941861203405,1.28057907983942,1.29372150677987,1.3065461250615,1.33563499491178
Germany,2021-07-12,,estimate,1.27538347407323,1.2767478630026,0.0272977608189239,1.23367998001438,1.25857296735107,1.26911007779472,1.28209955643777,1.29385816151429,1.32396722178971
Germany,2021-07-13,,estimate,1.25988395289951,1.26144250696011,0.0264553118945757,1.22010172032873,1.24375560749699,1.25350994775453,1.26669031155026,1.27788372407214,1.30680515270885
Germany,2021-07-14,,estimate,1.24179009535812,1.24334272057963,0.0257242371681489,1.20382138751788,1.22598559160304,1.23615141125795,1.24821667490446,1.25947452899934,1.28676216463602
Germany,2021-07-15,,estimate,1.22264189894606,1.22344770671711,0.0251199266960853,1.18455187322701,1.20680227983474,1.21676996125267,1.22837758681999,1.23919202889924,1.26581661698018
Germany,2021-07-16,,estimate,1.20247422371544,1.20274213435593,0.0246433444072073,1.16281213856186,1.18656407151425,1.19630420509052,1.20830363276422,1.21855931922245,1.24418854803919
Germany,2021-07-17,,estimate,1.1820973395638,1.18215013712127,0.0243013321595045,1.14311584792896,1.16639083140304,1.17621147369873,1.18808830018394,1.19785201689574,1.22246336085603
Germany,2021-07-18,,estimate,1.16286965609988,1.16250249828378,0.0241079768205331,1.12236833298204,1.1468738673256,1.15687291795406,1.16879967947771,1.17850449314916,1.20268287782327
Germany,2021-07-19,,estimate,1.14461762803678,1.14451663733367,0.0240670256305465,1.10475603213734,1.12961275327899,1.13881564559913,1.15106946364504,1.1606411142982,1.18332258523537
Germany,2021-07-20,,estimate,1.1292718286318,1.12878767917269,0.0241513307237727,1.0887190465188,1.11328984085702,1.12311699249564,1.13527142467217,1.14467552839495,1.16803905182023
Germany,2021-07-21,,estimate,1.11606023246234,1.11578809754437,0.0242978317736125,1.07603379222465,1.10005784327613,1.11024730599529,1.12191741224145,1.13212319246534,1.15459883586816
Germany,2021-07-22,,estimate,1.10641860600537,1.10587304033383,0.0244239794959365,1.06548789858031,1.08989328750055,1.10016893619689,1.11212335536333,1.12227777295526,1.14580136548413
Germany,2021-07-23,,estimate,1.09972314714323,1.09928840466383,0.0244560600559926,1.05847100720038,1.08347284566391,1.093511179102,1.10559057476988,1.1154639279017,1.13878244725764
Germany,2021-07-24,,estimate,1.09647946741498,1.09617903779108,0.0243545806128465,1.05540671905467,1.08047643184309,1.09044541836436,1.10239038130075,1.11217429196718,1.13551318050624
Germany,2021-07-25,,estimate,1.09634268288382,1.09659508532412,0.0241267395029584,1.05718189259019,1.08111402245664,1.09059910357284,1.10277695403458,1.11213917766483,1.13560672446259
Germany,2021-07-26,,estimate,1.10070255009445,1.10049540591038,0.0238230583050986,1.06086903501112,1.08542250040752,1.09452787863656,1.10647052845859,1.11644768432778,1.13923271646603
Germany,2021-07-27,,estimate,1.10777947093867,1.10774796154806,0.0235200335054449,1.06818217985297,1.093055996285,1.10247650966964,1.11342331792598,1.12292378207414,1.14590222005612
Germany,2021-07-28,,estimate,1.11806811468581,1.11812799265836,0.0232943065885729,1.07831421050991,1.10323145019638,1.11293789206165,1.1237142924318,1.13301763178111,1.15643505873617
Germany,2021-07-29,,estimate,1.13137358651241,1.13131545460328,0.0231979901780888,1.09251809277545,1.11648219318709,1.12607998548995,1.13686080941322,1.14586855559148,1.16943844582796
Germany,2021-07-30,,estimate,1.14684666311514,1.14689356351637,0.0232468115196861,1.1095982626143,1.13208137643175,1.14139642587699,1.15249326233993,1.16173707598282,1.18568927359895
Germany,2021-07-31,,estimate,1.16432800362888,1.1643503895466,0.0234272973017467,1.12593372996478,1.14897407137966,1.15846494202229,1.16954829397203,1.17902945334708,1.20384187765054
Germany,2021-08-01,,estimate,1.18264861679576,1.18308530738887,0.0237167421235995,1.14560990973264,1.1671086729752,1.17718822022616,1.18828538945963,1.19808995879335,1.22334057820929
Germany,2021-08-02,,estimate,1.20214913617097,1.20242182356806,0.0240999209232979,1.165013840455,1.18591448240157,1.19572519173101,1.20782445856594,1.21815456528637,1.24333612781697
Germany,2021-08-03,,estimate,1.22099943343812,1.22162784458812,0.0245688034746989,1.18355353437244,1.20474074902354,1.21467261237426,1.22732262731094,1.2377867304445,1.26293280572038
Germany,2021-08-04,,estimate,1.23960786034908,1.23994375260998,0.0251051462821883,1.20014243300268,1.22250764579235,1.2326918096731,1.24571401313273,1.25672421310874,1.28234907393205
Germany,2021-08-05,,estimate,1.25601640886274,1.25661762253579,0.0256607730361828,1.2161007116446,1.23919951215272,1.24939675392013,1.26225315497681,1.27320004855607,1.30043357885414
Germany,2021-08-06,,estimate,1.26992314223315,1.2709455595998,0.0261542316634344,1.22876574387239,1.25336852719312,1.26375006815865,1.27611154085389,1.28783290694182,1.31595462931197
Germany,2021-08-07,,estimate,1.28101356933341,1.28231368801325,0.026490930681716,1.23969926478746,1.2648861542191,1.27489022400096,1.2874309107827,1.29873337486487,1.32802910590126
Germany,2021-08-08,,estimate,1.28855965706678,1.290237210589,0.0265967591601291,1.24858235574326,1.27307414053653,1.28269283297898,1.29504763197088,1.30670192314093,1.33655507890383
Germany,2021-08-09,,estimate,1.29282822340267,1.29439165006309,0.0264469562381237,1.25360399887896,1.27693624103781,1.28669979172162,1.29925507703685,1.31110714841592,1.34002244822655
Germany,2021-08-10,,estimate,1.2931119586937,1.29463212032086,0.0260767561229305,1.25476404337842,1.27655323519549,1.28717055277071,1.29991781278894,1.3111440705071,1.33988300079459
Germany,2021-08-11,,estimate,1.29009197711944,1.2909981250585,0.0255717900221196,1.25178477305504,1.27339932707423,1.28367873310965,1.29615357322666,1.30713899559132,1.33541712012314
Germany,2021-08-12,,estimate,1.28290107345908,1.28370348010705,0.0250457797226919,1.24435131547791,1.26631524535641,1.27662030630871,1.28927802380888,1.29952488518195,1.32623950898624
Germany,2021-08-13,,estimate,1.27256803415948,1.27311295258959,0.0246148565758649,1.23421539885962,1.25636754031684,1.26610999224131,1.27897216814922,1.28884496457276,1.31445375840496
Germany,2021-08-14,,estimate,1.2594220683966,1.2597087154736,0.0243724846406255,1.22020853711862,1.24347115705278,1.25339723502566,1.2656079739738,1.27578939643969,1.29960229614583
Germany,2021-08-15,,estimate,1.24422139536641,1.24405058927286,0.0243650092095999,1.20443417095652,1.22782670001588,1.23836328330869,1.24976868277007,1.25975026197855,1.28331055209506
Germany,2021-08-16,,estimate,1.22708925057007,1.22673430442104,0.0245726292844932,1.18675906084001,1.2107752630459,1.22103415919903,1.23298181245193,1.24280471105207,1.26684374741385
Germany,2021-08-17,,estimate,1.20916628538317,1.20835172847571,0.0249072433913723,1.16664370257882,1.19213646127378,1.20274507077193,1.21500450123302,1.22511725074836,1.24951235634564
Germany,2021-08-18,,estimate,1.1903236682705,1.18945623438174,0.0252337744830783,1.14687568416243,1.1731034930977,1.18383068452187,1.19651436856627,1.20644641828385,1.22920819271153
Germany,2021-08-19,,estimate,1.17154218719729,1.17053527768305,0.0254078356934439,1.12787591974771,1.15404469030259,1.16501605350579,1.1777630006326,1.18758869190308,1.21143460299842
Germany,2021-08-20,,estimate,1.1527045518466,1.15199103481497,0.0253153344458148,1.10967600770487,1.13559367111824,1.14629006803571,1.15903295190777,1.169139429316,1.19190613777919
Germany,2021-08-21,,estimate,1.13464905759097,1.13412890654785,0.0249034066109016,1.09237537822863,1.11859956626035,1.12837400674136,1.1409571740244,1.15088004197788,1.17414626804848
Germany,2021-08-22,,estimate,1.11763657077803,1.11715302694482,0.0241986244375733,1.07641022048029,1.10188615613069,1.111828559688,1.12382800467177,1.13363693717073,1.15608404540181
Germany,2021-08-23,,estimate,1.10179188654767,1.10116771526292,0.0233109030149124,1.06179475796702,1.08604524661834,1.09620743413257,1.10753687468902,1.1167749684078,1.13769714777597
Germany,2021-08-24,,estimate,1.08653259035269,1.08618398011804,0.0224193904701677,1.04875556578467,1.07166737586024,1.08120848153617,1.09212657199179,1.10087857552006,1.12140621258657
Germany,2021-08-25,,estimate,1.07224688347687,1.07213052617689,0.021733529439714,1.03640344598062,1.05830552287255,1.06707153119601,1.07742424549915,1.08628117358827,1.10737067102749
Germany,2021-08-26,,estimate,1.05855222279728,1.05886898411705,0.0214275078370576,1.02359597626335,1.04507775870122,1.05362685021717,1.06344733146854,1.07246640041782,1.094622894862
Germany,2021-08-27,,estimate,1.04550683223406,1.04621310420987,0.0215690100429307,1.01187916653682,1.0322617606709,1.04031466393452,1.05099473766076,1.05946000241752,1.08286431237928
Germany,2021-08-28,,estimate,1.03284493529884,1.03395136372734,0.0220866392408301,0.999954564992527,1.01959807609773,1.02786734433989,1.03827732323261,1.04741292453639,1.07195434919628
Germany,2021-08-29,,estimate,1.02073413827106,1.02187191131393,0.0228012676145707,0.986603166051536,1.00669620680774,1.01533348389737,1.02630490183821,1.03593701381487,1.06070602657508
Germany,2021-08-30,,estimate,1.00837998194801,1.00978817157267,0.0234947987348731,0.973521025082124,0.994152407941625,1.00287255795025,1.01422225608562,1.02420869041988,1.04993518656885
Germany,2021-08-31,,estimate,0.995908909946708,0.997562946544893,0.0239726787883218,0.960226220671975,0.981389671072059,0.990238950311486,1.00203486680307,1.01276844772395,1.03922608534618
Germany,2021-09-01,,estimate,0.983191824674947,0.985128623217525,0.0241024777443561,0.947423195052839,0.968749366907791,0.977722630515778,0.989800830105225,1.00013936916702,1.02765143442971
Germany,2021-09-02,,estimate,0.970964061971912,0.972501207474539,0.023834325128368,0.936046157610913,0.956531445610652,0.965000262169263,0.977137723518849,0.987212632496987,1.01413479212996
Germany,2021-09-03,,estimate,0.958204676052216,0.959786381728907,0.0232118775166882,0.924316789018396,0.944123472292031,0.952789596649901,0.964350015334625,0.974158606739696,0.999551332440907
Germany,2021-09-04,,estimate,0.946262420824564,0.947176614814578,0.0223743670651032,0.913150145006002,0.931892527019421,0.940492516970604,0.951919797508447,0.961264887408361,0.984986880039627
Germany,2021-09-05,,estimate,0.934319744913619,0.934939468880542,0.0215401330966094,0.900689138482961,0.920576551258731,0.92905319860163,0.939630136286813,0.948628307543948,0.971476479852553
Germany,2021-09-06,,estimate,0.923394282637749,0.923398473618939,0.0209560379033748,0.889552704280678,0.909548853667671,0.91799444286592,0.92852632081002,0.93677478294032,0.957855125149576
Germany,2021-09-07,,estimate,0.913016434579943,0.91290898536945,0.0208091837440832,0.87860706442758,0.89971140924806,0.907854357415552,0.918086083524277,0.926334355764264,0.946919558156577
Germany,2021-09-08,,estimate,0.903975179090468,0.903832006075495,0.0211389335077665,0.868636907938295,0.890821774759827,0.898869109063717,0.909483452243965,0.917788753259977,0.938110789321079
Germany,2021-09-09,,estimate,0.8968763005434,0.896508823939146,0.0218169338771581,0.859709209056067,0.882794963872509,0.891681916482801,0.90251007229397,0.911325498122462,0.930779376611216
Germany,2021-09-10,,estimate,0.892031751569467,0.891238617625593,0.022613407065952,0.852742917600336,0.876877157830547,0.886384168289274,0.89781265031812,0.906598445507378,0.926481184360948
Germany,2021-09-11,,estimate,0.889594732329642,0.888260132157378,0.0232926950111754,0.848673567785912,0.873359610364904,0.883435685134729,0.89512496814961,0.90425324752839,0.924857115776208
Germany,2021-09-12,,estimate,0.888939412157698,0.887737572455508,0.0236817146107262,0.846335671664143,0.872632045216511,0.883118022729687,0.894953016273089,0.904096139147935,0.924333098495999
Germany,2021-09-13,,estimate,0.89090814959897,0.889750276839942,0.0237010568511521,0.848648065957234,0.874398926450082,0.884775388200503,0.896995893950864,0.906380025279611,0.926437529420423
Germany,2021-09-14,,estimate,0.895294355698453,0.894285647780554,0.0233719415839988,0.853539151054583,0.879200956556567,0.889204504675919,0.901550490055907,0.910666646219504,0.930360349226699
Germany,2021-09-15,,estimate,0.902279671835209,0.901235152924349,0.0228093971447607,0.862549402044825,0.88604809517502,0.896298069149247,0.907809388744532,0.917231517209441,0.937224495104039
Germany,2021-09-16,,estimate,0.911156707359383,0.910393750868998,0.0222016669159796,0.873521793263684,0.895658330240535,0.905253917740165,0.916594456683782,0.925689503244691,0.945238331584633
Germany,2021-09-17,,estimate,0.921905334377999,0.921463576450838,0.0217683501442496,0.885269981293974,0.906841916107811,0.916397860955065,0.927394111317723,0.936231661707582,0.956576572143205
Germany,2021-09-18,,estimate,0.934124853206816,0.934062900737158,0.0216942691225511,0.898622405821901,0.919396657223763,0.928769554603034,0.939570189033741,0.948375206277654,0.96939985544026
Germany,2021-09-19,,estimate,0.947165407019502,0.947741118087671,0.0220599199119212,0.91306015933136,0.933015282282387,0.941709136346074,0.952741714214106,0.961715550087518,0.984679751144873
Germany,2021-09-20,,estimate,0.961276991940245,0.961999807149387,0.0228122132021768,0.926091190402753,0.946929349900027,0.955979122508792,0.966301016873843,0.976787328661885,1.00040981501063
Germany,2021-09-21,,estimate,0.975564664254598,0.976318918671497,0.0237980134522699,0.938887000230661,0.960514371667773,0.969698348568514,0.981246998715542,0.991083129388521,1.01708502267109
Germany,2021-09-22,,estimate,0.989571278385925,0.990186120419735,0.0248317523253385,0.951224444441809,0.973528226308212,0.983471553156892,0.995417681805164,1.00571810211061,1.03258190364169
Germany,2021-09-23,,estimate,1.00223206466321,1.00312655239109,0.0257528777108623,0.962355840329586,0.98571987673429,0.995899491659779,1.00897608001519,1.01928499804609,1.04715058565133
Germany,2021-09-24,,estimate,1.01344201386254,1.01472991675373,0.0264544152493735,0.972606223692798,0.99664621222589,1.00730778080152,1.02053501334519,1.03175636934967,1.06013952921238
Germany,2021-09-25,,estimate,1.02340260417377,1.02467203809031,0.0268872061725087,0.982228095707687,1.00603835673599,1.01687453221097,1.03019159793118,1.04234632289715,1.07036324507753
Germany,2021-09-26,,estimate,1.03119796154351,1.03272876040737,0.0270504719335458,0.989909269680645,1.01409148438305,1.02520771323635,1.0384336464371,1.05073888901495,1.07921813735318
Germany,2021-09-27,,estimate,1.03757201667781,1.03878117069039,0.0269785833191439,0.996967182478758,1.01993184399594,1.03097171215764,1.04396192239129,1.05686163999996,1.08596820322068
Germany,2021-09-28,,estimate,1.04158863205676,1.04281242371446,0.026734045406064,1.00077542955051,1.02466750117524,1.03509496889731,1.04816611903243,1.05991449765327,1.08870639001195
Germany,2021-09-29,,estimate,1.04374141825862,1.04489759011241,0.0264172560292397,1.0030417924686,1.02717056140612,1.03736314286279,1.05046706359962,1.0621165586244,1.09001210654776
Germany,2021-09-30,,estimate,1.04451728284789,1.04518868144439,0.0261998394882578,1.0029972170714,1.02771694306331,1.03845198460542,1.05086578206211,1.06233516635572,1.08941396157467
Germany,2021-10-01,,estimate,1.04352492040785,1.04389717834742,0.0263737162987858,1.00091546310053,1.02644133983896,1.0370526901912,1.05026305633435,1.06104485054085,1.08773032125519
Germany,2021-10-02,,estimate,1.04146811283544,1.04127605653336,0.0273765519803594,0.996199278303155,1.0227860301895,1.0344811286359,1.04805036621207,1.05930365229732,1.0854939903186
Germany,2021-10-03,,estimate based on partial data,1.03745752394698,1.03760269575754,0.0297248121472813,0.989540872217865,1.01786256849796,1.03046202674486,1.04501573490115,1.05738044906942,1.08545489667874
Germany,2021-10-04,,estimate based on partial data,1.03302441569556,1.03316345113862,0.0338391658339214,0.977984852920915,1.01087851887164,1.02456186962954,1.04097947979694,1.05563746013923,1.08796659860681
Germany,2021-10-05,,estimate based on partial data,1.02779717115029,1.02824027015652,0.0398936570575897,0.963146891728806,1.00138522924933,1.01768927921226,1.03824787173212,1.05415518151819,1.09416297121591
Germany,2021-10-06,,estimate based on partial data,1.02257911723184,1.02309959564501,0.0478211756841498,0.945061500064942,0.99023588530637,1.0108072143413,1.03567700173851,1.0547049309653,1.10270485484989
Germany,2021-10-07,,estimate based on partial data,1.01721973972081,1.01798378838149,0.0574215922317983,0.924523049095349,0.978913526193339,1.00323985586882,1.03227114002505,1.05639014395681,1.11432953301735
Germany,2021-10-08,,estimate based on partial data,1.0125134934221,1.01310524591054,0.0684584307958239,0.902262093027734,0.966576136894907,0.994726585922771,1.02865354014593,1.0580775402207,1.12714188324425
Germany,2021-10-09,,estimate based on partial data,1.00695234799497,1.00864316437842,0.0807101149060079,0.87865410885024,0.954431217202108,0.986275334227207,1.02710864991565,1.0616397433096,1.1433899812312
Germany,2021-10-10,,estimate based on partial data,1.00182110647357,1.00474252730705,0.0939901705776302,0.856025670193958,0.942350853913141,0.977861358322323,1.02529514034122,1.06549287414095,1.1624650893847
Germany,2021-10-11,,estimate based on partial data,0.996427196138318,1.00151460135911,0.108150933000764,0.832094438557266,0.929250463004585,0.970561810147149,1.0247125633687,1.06989847666699,1.18297346665481
Germany,2021-10-12,,estimate based on partial data,0.993017253105861,0.999038186840835,0.123077926638556,0.807193380695034,0.917193574204391,0.963406357157813,1.02381140183586,1.07726258109143,1.20788614991625
Germany,2021-10-13,,estimate based on partial data,0.989987033844144,0.997361173189419,0.138679692875249,0.780330446652442,0.904088222967967,0.955872781052593,1.02518905560096,1.0840653337401,1.23313942323561
Germany,2021-10-14,,forecast,0.989987033844144,0.997361173189419,0.138679692875249,0.780330446652442,0.904088222967967,0.955872781052593,1.02518905560096,1.0840653337401,1.23313942323561
Germany,2021-10-15,,forecast,0.989987033844144,0.997361173189419,0.138679692875249,0.780330446652442,0.904088222967967,0.955872781052593,1.02518905560096,1.0840653337401,1.23313942323561
Germany,2021-10-16,,forecast,0.989987033844144,0.997361173189419,0.138679692875249,0.780330446652442,0.904088222967967,0.955872781052593,1.02518905560096,1.0840653337401,1.23313942323561
Germany,2021-10-17,,forecast,0.989987033844144,0.997361173189419,0.138679692875249,0.780330446652442,0.904088222967967,0.955872781052593,1.02518905560096,1.0840653337401,1.23313942323561
Germany,2021-10-18,,forecast,0.989987033844144,0.997361173189419,0.138679692875249,0.780330446652442,0.904088222967967,0.955872781052593,1.02518905560096,1.0840653337401,1.23313942323561
Germany,2021-10-19,,forecast,0.989987033844144,0.997361173189419,0.138679692875249,0.780330446652442,0.904088222967967,0.955872781052593,1.02518905560096,1.0840653337401,1.23313942323561
Germany,2021-10-20,,forecast,0.989987033844144,0.997361173189419,0.138679692875249,0.780330446652442,0.904088222967967,0.955872781052593,1.02518905560096,1.0840653337401,1.23313942323561
Germany,2021-10-21,,forecast,0.989987033844144,0.997361173189419,0.138679692875249,0.780330446652442,0.904088222967967,0.955872781052593,1.02518905560096,1.0840653337401,1.23313942323561
Germany,2021-10-22,,forecast,0.989987033844144,0.997361173189419,0.138679692875249,0.780330446652442,0.904088222967967,0.955872781052593,1.02518905560096,1.0840653337401,1.23313942323561
Germany,2021-10-23,,forecast,0.989987033844144,0.997361173189419,0.138679692875249,0.780330446652442,0.904088222967967,0.955872781052593,1.02518905560096,1.0840653337401,1.23313942323561
Germany,2021-10-24,,forecast,0.989987033844144,0.997361173189419,0.138679692875249,0.780330446652442,0.904088222967967,0.955872781052593,1.02518905560096,1.0840653337401,1.23313942323561
Germany,2021-10-25,,forecast,0.989987033844144,0.997361173189419,0.138679692875249,0.780330446652442,0.904088222967967,0.955872781052593,1.02518905560096,1.0840653337401,1.23313942323561
Germany,2021-10-26,,forecast,0.989987033844144,0.997361173189419,0.138679692875249,0.780330446652442,0.904088222967967,0.955872781052593,1.02518905560096,1.0840653337401,1.23313942323561
Germany,2021-10-27,,forecast,0.989987033844144,0.997361173189419,0.138679692875249,0.780330446652442,0.904088222967967,0.955872781052593,1.02518905560096,1.0840653337401,1.23313942323561
Switzerland,2021-06-23,,estimate,1.26129955396496,1.25418622893316,0.139015732980728,1.01764490993389,1.1611784151596,1.22599257386348,1.29584296831185,1.35253247816812,1.47299198208657
Switzerland,2021-06-24,,estimate,1.27797394046578,1.27316560504709,0.121479017569981,1.06763817969152,1.19218308017771,1.24832578449112,1.30890978838618,1.35779493080975,1.46430236333727
Switzerland,2021-06-25,,estimate,1.29772232898618,1.29300542763177,0.105020278085653,1.11877417200142,1.22236692088705,1.26983506454986,1.32230782069548,1.36420893527157,1.46251814945416
Switzerland,2021-06-26,,estimate,1.31697205932798,1.31305810627626,0.0903808129673297,1.16271422902073,1.25226056435585,1.29140940114987,1.33717788837089,1.37278564387456,1.46124988593182
Switzerland,2021-06-27,,estimate,1.33379638479484,1.33257831115612,0.0784874872872344,1.20446894184775,1.27861730839585,1.31318789236976,1.35197526019928,1.38397198252939,1.46193038471005
Switzerland,2021-06-28,,estimate,1.3486951235761,1.35075600740145,0.0702789011090384,1.24132176512005,1.30430687777113,1.33203834912165,1.36636620600046,1.39637059768677,1.46811394489457
Switzerland,2021-06-29,,estimate,1.36385036601726,1.36675975673606,0.0662478132214092,1.2649372971421,1.32306980661886,1.34830708362279,1.37814645211865,1.40834558909293,1.47992706602928
Switzerland,2021-06-30,,estimate,1.37441996496297,1.37978803211876,0.0659336990460339,1.27813463510884,1.33530948202551,1.35923472896439,1.39236564950528,1.41951065442455,1.49328856581925
Switzerland,2021-07-01,,estimate,1.38234094277446,1.38912471227895,0.0679926950758919,1.28585744238803,1.34142786171821,1.36725151763056,1.40018693609982,1.43127629661036,1.50970638268121
Switzerland,2021-07-02,,estimate,1.38687984002374,1.39419307801903,0.0708534086114239,1.28913999613985,1.34384362445811,1.36951629575187,1.40503679876537,1.43914218635419,1.52139187886011
Switzerland,2021-07-03,,estimate,1.38728289028353,1.39460148094085,0.0732643018246078,1.28738123115973,1.34060995810793,1.36848843153478,1.40692855562932,1.44148552952935,1.524842074805
Switzerland,2021-07-04,,estimate,1.38276792011912,1.39017439174905,0.0744494253887112,1.2819258435095,1.33488694763866,1.36227200649946,1.40226677704993,1.43714011937603,1.52536819148412
Switzerland,2021-07-05,,estimate,1.37311971372895,1.3809649143329,0.0740515656722343,1.27454199539492,1.32503078651202,1.35334069770075,1.39290771052359,1.42831422197829,1.51454457849836
Switzerland,2021-07-06,,estimate,1.35858177678061,1.36724817660447,0.0720340273082313,1.26409495499698,1.31252178850141,1.34095071247385,1.37891192044604,1.41192571734946,1.49951009765008
Switzerland,2021-07-07,,estimate,1.34145828838685,1.34949799877251,0.0686030764390634,1.25131056905171,1.29776906058459,1.32439884937749,1.36063698490927,1.3922396153947,1.47396470124305
Switzerland,2021-07-08,,estimate,1.32177827545103,1.32835108210945,0.0641608370047367,1.23609958953902,1.28124552383223,1.30570482317757,1.33770464840328,1.36697217163483,1.44643760613633
Switzerland,2021-07-09,,estimate,1.29810428039966,1.3045636095828,0.0592800587841737,1.21873537292572,1.26285369985445,1.28367147665163,1.31310864810588,1.34044372355179,1.41059529945356
Switzerland,2021-07-10,,estimate,1.2742999543723,1.27896502061177,0.0546767164494091,1.19907053633251,1.24135642161828,1.26174693629816,1.28767406108774,1.31261539434851,1.37480066729954
Switzerland,2021-07-11,,estimate,1.25073439638512,1.25241323545345,0.0511313832047556,1.17405348844281,1.21888069342291,1.23861565076366,1.26214788111225,1.28394610493377,1.33785218078658
Switzerland,2021-07-12,,estimate,1.22594838174204,1.22575492159686,0.0493010377070048,1.14606998854054,1.19498968680288,1.21385357079972,1.23747068260021,1.25630914011709,1.30343485275285
Switzerland,2021-07-13,,estimate,1.20104483321282,1.1997934369384,0.0494548356790792,1.11740841541463,1.16905029358496,1.19013242007959,1.21287643448145,1.23261239723322,1.27513113513074
Switzerland,2021-07-14,,estimate,1.17824366921492,1.17526574994409,0.0513437231083868,1.08760609807448,1.14317998868276,1.16482284476874,1.19009942255074,1.2106940768845,1.25249459499564
Switzerland,2021-07-15,,estimate,1.15725193490372,1.15282803841121,0.0543595032625732,1.0600607239029,1.11690988691644,1.14184470259833,1.17002638061883,1.19226808196711,1.23334460459628
Switzerland,2021-07-16,,estimate,1.13729091743135,1.13304820647557,0.0578229322192927,1.03215656707023,1.09424806548638,1.12153654796185,1.15187870168989,1.17494716269202,1.22017881942586
Switzerland,2021-07-17,,estimate,1.12138573865389,1.11640273856517,0.061167736790297,1.00962231345102,1.07527142109232,1.10385831279917,1.13617318950666,1.16157529000692,1.21055831088161
Switzerland,2021-07-18,,estimate,1.10688598374206,1.10327539978644,0.0639810168314943,0.991368702721725,1.06054079574312,1.08943670427571,1.12433603177842,1.15059324784701,1.20190138755673
Switzerland,2021-07-19,,estimate,1.0970783179469,1.09395609487888,0.0659729063496937,0.980066722265185,1.04861976141323,1.07999988468505,1.11635306216812,1.14338729475219,1.19598844770591
Switzerland,2021-07-20,,estimate,1.09232163135004,1.08863913474904,0.0669381075450853,0.970720828156734,1.04343528773347,1.07415572018129,1.11120869905448,1.13959520555286,1.19180160164821
Switzerland,2021-07-21,,estimate,1.09162408271723,1.08742067502281,0.066736960058938,0.970185299849933,1.04254902590576,1.07351042277253,1.11019439497658,1.13681515201265,1.19001872089875
Switzerland,2021-07-22,,estimate,1.09519152867422,1.09029504341721,0.0653018619947048,0.976250992399773,1.04608123682501,1.07715847829396,1.1127582969873,1.13872863045127,1.19049593684409
Switzerland,2021-07-23,,estimate,1.10250357473887,1.09714939545678,0.0626667452867925,0.986636987196371,1.05553851874612,1.08538088916106,1.11874653553622,1.14380902250797,1.19175031288959
Switzerland,2021-07-24,,estimate,1.11264386373642,1.1077561575733,0.0590175765072871,1.00304359012928,1.0689827678533,1.0977834212896,1.12889471039575,1.15157584362642,1.19484005174606
Switzerland,2021-07-25,,estimate,1.12702708827377,1.12176339616428,0.0547631530463085,1.02581455782237,1.08656607199271,1.11246943590749,1.14053178647503,1.16080094713275,1.20158031784273
Switzerland,2021-07-26,,estimate,1.14304563690247,1.13868460179466,0.0506132251385171,1.05042149383658,1.10724899981235,1.1303647298721,1.15469770869348,1.17314527333744,1.21419252830394
Switzerland,2021-07-27,,estimate,1.16004382811758,1.15789106599496,0.047593426228835,1.07659699409,1.12924305088675,1.14887915718849,1.17102742916742,1.18841150014285,1.23319596828123
Switzerland,2021-07-28,,estimate,1.17713407210651,1.17861148587756,0.0468153993643459,1.10435858387563,1.14983698566825,1.16715691920808,1.18808316447149,1.2076776622873,1.25718569397001
Switzerland,2021-07-29,,estimate,1.19577813611287,1.19994400642837,0.0488957095250499,1.1270357413055,1.16818014182854,1.18528017632133,1.20687225982319,1.22872580821191,1.28621917196685
Switzerland,2021-07-30,,estimate,1.21311739548712,1.22088506160969,0.0534871309518312,1.14534394766555,1.18309981152885,1.2015225835637,1.22788208035705,1.25219177706301,1.31687719193103
Switzerland,2021-07-31,,estimate,1.23002766963458,1.24037691264258,0.0595054393723643,1.15863418108659,1.196970789083,1.21644095186587,1.24668351284407,1.27739690402931,1.35140190492394
Switzerland,2021-08-01,,estimate,1.24647843210535,1.25737205105406,0.065700462019113,1.16785643647386,1.2084047601056,1.23049732601194,1.26418035374699,1.29882124681178,1.38269829932268
Switzerland,2021-08-02,,estimate,1.26033012409237,1.27090851519549,0.0710063892538726,1.17308337647217,1.21722931327789,1.24338111181903,1.27876114860963,1.31616460501857,1.40422055176275
Switzerland,2021-08-03,,estimate,1.26969150372392,1.28018681296584,0.0746481408633756,1.17639302302899,1.22367308117609,1.25217625354586,1.29047185921669,1.32622714234581,1.4159031741889
Switzerland,2021-08-04,,estimate,1.27606571983333,1.28463754316229,0.0761575835348718,1.1764459363443,1.22752473964713,1.25625249293391,1.29579130121708,1.33224195844463,1.42014715355725
Switzerland,2021-08-05,,estimate,1.27585474582867,1.28396943465626,0.0753732566645947,1.17577629615347,1.227307354818,1.25621781671918,1.29521500040393,1.33170057873123,1.41862676541972
Switzerland,2021-08-06,,estimate,1.27105465818038,1.27819024475716,0.0724380886201524,1.17294563873647,1.22390985991985,1.25157322611307,1.28952709567753,1.32440851475048,1.40932627788242
Switzerland,2021-08-07,,estimate,1.26173023702058,1.26759722897191,0.0677914742063215,1.16789903656944,1.21746298332331,1.24416206503669,1.27919504458638,1.30963797458663,1.38990057817958
Switzerland,2021-08-08,,estimate,1.2471937877771,1.25273894401918,0.0621454672936073,1.1611975624988,1.20729593450837,1.23199991552462,1.26366137743456,1.29191529939352,1.36374703206443
Switzerland,2021-08-09,,estimate,1.2299822348059,1.23435497820961,0.0564251928175217,1.14985481322093,1.19420035323849,1.21659270063725,1.24529434587573,1.26986009972003,1.33342937836632
Switzerland,2021-08-10,,estimate,1.21019907676024,1.21330360663676,0.051633416329443,1.1348672056331,1.17789054705214,1.19796262018071,1.22302439736958,1.24533049490815,1.30192246170541
Switzerland,2021-08-11,,estimate,1.18906195718218,1.19048831004507,0.0485895859309342,1.11570529387943,1.15761277901213,1.17741903174329,1.20086837788277,1.22131380764117,1.2714267653965
Switzerland,2021-08-12,,estimate,1.16671191608085,1.16679236920191,0.0475954218574624,1.08965253282159,1.13625117833726,1.15575199804187,1.17847819768003,1.19773527787144,1.24428327602509
Switzerland,2021-08-13,,estimate,1.1455203672526,1.14302722237627,0.0482946224490496,1.06002576819346,1.11250932454023,1.13375259355612,1.15645805608851,1.17468732529277,1.21848494156985
Switzerland,2021-08-14,,estimate,1.1239337975266,1.11989640795577,0.0499159288614436,1.03157146772863,1.08982113349185,1.11224825993963,1.13522523233156,1.15318433963564,1.19661547331398
Switzerland,2021-08-15,,estimate,1.10394049253879,1.09797393554446,0.0516623567542953,1.00548281905324,1.06679467342458,1.09086149104876,1.11506310446545,1.13315750506214,1.17525256948762
Switzerland,2021-08-16,,estimate,1.0842528473189,1.07769435522578,0.0529415533530861,0.981403322295329,1.04484560784354,1.07071888980988,1.09630010113458,1.11339390336841,1.15444122954411
Switzerland,2021-08-17,,estimate,1.06630156486623,1.05935147650455,0.0534128165229345,0.963569971131952,1.02584245743705,1.05207486432199,1.07851051527182,1.09664717531225,1.13590507986793
Switzerland,2021-08-18,,estimate,1.0493257575125,1.04310313954805,0.0529544179973503,0.947632768489088,1.01116897906357,1.03542611162337,1.0622003595648,1.08060523623608,1.1177439960285
Switzerland,2021-08-19,,estimate,1.03453436624227,1.0289801695578,0.0516200594948585,0.934733893652261,0.997826164460604,1.0212286156137,1.04734314802289,1.06563527962562,1.10162412714506
Switzerland,2021-08-20,,estimate,1.02208240308878,1.01689833217732,0.0496068068303646,0.927783551724458,0.986884837223877,1.00932056454914,1.0337847419374,1.05274715452809,1.0880015775581
Switzerland,2021-08-21,,estimate,1.01114289738267,1.00667262865016,0.0472349616836698,0.922160257841136,0.978119322635269,0.998582893273245,1.0224082287786,1.04014547407086,1.07571431782961
Switzerland,2021-08-22,,estimate,1.00014141679701,0.998033631761236,0.0449275123209268,0.919768167834241,0.970338680519468,0.98944910043535,1.01204948950681,1.02959880261675,1.0654308103224
Switzerland,2021-08-23,,estimate,0.992088921739041,0.990645844168754,0.0431603171746807,0.917030802547504,0.963084839804571,0.981652323228794,1.00290320288309,1.01944337866495,1.05744476196143
Switzerland,2021-08-24,,estimate,0.984332045278413,0.984128330596491,0.0423459993813978,0.913552232290941,0.95735338254223,0.974309153039219,0.994382066513502,1.01130984035822,1.05136076709577
Switzerland,2021-08-25,,estimate,0.976618344756044,0.978078083175912,0.0426603101337592,0.909699760979042,0.950615097171535,0.967529349992439,0.986667150862689,1.004617700886,1.0495476991954
Switzerland,2021-08-26,,estimate,0.970056797427796,0.972096467666524,0.0439213793926228,0.90425641390488,0.944239070083312,0.960220263811004,0.979388388033765,0.996575854284109,1.04890754804589
Switzerland,2021-08-27,,estimate,0.961736935589238,0.965818321561591,0.0456433701135232,0.896694786120525,0.936569298785676,0.952265840276822,0.972773827038422,0.990197527898764,1.04964935681749
Switzerland,2021-08-28,,estimate,0.953564718108201,0.95894175654382,0.0472332194959428,0.890768184245932,0.928910443967754,0.944049522636172,0.964248270353113,0.98370524775642,1.04491594611944
Switzerland,2021-08-29,,estimate,0.945877280068697,0.951254976614776,0.0481938019838146,0.882346241434251,0.920374102273105,0.935690556414921,0.955645912755333,0.975463500938429,1.03949503157065
Switzerland,2021-08-30,,estimate,0.936999143360102,0.942655464687629,0.04824912290888,0.873232605742917,0.911697152030595,0.927104378919402,0.947587408882346,0.966778496122592,1.03258478229184
Switzerland,2021-08-31,,estimate,0.928326150506144,0.933157570700342,0.0473847162067834,0.864899039590281,0.902972370504706,0.918545252176734,0.938167340058934,0.957941298498474,1.02049588033802
Switzerland,2021-09-01,,estimate,0.918707772964541,0.922886860357705,0.0458236656261793,0.854699056167763,0.893266332033599,0.908820349782386,0.929720898836578,0.947830962744844,1.0058171788049
Switzerland,2021-09-02,,estimate,0.908631396778942,0.91206259173823,0.0439578639263864,0.845407331043032,0.883876462331644,0.89916828251935,0.91989969212683,0.937666593936316,0.988726638729821
Switzerland,2021-09-03,,estimate,0.898872917499465,0.900972064833838,0.0422472901463379,0.835210814985111,0.874233531438875,0.889599182837335,0.908762329936948,0.927037405219489,0.972450126425433
Switzerland,2021-09-04,,estimate,0.88930093635163,0.889941515267139,0.0410977695481618,0.823294230133784,0.86386699952416,0.880287551843611,0.898912096155211,0.915304873392138,0.958390084147365
Switzerland,2021-09-05,,estimate,0.880366944186852,0.879307739636263,0.0407427121556958,0.81183781056847,0.853779871989114,0.870658142227983,0.889516954222722,0.905180896790601,0.944425740793255
Switzerland,2021-09-06,,estimate,0.871382589307412,0.869393373128371,0.0411795173282936,0.798418199674234,0.844349109262441,0.861962689048859,0.880377588662785,0.895806810417038,0.934119358160383
Switzerland,2021-09-07,,estimate,0.863390716654628,0.86048735885039,0.0421993656635715,0.787068463108593,0.835969861033887,0.853664346612292,0.872612868087708,0.887675601190207,0.924803086955271
Switzerland,2021-09-08,,estimate,0.856600112694681,0.852831021462041,0.0434857220211954,0.776158448305536,0.827690387789891,0.845858338158046,0.86626295402625,0.881762207229213,0.917741188715046
Switzerland,2021-09-09,,estimate,0.851023414749761,0.846609354109279,0.0447161601348483,0.767583201211923,0.82059928920222,0.839510962122997,0.861075672066933,0.876796841740068,0.911776193052303
Switzerland,2021-09-10,,estimate,0.846959570675907,0.841946588862183,0.0456272771529031,0.761066887998573,0.815483152280818,0.835637412752857,0.856919399834148,0.872764180795705,0.907830050656094
Switzerland,2021-09-11,,estimate,0.844421221239389,0.838904799441254,0.0460444399596968,0.756810685109015,0.812362573983794,0.833043948332853,0.854256420705087,0.869814174955665,0.903750804988191
Switzerland,2021-09-12,,estimate,0.842884235695718,0.837484183029335,0.0458944974461816,0.754565223580295,0.811266613410577,0.831813916529616,0.852808228775331,0.86742022519159,0.903447726230591
Switzerland,2021-09-13,,estimate,0.841807633265667,0.837623815061713,0.0452149455387333,0.755994192509075,0.811364292085512,0.831350854456328,0.851679298986189,0.866878429924503,0.903962945397526
Switzerland,2021-09-14,,estimate,0.842204368349808,0.839202084394427,0.0441623581453755,0.758997879152361,0.813653827756038,0.832142209124326,0.852006054803223,0.867471974710512,0.906231188912406
Switzerland,2021-09-15,,estimate,0.843600410134754,0.842036653819514,0.0430124870226093,0.765933894143133,0.816513672833257,0.834304563761632,0.852226057342,0.869342143983737,0.911382392677982
Switzerland,2021-09-16,,estimate,0.846082742135646,0.845884511151449,0.0421354025132396,0.773937079501688,0.820263051135361,0.836540253759772,0.85585013173275,0.871573478581061,0.915510624974201
Switzerland,2021-09-17,,estimate,0.849076564868279,0.850443258212435,0.0419254107806004,0.782881624157105,0.823925175033924,0.838918715386457,0.858912237955658,0.876195947752665,0.921543767187937
Switzerland,2021-09-18,,estimate,0.852594397514388,0.855355043185768,0.042682076149274,0.789845648438484,0.826976322723735,0.84318205382123,0.863377850612762,0.881390151778553,0.928402411698029
Switzerland,2021-09-19,,estimate,0.857205410766529,0.860214455163458,0.0444862545542029,0.792950402189023,0.829390775931612,0.846211141497705,0.867424541220011,0.886724267384303,0.938740046086621
Switzerland,2021-09-20,,estimate,0.860343588303569,0.864581399418677,0.0471494719669944,0.795983987287599,0.832318159151086,0.849200136054741,0.871749134318655,0.89206689631784,0.950904945219989
Switzerland,2021-09-21,,estimate,0.862885450018366,0.867999569519343,0.0502682608381592,0.795366607266894,0.833199510157738,0.850994060359014,0.874576112024655,0.896462853183201,0.959967576199714
Switzerland,2021-09-22,,estimate,0.8631988768351,0.870020584380544,0.0533346743961034,0.794380730606837,0.833227763597393,0.850712364190523,0.876862916121658,0.899983110956735,0.971260864454342
Switzerland,2021-09-23,,estimate,0.861991474768786,0.870233012815099,0.0558434954830244,0.792944610469342,0.832248560848077,0.849685052598656,0.876567524431665,0.90135685830316,0.975521513836283
Switzerland,2021-09-24,,estimate,0.859667733245889,0.868294273012391,0.0573800242485068,0.789353468585052,0.828848730320168,0.846705643929477,0.873519434263341,0.900247275680201,0.975348388815932
Switzerland,2021-09-25,,estimate,0.855297679867324,0.863961917772969,0.0577007319120585,0.783948524614487,0.824646345806661,0.842944162191142,0.867986512279903,0.895671221730413,0.97065109319908
Switzerland,2021-09-26,,estimate,0.848903624284658,0.857119592595382,0.0568183514217553,0.777516254679094,0.81840358128493,0.837644209754389,0.862708124116192,0.887827607492637,0.962137681631817
Switzerland,2021-09-27,,estimate,0.841674224711275,0.847792709453709,0.0550889257216514,0.767864994907204,0.810879909108155,0.83015787500928,0.854569140090893,0.878667830810083,0.947163572105272
Switzerland,2021-09-28,,estimate,0.831900165042834,0.836150156903458,0.0532726905154721,0.755665876378229,0.801028042315124,0.819860231055686,0.844501343035305,0.867407555116844,0.929632695185166
Switzerland,2021-09-29,,estimate,0.820745052358407,0.82249102758277,0.0524854488789409,0.73982642439896,0.788210272067605,0.808007699735617,0.83302806398849,0.853883735778979,0.911357668229397
Switzerland,2021-09-30,,estimate,0.806831787581266,0.807218441716862,0.0539016254411163,0.721523991328219,0.772961695395555,0.794533664429205,0.819758899440829,0.841053463881208,0.896744796104858
Switzerland,2021-10-01,,estimate,0.792435495026304,0.790804836669977,0.0582292434197532,0.693842846719353,0.753725930906088,0.778492339675516,0.805296144847318,0.828118778996148,0.885350562347349
Switzerland,2021-10-02,,estimate,0.776834093566595,0.773753860536439,0.065390513776644,0.663251238940013,0.731462366734821,0.760703635899663,0.791933602513028,0.817384663631727,0.877321735004166
Switzerland,2021-10-03,,estimate based on partial data,0.760875166437344,0.756563483984379,0.0747353411239958,0.628930345955559,0.708536224953777,0.740898840840403,0.7792944820279,0.808327751283033,0.873669930448463
Switzerland,2021-10-04,,estimate based on partial data,0.746896525839244,0.73969392343995,0.0854623942037538,0.592408073462209,0.683071434549726,0.722171660672469,0.767545756981654,0.79884753808499,0.872814527725982
Switzerland,2021-10-05,,estimate based on partial data,0.732172578333306,0.723543006035946,0.0968726654076876,0.556317697350149,0.660902910941911,0.706431388276883,0.75632133465934,0.791354159355132,0.871208989183952
Switzerland,2021-10-06,,estimate based on partial data,0.717930848597643,0.708430643661579,0.108441678773104,0.521070958042951,0.636739992858061,0.690362649742545,0.744623778773233,0.785011001076212,0.872562176821671
Switzerland,2021-10-07,,estimate based on partial data,0.705982856868751,0.694592830308623,0.119814408566209,0.485699379242089,0.615797873341877,0.676841687873376,0.735285321057589,0.779523650142681,0.874646398227375
Switzerland,2021-10-08,,estimate based on partial data,0.695329966468341,0.682184086573102,0.130780105347436,0.447567185280888,0.598627375744865,0.663801474627535,0.72735727432678,0.775391226987999,0.876364500459932
Switzerland,2021-10-09,,estimate based on partial data,0.68632110803897,0.671286008047029,0.141243403952422,0.419489935378772,0.58039605176673,0.649505505960742,0.721458054656764,0.772647569093744,0.880999392880802
Switzerland,2021-10-10,,estimate based on partial data,0.676919208645062,0.661919001746815,0.151194955604097,0.393794511612153,0.56400769874587,0.636201994406634,0.714879943478758,0.769525087230865,0.882621298667531
Switzerland,2021-10-11,,estimate based on partial data,0.668966378385936,0.654054560951588,0.160682909644753,0.367975899694472,0.549534388035235,0.626547334611918,0.710419501520763,0.768862114180866,0.891953384404542
Switzerland,2021-10-12,,estimate based on partial data,0.662750353795956,0.647626320879373,0.16978694636366,0.344397745055166,0.538359172899285,0.616813187173464,0.706203978903796,0.768863652124928,0.901795618456849
Switzerland,2021-10-13,,estimate based on partial data,0.65687733547623,0.642539248635195,0.17859677903524,0.32273244019958,0.527844048318391,0.608109683958659,0.703268879838999,0.769592577933369,0.91226379709836
Switzerland,2021-10-14,,forecast,0.65687733547623,0.642539248635195,0.17859677903524,0.32273244019958,0.527844048318391,0.608109683958659,0.703268879838999,0.769592577933369,0.91226379709836
Switzerland,2021-10-15,,forecast,0.65687733547623,0.642539248635195,0.17859677903524,0.32273244019958,0.527844048318391,0.608109683958659,0.703268879838999,0.769592577933369,0.91226379709836
Switzerland,2021-10-16,,forecast,0.65687733547623,0.642539248635195,0.17859677903524,0.32273244019958,0.527844048318391,0.608109683958659,0.703268879838999,0.769592577933369,0.91226379709836
Switzerland,2021-10-17,,forecast,0.65687733547623,0.642539248635195,0.17859677903524,0.32273244019958,0.527844048318391,0.608109683958659,0.703268879838999,0.769592577933369,0.91226379709836
Switzerland,2021-10-18,,forecast,0.65687733547623,0.642539248635195,0.17859677903524,0.32273244019958,0.527844048318391,0.608109683958659,0.703268879838999,0.769592577933369,0.91226379709836
Switzerland,2021-10-19,,forecast,0.65687733547623,0.642539248635195,0.17859677903524,0.32273244019958,0.527844048318391,0.608109683958659,0.703268879838999,0.769592577933369,0.91226379709836
Switzerland,2021-10-20,,forecast,0.65687733547623,0.642539248635195,0.17859677903524,0.32273244019958,0.527844048318391,0.608109683958659,0.703268879838999,0.769592577933369,0.91226379709836
Switzerland,2021-10-21,,forecast,0.65687733547623,0.642539248635195,0.17859677903524,0.32273244019958,0.527844048318391,0.608109683958659,0.703268879838999,0.769592577933369,0.91226379709836
Switzerland,2021-10-22,,forecast,0.65687733547623,0.642539248635195,0.17859677903524,0.32273244019958,0.527844048318391,0.608109683958659,0.703268879838999,0.769592577933369,0.91226379709836
Switzerland,2021-10-23,,forecast,0.65687733547623,0.642539248635195,0.17859677903524,0.32273244019958,0.527844048318391,0.608109683958659,0.703268879838999,0.769592577933369,0.91226379709836
Switzerland,2021-10-24,,forecast,0.65687733547623,0.642539248635195,0.17859677903524,0.32273244019958,0.527844048318391,0.608109683958659,0.703268879838999,0.769592577933369,0.91226379709836
Switzerland,2021-10-25,,forecast,0.65687733547623,0.642539248635195,0.17859677903524,0.32273244019958,0.527844048318391,0.608109683958659,0.703268879838999,0.769592577933369,0.91226379709836
Switzerland,2021-10-26,,forecast,0.65687733547623,0.642539248635195,0.17859677903524,0.32273244019958,0.527844048318391,0.608109683958659,0.703268879838999,0.769592577933369,0.91226379709836
Switzerland,2021-10-27,,forecast,0.65687733547623,0.642539248635195,0.17859677903524,0.32273244019958,0.527844048318391,0.608109683958659,0.703268879838999,0.769592577933369,0.91226379709836
