country,region,source,data_type,estimate_type,date,median_R_mean,median_R_highHPD,median_R_lowHPD,countryIso3
Germany,DEU,OWID,Deaths,Cori_slidingWindow,2020-03-12,2.18639927151157,2.5670629549098054,1.8057355881133343,DEU
Germany,DEU,OWID,Deaths,Cori_slidingWindow,2020-03-13,2.0218205381123338,2.3480081232306955,1.695632952993972,DEU
Germany,DEU,OWID,Deaths,Cori_slidingWindow,2020-03-14,1.8956638199338864,2.166705242130634,1.624622397737138,DEU
Germany,DEU,OWID,Deaths,Cori_slidingWindow,2020-03-15,1.7886179449207658,2.020021959726785,1.5572139301147463,DEU
Germany,DEU,OWID,Deaths,Cori_slidingWindow,2020-03-16,1.6864250257473663,1.898125580479069,1.4747244710156635,DEU
Germany,DEU,OWID,Deaths,Cori_slidingWindow,2020-03-17,1.581102515302364,1.778464542731702,1.3837404878730255,DEU
Germany,DEU,OWID,Deaths,Cori_slidingWindow,2020-03-18,1.4734447513594209,1.6528530782254411,1.2940364244934002,DEU
Germany,DEU,OWID,Deaths,Cori_slidingWindow,2020-03-19,1.3719006834761598,1.535268493776159,1.2085328731761606,DEU
Germany,DEU,OWID,Deaths,Cori_slidingWindow,2020-03-20,1.2899466299648412,1.447672734432779,1.132220525496903,DEU
Germany,DEU,OWID,Deaths,Cori_slidingWindow,2020-03-21,1.2350082413117722,1.3976059187898542,1.0724105638336905,DEU
Germany,DEU,OWID,Deaths,Cori_slidingWindow,2020-03-22,1.2046293920534117,1.377323729988118,1.031935054118705,DEU
Germany,DEU,OWID,Deaths,Cori_slidingWindow,2020-03-23,1.1861834680389811,1.369146686361572,1.003220249716391,DEU
Germany,DEU,OWID,Deaths,Cori_slidingWindow,2020-03-24,1.1639461768180812,1.3543772435721062,0.973515110064056,DEU
Germany,DEU,OWID,Deaths,Cori_slidingWindow,2020-03-25,1.1308640333856377,1.3223417505151132,0.9393863162561622,DEU
Germany,DEU,OWID,Deaths,Cori_slidingWindow,2020-03-26,1.09030211287554,1.2754961160843448,0.905108109666735,DEU
Germany,DEU,OWID,Deaths,Cori_slidingWindow,2020-03-27,1.0535288863537384,1.2308829632016087,0.8761748095058681,DEU
Germany,DEU,OWID,Deaths,Cori_slidingWindow,2020-03-28,1.029682842366788,1.2034179123173177,0.8559477724162585,DEU
Germany,DEU,OWID,Deaths,Cori_slidingWindow,2020-03-29,1.0188851534133836,1.1906310199311916,0.8471392868955756,DEU
Germany,DEU,OWID,Deaths,Cori_slidingWindow,2020-03-30,1.0136206002104404,1.1797315944103466,0.8475096060105343,DEU
Germany,DEU,OWID,Deaths,Cori_slidingWindow,2020-03-31,1.0027167733014366,1.160924815982624,0.8445087306202493,DEU
Germany,DEU,OWID,Deaths,Cori_slidingWindow,2020-04-01,0.9796240324845058,1.1351030339566086,0.824145031012403,DEU
Germany,DEU,OWID,Deaths,Cori_slidingWindow,2020-04-02,0.945233720571814,1.1033857539145404,0.7870816872290876,DEU
Germany,DEU,OWID,Deaths,Cori_slidingWindow,2020-04-03,0.9058775309364452,1.065996696087945,0.7457583657849454,DEU
Germany,DEU,OWID,Deaths,Cori_slidingWindow,2020-04-04,0.869125484675772,1.0295594733839268,0.7086914959676172,DEU
Germany,DEU,OWID,Deaths,Cori_slidingWindow,2020-04-05,0.8394198775585779,1.0024214934675653,0.6764182616495905,DEU
Germany,DEU,OWID,Deaths,Cori_slidingWindow,2020-04-06,0.8175575606172942,0.9840402369459004,0.6510748842886881,DEU
Germany,DEU,OWID,Deaths,Cori_slidingWindow,2020-04-07,0.800730217247686,0.9663995932731216,0.6350608412222504,DEU
Germany,DEU,OWID,Deaths,Cori_slidingWindow,2020-04-08,0.7834917601311849,0.9407930441410246,0.6261904761213453,DEU
Germany,DEU,OWID,Deaths,Cori_slidingWindow,2020-04-09,0.7635463427727425,0.9081098339070768,0.618982851638408,DEU
Germany,DEU,OWID,Deaths,Cori_slidingWindow,2020-04-10,0.7438731051715213,0.8770204201965786,0.610725790146464,DEU
Germany,DEU,OWID,Deaths,Cori_slidingWindow,2020-04-11,0.7301836623296526,0.8558314524232111,0.6045358722360941,DEU
Germany,DEU,OWID,Deaths,Cori_slidingWindow,2020-04-12,0.7266371098781228,0.846572556621012,0.6067016631352335,DEU
Germany,DEU,OWID,Deaths,Cori_slidingWindow,2020-04-13,0.7314669980247828,0.8470686240973548,0.6158653719522107,DEU
Germany,DEU,OWID,Deaths,Cori_slidingWindow,2020-04-14,0.7400527805016082,0.8543078519062625,0.6257977090969539,DEU
Germany,DEU,OWID,Deaths,Cori_slidingWindow,2020-04-15,0.7476602481997566,0.8636071655605135,0.6317133308389997,DEU
Germany,DEU,OWID,Deaths,Cori_slidingWindow,2020-04-16,0.7530808296905919,0.8709212928803581,0.6352403665008256,DEU
Germany,DEU,OWID,Deaths,Cori_slidingWindow,2020-04-17,0.7578204106925528,0.8771622872148249,0.6384785341702807,DEU
Germany,DEU,OWID,Deaths,Cori_slidingWindow,2020-04-18,0.7618364588304835,0.8852846713682307,0.6383882462927362,DEU
Germany,DEU,OWID,Deaths,Cori_slidingWindow,2020-04-19,0.7633973091048929,0.8950047005190653,0.6317899176907205,DEU
Germany,DEU,OWID,Deaths,Cori_slidingWindow,2020-04-20,0.7601545662175594,0.8996712931092313,0.6206378393258875,DEU
Germany,DEU,OWID,Deaths,Cori_slidingWindow,2020-04-21,0.751810272225895,0.8947656688318661,0.6088548756199239,DEU
Germany,DEU,OWID,Deaths,Cori_slidingWindow,2020-04-22,0.7396816530069843,0.8809391232021812,0.5984241828117874,DEU
Germany,DEU,OWID,Deaths,Cori_slidingWindow,2020-04-23,0.7254844231276957,0.8622502393286771,0.5887186069267143,DEU
Germany,DEU,OWID,Deaths,Cori_slidingWindow,2020-04-24,0.7095423198729235,0.8428836365957129,0.5762010031501341,DEU
Germany,DEU,OWID,Deaths,Cori_slidingWindow,2020-04-25,0.6933104492964197,0.8287188380392742,0.5579020605535653,DEU
Germany,DEU,OWID,Deaths,Cori_slidingWindow,2020-04-26,0.6814024682233286,0.8264317207057283,0.5363732157409289,DEU
Germany,DEU,OWID,Deaths,Cori_slidingWindow,2020-04-27,0.679134138309204,0.8378510190594385,0.5204172575589695,DEU
Germany,DEU,OWID,Deaths,Cori_slidingWindow,2020-04-28,0.6887288393922079,0.8589616058794928,0.5184960729049229,DEU
Germany,DEU,OWID,Deaths,Cori_slidingWindow,2020-04-29,0.7064030715327195,0.8837298551805529,0.5290762878848861,DEU
Germany,DEU,OWID,Deaths,Cori_slidingWindow,2020-04-30,0.7270634337107912,0.907480874412331,0.5466459930092513,DEU
Germany,DEU,OWID,Deaths,Cori_slidingWindow,2020-05-01,0.7480445509558806,0.9276547708564966,0.5684343310552646,DEU
Germany,DEU,OWID,Deaths,Cori_slidingWindow,2020-05-02,0.7730959263971635,0.9497879320339428,0.5964039207603842,DEU
Germany,DEU,OWID,Deaths,Cori_slidingWindow,2020-05-03,0.8064364183445338,0.9822030222292476,0.63066981445982,DEU
Germany,DEU,OWID,Deaths,Cori_slidingWindow,2020-05-04,0.8445762393790637,1.020651738717882,0.6685007400402454,DEU
Germany,DEU,OWID,Deaths,Cori_slidingWindow,2020-05-05,0.8774101931156016,1.050340393809137,0.7044799924220664,DEU
Germany,DEU,OWID,Deaths,Cori_slidingWindow,2020-05-06,0.8938026580156326,1.0716693878997992,0.7297390941881551,DEU
Germany,DEU,OWID,Deaths,Cori_slidingWindow,2020-05-07,0.8902605082941606,1.070608894969593,0.7263409365484751,DEU
Germany,DEU,OWID,Deaths,Cori_slidingWindow,2020-05-08,0.8706870956760339,1.0514521135932906,0.7067622286809372,DEU
Germany,DEU,OWID,Deaths,Cori_slidingWindow,2020-05-09,0.8437266356676871,1.024004462434254,0.6806897070507931,DEU
Germany,DEU,OWID,Deaths,Cori_slidingWindow,2020-05-10,0.8179721276340178,0.9980760503370502,0.655569472893466,DEU
Germany,DEU,OWID,Deaths,Cori_slidingWindow,2020-05-11,0.7984621395881508,0.979502781577827,0.6356946031644011,DEU
Germany,DEU,OWID,Deaths,Cori_slidingWindow,2020-05-12,0.7868783853204555,0.970287606791234,0.6224497400665043,DEU
Germany,DEU,OWID,Deaths,Cori_slidingWindow,2020-05-13,0.781174617583135,0.9681686593343528,0.6140030289786987,DEU
Germany,DEU,OWID,Deaths,Cori_slidingWindow,2020-05-14,0.7759761206656984,0.9670669349568674,0.6056658182700622,DEU
Germany,DEU,OWID,Deaths,Cori_slidingWindow,2020-05-15,0.7672196806726936,0.9622996998282064,0.593972614459017,DEU
Germany,DEU,OWID,Deaths,Cori_slidingWindow,2020-05-16,0.7558977850779242,0.9548805822070588,0.5798867967188138,DEU
Germany,DEU,OWID,Deaths,Cori_slidingWindow,2020-05-17,0.7476189596253902,0.9511491537739716,0.5683007375971687,DEU
Germany,DEU,OWID,Deaths,Cori_slidingWindow,2020-05-18,0.7500028431381668,0.9598554256645,0.5657303563223818,DEU
Germany,DEU,OWID,Deaths,Cori_slidingWindow,2020-05-19,0.764710925660408,0.9830103157071988,0.5734986582455082,DEU
Germany,DEU,OWID,Deaths,Cori_slidingWindow,2020-05-20,0.7861138257728785,1.0141531427598791,0.5867751663375904,DEU
Germany,DEU,OWID,Deaths,Cori_slidingWindow,2020-05-21,0.8046242997213706,1.0420894071285065,0.5975048575759545,DEU
Germany,DEU,OWID,Deaths,Cori_slidingWindow,2020-05-22,0.8131077814466174,1.058336271807906,0.5998222268143446,DEU
Germany,DEU,OWID,Deaths,Cori_slidingWindow,2020-05-23,0.8143686849231884,1.0659080435455832,0.596289554718185,DEU
Germany,DEU,OWID,Deaths,Cori_slidingWindow,2020-05-24,0.8159594169563018,1.073564067676818,0.5932861874168633,DEU
Germany,DEU,OWID,Deaths,Cori_slidingWindow,2020-05-25,0.8242228989170302,1.0888545791905295,0.596008643560657,DEU
Germany,DEU,OWID,Deaths,Cori_slidingWindow,2020-05-26,0.8379690170028343,1.1105717007984954,0.6033141045543869,DEU
Germany,DEU,OWID,Deaths,Cori_slidingWindow,2020-05-27,0.8479313403406289,1.1279488849670969,0.6074082150999648,DEU
Germany,DEU,OWID,Deaths,Cori_slidingWindow,2020-05-28,0.8469420780512252,1.132468266327468,0.6024183117833869,DEU
Germany,DEU,OWID,Deaths,Cori_slidingWindow,2020-05-29,0.8354578233473585,1.1245225298141088,0.588850967998029,DEU
Germany,DEU,OWID,Deaths,Cori_slidingWindow,2020-05-30,0.8242250661626176,1.1167509575246009,0.5756226921474091,DEU
Germany,DEU,OWID,Deaths,Cori_slidingWindow,2020-05-31,0.8261175912243547,1.1245591590846646,0.5731793984071532,DEU
Germany,DEU,OWID,Deaths,Cori_slidingWindow,2020-06-01,0.8450441823713932,1.152810797767727,0.5845323857675593,DEU
Germany,DEU,OWID,Deaths,Cori_slidingWindow,2020-06-02,0.8737402994963037,1.1928584441098733,0.6037393771842822,DEU
Germany,DEU,OWID,Deaths,Cori_slidingWindow,2020-06-03,0.8958932309715649,1.2250597767752875,0.617651518327953,DEU
Germany,DEU,OWID,Deaths,Cori_slidingWindow,2020-06-04,0.897867882563766,1.232846163009292,0.6154002860028089,DEU
Germany,DEU,OWID,Deaths,Cori_slidingWindow,2020-06-05,0.8778646078823146,1.2138693156126188,0.59570099168963,DEU
Germany,DEU,OWID,Deaths,Cori_slidingWindow,2020-06-06,0.8467873178558827,1.1812910434962878,0.567350554616159,DEU
Germany,DEU,OWID,Deaths,Cori_slidingWindow,2020-06-07,0.822711299246878,1.157240394169187,0.5446266255683063,DEU
Germany,DEU,OWID,Deaths,Cori_slidingWindow,2020-06-08,0.8167290051273981,1.1556802685194414,0.5359688335993029,DEU
Germany,DEU,OWID,Deaths,Cori_slidingWindow,2020-06-09,0.8275848128637014,1.1754349589868105,0.5400999500927843,DEU
Germany,DEU,OWID,Deaths,Cori_slidingWindow,2020-06-10,0.8438350547623947,1.2025187748993795,0.5479902485012574,DEU
Germany,DEU,OWID,Deaths,Cori_slidingWindow,2020-06-11,0.8499644759054252,1.2176650540720395,0.5476459714860357,DEU
Germany,DEU,OWID,Deaths,Cori_slidingWindow,2020-06-12,0.8413796530762859,1.214732668281184,0.5358483361027871,DEU
Germany,DEU,OWID,Deaths,Cori_slidingWindow,2020-06-13,0.8259112938565941,1.2030528468092652,0.5189449920999839,DEU
Germany,DEU,OWID,Deaths,Cori_slidingWindow,2020-06-14,0.8174212572084223,1.1998824173036329,0.5075864115977459,DEU
Germany,DEU,OWID,Deaths,Cori_slidingWindow,2020-06-15,0.8256270585816456,1.2176559368397286,0.5089594129243499,DEU
Germany,DEU,OWID,Deaths,Cori_slidingWindow,2020-06-16,0.8451728701401735,1.2500421678571945,0.5187065972433184,DEU
Germany,DEU,OWID,Deaths,Cori_slidingWindow,2020-06-17,0.8632077830777619,1.2809016506229656,0.5270794171095955,DEU
Germany,DEU,OWID,Deaths,Cori_slidingWindow,2020-06-18,0.8681179196768604,1.2953066196563954,0.52551832256477,DEU
Germany,DEU,OWID,Deaths,Cori_slidingWindow,2020-06-19,0.8597108848849752,1.292575320628271,0.5141982783028449,DEU
Germany,DEU,OWID,Deaths,Cori_slidingWindow,2020-06-20,0.8475587168361725,1.2846766987349878,0.5004117113949464,DEU
Germany,DEU,OWID,Deaths,Cori_slidingWindow,2020-06-21,0.837116562689679,1.2789906550519414,0.4879406515904477,DEU
Germany,DEU,OWID,Deaths,Cori_slidingWindow,2020-06-22,0.8264880757635126,1.2736726377233754,0.4750298704940593,DEU
Germany,DEU,OWID,Deaths,Cori_slidingWindow,2020-06-23,0.8068842075816178,1.2578616505778808,0.4550266378942851,DEU
Germany,DEU,OWID,Deaths,Cori_slidingWindow,2020-06-24,0.7743047982573857,1.2263345116321598,0.4251850642239547,DEU
Germany,DEU,OWID,Deaths,Cori_slidingWindow,2020-06-25,0.7348541417687079,1.1867398152989983,0.3902235139431311,DEU
Germany,DEU,OWID,Deaths,Cori_slidingWindow,2020-06-26,0.7006160782833034,1.1549717481689952,0.3587548593241316,DEU
Germany,DEU,OWID,Deaths,Cori_slidingWindow,2020-06-27,0.6821182819034738,1.1455559389111525,0.3377085360403322,DEU
Germany,DEU,OWID,Deaths,Cori_slidingWindow,2020-06-28,0.6838183153194127,1.1651951894591743,0.3295550722565692,DEU
Germany,DEU,OWID,Deaths,Cori_slidingWindow,2020-06-29,0.7084789464809212,1.217810652071356,0.3358594875757892,DEU
Germany,DEU,OWID,Deaths,Cori_slidingWindow,2020-06-30,0.7567613760634697,1.3037074649581382,0.3572313064665397,DEU
Germany,DEU,OWID,Deaths,Cori_slidingWindow,2020-07-01,0.8267474662699504,1.4187759932775006,0.3931448683439721,DEU
Germany,DEU,OWID,Deaths,Cori_slidingWindow,2020-07-02,0.9088433607668484,1.547887160080442,0.4383949179986067,DEU
Germany,DEU,OWID,Deaths,Cori_slidingWindow,2020-07-03,0.9871161778730968,1.6673173165781845,0.4835604557475011,DEU
Germany,DEU,OWID,Deaths,Cori_slidingWindow,2020-07-04,1.0483353142464498,1.7577039344883634,0.5205804140856974,DEU
Germany,DEU,OWID,Deaths,Cori_slidingWindow,2020-07-05,1.0924176537519106,1.8185184786294588,0.5496200823966414,DEU
Germany,DEU,OWID,Deaths,Cori_slidingWindow,2020-07-06,1.1277684196471711,1.8618447056206475,0.5759749156397186,DEU
Germany,DEU,OWID,Deaths,Cori_slidingWindow,2020-07-07,1.156964762085358,1.8927600584687168,0.6005496933280867,DEU
Germany,DEU,OWID,Deaths,Cori_slidingWindow,2020-07-08,1.1755040791164333,1.9068575210023135,0.6193627780075223,DEU
Germany,DEU,OWID,Deaths,Cori_slidingWindow,2020-07-09,1.1755537877959643,1.8951181566456312,0.6261509633820848,DEU
Germany,DEU,OWID,Deaths,Cori_slidingWindow,2020-07-10,1.1619579550536967,1.864749231301515,0.6237806358735764,DEU
Germany,DEU,OWID,Deaths,Cori_slidingWindow,2020-07-11,1.151542346186659,1.838347834958482,0.6238109142054186,DEU
Germany,DEU,OWID,Deaths,Cori_slidingWindow,2020-07-12,1.1610533425104217,1.838012968699968,0.6380561563752171,DEU
Germany,DEU,OWID,Deaths,Cori_slidingWindow,2020-07-13,1.1957225065380106,1.8701221398147616,0.6706433359059889,DEU
Germany,DEU,OWID,Deaths,Cori_slidingWindow,2020-07-14,1.2364500762070596,1.909388517560613,0.7082544592696641,DEU
Germany,DEU,OWID,Deaths,Cori_slidingWindow,2020-07-15,1.2563329378992232,1.920892580223517,0.7314283950530158,DEU
Germany,DEU,OWID,Deaths,Cori_slidingWindow,2020-07-16,1.2398217249414205,1.88512945670322,0.7283388773176582,DEU
Germany,DEU,OWID,Deaths,Cori_slidingWindow,2020-07-17,1.1961440100978842,1.8147852592801423,0.7051319511662786,DEU
Germany,DEU,OWID,Deaths,Cori_slidingWindow,2020-07-18,1.1506380264529392,1.7431624231770015,0.6799190515597856,DEU
Germany,DEU,OWID,Deaths,Cori_slidingWindow,2020-07-19,1.118210123303097,1.6902195914433278,0.6631477799563001,DEU
Germany,DEU,OWID,Deaths,Cori_slidingWindow,2020-07-20,1.098014749495098,1.6552913776966751,0.6539376757821174,DEU
Germany,DEU,OWID,Deaths,Cori_slidingWindow,2020-07-21,1.0754894297526971,1.6198932211724375,0.6414298859770938,DEU
Germany,DEU,OWID,Deaths,Cori_slidingWindow,2020-07-22,1.0387130669815845,1.568592540287286,0.6169216154648973,DEU
Germany,DEU,OWID,Deaths,Cori_slidingWindow,2020-07-23,0.989815790988614,1.5036609040556326,0.582305437243721,DEU
Germany,DEU,OWID,Deaths,Cori_slidingWindow,2020-07-24,0.9411942451677526,1.4406843688396562,0.5469512111234899,DEU
Germany,DEU,OWID,Deaths,Cori_slidingWindow,2020-07-25,0.9074623949081452,1.3983918332442191,0.5216117476935737,DEU
Germany,DEU,OWID,Deaths,Cori_slidingWindow,2020-07-26,0.895704598838878,1.3860086596151542,0.511356230571815,DEU
Germany,DEU,OWID,Deaths,Cori_slidingWindow,2020-07-27,0.9053457130153112,1.402591145604675,0.5158494570219615,DEU
Germany,DEU,OWID,Deaths,Cori_slidingWindow,2020-07-28,0.9295612577756897,1.4387226311675263,0.5304877544098857,DEU
Germany,DEU,OWID,Deaths,Cori_slidingWindow,2020-07-29,0.9584768415420007,1.480822651353758,0.5486045777616865,DEU
Germany,DEU,OWID,Deaths,Cori_slidingWindow,2020-07-30,0.98044077553006,1.5132175752465151,0.5621143586070262,DEU
Germany,DEU,OWID,Deaths,Cori_slidingWindow,2020-07-31,0.9852876248998644,1.5226166684833071,0.5637236534026425,DEU
Germany,DEU,OWID,Deaths,Cori_slidingWindow,2020-08-01,0.9702805223233014,1.5056902358831454,0.5513322270305808,DEU
Germany,DEU,OWID,Deaths,Cori_slidingWindow,2020-08-02,0.9432342267663946,1.472914923923235,0.5304181344935178,DEU
Germany,DEU,OWID,Deaths,Cori_slidingWindow,2020-08-03,0.9185508063113256,1.443401662089146,0.5111371339273395,DEU
Germany,DEU,OWID,Deaths,Cori_slidingWindow,2020-08-04,0.9054624314544656,1.4297107064246275,0.4997734726866265,DEU
Germany,DEU,OWID,Deaths,Cori_slidingWindow,2020-08-05,0.903459858226602,1.4315626842121885,0.4957096603621359,DEU
Germany,DEU,OWID,Deaths,Cori_slidingWindow,2020-08-06,0.9011493441428324,1.4342419701846651,0.4907213437234373,DEU
Germany,DEU,OWID,Deaths,Cori_slidingWindow,2020-08-07,0.8896891748768503,1.4258811934030435,0.4787294424035462,DEU
Germany,DEU,OWID,Deaths,Cori_slidingWindow,2020-08-08,0.8728538414497099,1.4108652235641326,0.4627796158700387,DEU
Germany,DEU,OWID,Deaths,Cori_slidingWindow,2020-08-09,0.8630271526291947,1.4052387835874085,0.4517281853291984,DEU
Germany,DEU,OWID,Deaths,Cori_slidingWindow,2020-08-10,0.8724954533422264,1.4253025576070664,0.4540576261516166,DEU
Germany,DEU,OWID,Deaths,Cori_slidingWindow,2020-08-11,0.8980787432576964,1.4670603884269084,0.4673911478125086,DEU
Germany,DEU,OWID,Deaths,Cori_slidingWindow,2020-08-12,0.925401352020932,1.5112346151856697,0.4818695240719731,DEU
Germany,DEU,OWID,Deaths,Cori_slidingWindow,2020-08-13,0.938850415328964,1.5365549307148132,0.486981577648886,DEU
Germany,DEU,OWID,Deaths,Cori_slidingWindow,2020-08-14,0.9344444529831594,1.5371539592500698,0.4803198680195996,DEU
Germany,DEU,OWID,Deaths,Cori_slidingWindow,2020-08-15,0.9236026703500884,1.5280324786672423,0.4699024404655864,DEU
Germany,DEU,OWID,Deaths,Cori_slidingWindow,2020-08-16,0.9171159521497864,1.524204815657264,0.4627918555829854,DEU
Germany,DEU,OWID,Deaths,Cori_slidingWindow,2020-08-17,0.9178787068350012,1.5303165029695578,0.4605183371382751,DEU
Germany,DEU,OWID,Deaths,Cori_slidingWindow,2020-08-18,0.917438406776291,1.5355607129683757,0.4570334327505672,DEU
Germany,DEU,OWID,Deaths,Cori_slidingWindow,2020-08-19,0.9087405021617286,1.5303760567456737,0.4476204106310938,DEU
Germany,DEU,OWID,Deaths,Cori_slidingWindow,2020-08-20,0.8971613503105663,1.5215056982651096,0.436211698956633,DEU
Germany,DEU,OWID,Deaths,Cori_slidingWindow,2020-08-21,0.8967160831595188,1.527597261571662,0.4323517563246885,DEU
Germany,DEU,OWID,Deaths,Cori_slidingWindow,2020-08-22,0.921548805871368,1.5676362150518846,0.4455272892394987,DEU
Germany,DEU,OWID,Deaths,Cori_slidingWindow,2020-08-23,0.9718317027469944,1.6414011705310607,0.4761264471541997,DEU
Germany,DEU,OWID,Deaths,Cori_slidingWindow,2020-08-24,1.0357760477262474,1.731706521923435,0.5170318040926944,DEU
Germany,DEU,OWID,Deaths,Cori_slidingWindow,2020-08-25,1.0965200811572178,1.8142699861252451,0.5577901321972953,DEU
Germany,DEU,OWID,Deaths,Cori_slidingWindow,2020-08-26,1.1430628273077328,1.8732257577328173,0.5915300640605898,DEU
Germany,DEU,OWID,Deaths,Cori_slidingWindow,2020-08-27,1.184627255930338,1.9202595565829648,0.6249659304733541,DEU
Germany,DEU,OWID,Deaths,Cori_slidingWindow,2020-08-28,1.2389205591892172,1.97880952594202,0.6705808653893663,DEU
Germany,DEU,OWID,Deaths,Cori_slidingWindow,2020-08-29,1.3161742024273244,2.062162073873984,0.7360149059547538,DEU
Germany,DEU,OWID,Deaths,Cori_slidingWindow,2020-08-30,1.4071751052938313,2.15778392840362,0.8153880462895835,DEU
Germany,DEU,OWID,Deaths,Cori_slidingWindow,2020-08-31,1.482203456850504,2.2275454251537137,0.8871136435782598,DEU
Germany,DEU,OWID,Deaths,Cori_slidingWindow,2020-09-01,1.5165271697049247,2.2413419735608744,0.9318066594973108,DEU
Germany,DEU,OWID,Deaths,Cori_slidingWindow,2020-09-02,1.506822289200547,2.197612797095225,0.9449929099263836,DEU
Germany,DEU,OWID,Deaths,Cori_slidingWindow,2020-09-03,1.4736247995311944,2.1248080271617447,0.9403189026426394,DEU
Germany,DEU,OWID,Deaths,Cori_slidingWindow,2020-09-04,1.438960047999018,2.0523375457862403,0.9332984331103036,DEU
Germany,DEU,OWID,Deaths,Cori_slidingWindow,2020-09-05,1.4085766198538672,1.9883741775042405,0.9276282661864088,DEU
Germany,DEU,OWID,Deaths,Cori_slidingWindow,2020-09-06,1.3772880129566676,1.926749269596783,0.9190450322884756,DEU
Germany,DEU,OWID,Deaths,Cori_slidingWindow,2020-09-07,1.3375909623284927,1.8581619741670907,0.9016342910161724,DEU
Germany,DEU,OWID,Deaths,Cori_slidingWindow,2020-09-08,1.289844694485333,1.7827916864889946,0.8757850668916174,DEU
Germany,DEU,OWID,Deaths,Cori_slidingWindow,2020-09-09,1.239887856102532,1.7075187019255218,0.8462491488458465,DEU
Germany,DEU,OWID,Deaths,Cori_slidingWindow,2020-09-10,1.193901530566816,1.63965193793052,0.818070409614111,DEU
Germany,DEU,OWID,Deaths,Cori_slidingWindow,2020-09-11,1.1541481996759986,1.581731338188475,0.7931893944089486,DEU
Germany,DEU,OWID,Deaths,Cori_slidingWindow,2020-09-12,1.119998304047782,1.5327175734821556,0.7712921628528538,DEU
Germany,DEU,OWID,Deaths,Cori_slidingWindow,2020-09-13,1.092115057016036,1.4930040396258266,0.7531973373774317,DEU
Germany,DEU,OWID,Deaths,Cori_slidingWindow,2020-09-14,1.072003231071444,1.463993110225002,0.7404077065668515,DEU
Germany,DEU,OWID,Deaths,Cori_slidingWindow,2020-09-15,1.0609706895710125,1.4468875415533275,0.7342430582427979,DEU
Germany,DEU,OWID,Deaths,Cori_slidingWindow,2020-09-16,1.0638453481864591,1.4469817768732534,0.7389700536419799,DEU
Germany,DEU,OWID,Deaths,Cori_slidingWindow,2020-09-17,1.0871718339905128,1.4714685959905345,0.7603774287688947,DEU
Germany,DEU,OWID,Deaths,Cori_slidingWindow,2020-09-18,1.1332385288949147,1.5223246605800118,0.8009205143777788,DEU
Germany,DEU,OWID,Deaths,Cori_slidingWindow,2020-09-19,1.1951694245072362,1.5905807783897836,0.8556170654856459,DEU
Germany,DEU,OWID,Deaths,Cori_slidingWindow,2020-09-20,1.2565988158992405,1.65629616496999,0.9114573576124012,DEU
Germany,DEU,OWID,Deaths,Cori_slidingWindow,2020-09-21,1.3033231182253855,1.7025411190025104,0.9568213032245706,DEU
Germany,DEU,OWID,Deaths,Cori_slidingWindow,2020-09-22,1.330812107517453,1.7242932151799544,0.9876958666296286,DEU
Germany,DEU,OWID,Deaths,Cori_slidingWindow,2020-09-23,1.346704224929081,1.7310433802211789,1.0100438334448627,DEU
Germany,DEU,OWID,Deaths,Cori_slidingWindow,2020-09-24,1.3607510304966863,1.7347669494973734,1.0316093663799388,DEU
Germany,DEU,OWID,Deaths,Cori_slidingWindow,2020-09-25,1.3750741613471982,1.7384637706159587,1.053782952287137,DEU
Germany,DEU,OWID,Deaths,Cori_slidingWindow,2020-09-26,1.3858098395266978,1.738030902068164,1.0729938727883326,DEU
Germany,DEU,OWID,Deaths,Cori_slidingWindow,2020-09-27,1.3876019678161102,1.7275863643263003,1.0844218916972692,DEU
Germany,DEU,OWID,Deaths,Cori_slidingWindow,2020-09-28,1.3777340884014029,1.7043056159769476,1.0854755881025642,DEU
Germany,DEU,OWID,Deaths,Cori_slidingWindow,2020-09-29,1.3568187282215944,1.6692001478296796,1.076406750414575,DEU
Germany,DEU,OWID,Deaths,Cori_slidingWindow,2020-09-30,1.3285527800321952,1.6267268130950805,1.060197525858231,DEU
Germany,DEU,OWID,Deaths,Cori_slidingWindow,2020-10-01,1.298253394584599,1.583038038496617,1.0413632869242986,DEU
Germany,DEU,OWID,Deaths,Cori_slidingWindow,2020-10-02,1.2785827803953351,1.552219287812841,1.0311542344144995,DEU
Germany,DEU,OWID,Deaths,Cori_slidingWindow,2020-10-03,1.2831289338764964,1.549107637027037,1.0418937583568777,DEU
Germany,DEU,OWID,Deaths,Cori_slidingWindow,2020-10-04,1.316428929575942,1.5782222478120915,1.0780832465176666,DEU
Germany,DEU,OWID,Deaths,Cori_slidingWindow,2020-10-05,1.3680804885929512,1.6274147566090211,1.1139546844645365,DEU
Germany,DEU,OWID,Deaths,Cori_slidingWindow,2020-10-06,1.4205605620113793,1.6951688901067077,1.1459522339160508,DEU
Germany,DEU,OWID,Deaths,Cori_slidingWindow,2020-10-07,1.4648822391183762,1.7406440421633844,1.189120436073368,DEU
Germany,DEU,OWID,Deaths,Cori_slidingWindow,2020-10-08,1.5019118558892752,1.7599324353642083,1.2438912764143422,DEU
Germany,DEU,OWID,Deaths,Cori_slidingWindow,2020-10-09,1.5386081962696376,1.780156534550148,1.2970598579891273,DEU
Germany,DEU,OWID,Deaths,Cori_slidingWindow,2020-10-10,1.5746739871049698,1.8141647528889664,1.3351832213209731,DEU
Germany,DEU,OWID,Deaths,Cori_slidingWindow,2020-10-11,1.6010921499658626,1.8453680149654208,1.3568162849663046,DEU
Germany,DEU,OWID,Deaths,Cori_slidingWindow,2020-10-12,1.608381778760758,1.8571189435982067,1.3596446139233092,DEU
Germany,DEU,OWID,Deaths,Cori_slidingWindow,2020-10-13,1.5940721202303572,1.849347471156225,1.338796769304489,DEU
Germany,DEU,OWID,Deaths,Cori_slidingWindow,2020-10-14,1.5654975902075718,1.8253775735350837,1.3056176068800602,DEU
Germany,DEU,OWID,Deaths,Cori_slidingWindow,2020-10-15,1.5320701367475706,1.7841410917410725,1.2799991817540688,DEU
Germany,DEU,OWID,Deaths,Cori_slidingWindow,2020-10-16,1.5004873259716218,1.7332681903040077,1.2677064616392362,DEU
Germany,DEU,OWID,Deaths,Cori_slidingWindow,2020-10-17,1.472615033758818,1.69062844116678,1.254601626350856,DEU
Germany,DEU,OWID,Deaths,Cori_slidingWindow,2020-10-18,1.446117015470073,1.663670558140447,1.2285634727996997,DEU
Germany,DEU,OWID,Deaths,Cori_slidingWindow,2020-10-19,1.4180203527748234,1.6397430465519824,1.1962976589976644,DEU
Germany,DEU,OWID,Deaths,Cori_slidingWindow,2020-10-20,1.3865273029016991,1.6100579440616276,1.162996661741771,DEU
Germany,DEU,OWID,Deaths,Cori_slidingWindow,2020-10-21,1.351717275809014,1.5746072687130048,1.128827282905023,DEU
Germany,DEU,OWID,Deaths,Cori_slidingWindow,2020-10-22,1.3164944719794691,1.5355652070795052,1.097423736879433,DEU
Germany,DEU,OWID,Deaths,Cori_slidingWindow,2020-10-23,1.2855547662939932,1.499494952128294,1.0716145804596926,DEU
Germany,DEU,OWID,Deaths,Cori_slidingWindow,2020-10-24,1.2644173847353222,1.480926820083023,1.047907949387621,DEU
Germany,DEU,OWID,Deaths,Cori_slidingWindow,2020-10-25,1.2539513574695944,1.4822622803844396,1.0256404345547492,DEU
Germany,DEU,OWID,Deaths,Cori_slidingWindow,2020-10-26,1.2486068124161454,1.4854634493673262,1.0117501754649645,DEU
Germany,DEU,OWID,Deaths,Cori_slidingWindow,2020-10-27,1.240412172657852,1.4752907242433728,1.005533621072331,DEU
Germany,DEU,OWID,Deaths,Cori_slidingWindow,2020-10-28,1.2235048095149457,1.4526473435202203,0.994362275509671,DEU
Germany,DEU,OWID,Deaths,Cori_slidingWindow,2020-10-29,1.2018058509277496,1.428291625394861,0.975320076460638,DEU
Germany,DEU,OWID,Deaths,Cori_slidingWindow,2020-10-30,1.1850419693340688,1.4086517684670432,0.9614321702010944,DEU
Germany,DEU,OWID,Deaths,Cori_slidingWindow,2020-10-31,1.1813590756240833,1.3984433032626793,0.9642748479854872,DEU
Germany,DEU,OWID,Deaths,Cori_slidingWindow,2020-11-01,1.191503968977228,1.4028932621908192,0.9801146757636368,DEU
Germany,DEU,OWID,Deaths,Cori_slidingWindow,2020-11-02,1.205864963953185,1.4165905480155654,0.9951393798908053,DEU
Germany,DEU,OWID,Deaths,Cori_slidingWindow,2020-11-03,1.213694782462731,1.4223345756045676,1.0050549893208949,DEU
Germany,DEU,OWID,Deaths,Cori_slidingWindow,2020-11-04,1.2098015970862848,1.4094805307575982,1.0101226634149714,DEU
Germany,DEU,OWID,Deaths,Cori_slidingWindow,2020-11-05,1.1984078882555846,1.3868412493587512,1.009974527152418,DEU
Germany,DEU,OWID,Deaths,Cori_slidingWindow,2020-11-06,1.1897305342959472,1.3718468197993776,1.0076142487925168,DEU
Germany,DEU,OWID,Deaths,Cori_slidingWindow,2020-11-07,1.189975064091687,1.3721299850338255,1.0078201431495486,DEU
Germany,DEU,OWID,Deaths,Cori_slidingWindow,2020-11-08,1.1984703631581737,1.385693942522618,1.0112467837937291,DEU
Germany,DEU,OWID,Deaths,Cori_slidingWindow,2020-11-09,1.208032301325621,1.403979431022006,1.0120851716292358,DEU
Germany,DEU,OWID,Deaths,Cori_slidingWindow,2020-11-10,1.2093106108474958,1.4131130324891057,1.005508189205886,DEU
Germany,DEU,OWID,Deaths,Cori_slidingWindow,2020-11-11,1.1978344068939493,1.4005342432949626,0.995134570492936,DEU
Germany,DEU,OWID,Deaths,Cori_slidingWindow,2020-11-12,1.1762756424362024,1.3667713845629004,0.9857799003095046,DEU
Germany,DEU,OWID,Deaths,Cori_slidingWindow,2020-11-13,1.1533161410973587,1.3295171303420046,0.9771151518527128,DEU
Germany,DEU,OWID,Deaths,Cori_slidingWindow,2020-11-14,1.1380866875924016,1.3076171254204754,0.968556249764328,DEU
Germany,DEU,OWID,Deaths,Cori_slidingWindow,2020-11-15,1.1339691750734198,1.3034712702917552,0.9644670798550844,DEU
Germany,DEU,OWID,Deaths,Cori_slidingWindow,2020-11-16,1.1378199232852884,1.3087230366489355,0.9669168099216412,DEU
Germany,DEU,OWID,Deaths,Cori_slidingWindow,2020-11-17,1.1415640927715267,1.3148363313365294,0.968291854206524,DEU
Germany,DEU,OWID,Deaths,Cori_slidingWindow,2020-11-18,1.140492218944895,1.3192302985707107,0.9617541393190792,DEU
Germany,DEU,OWID,Deaths,Cori_slidingWindow,2020-11-19,1.1371582327653584,1.320600385580058,0.9537160799506592,DEU
Germany,DEU,OWID,Deaths,Cori_slidingWindow,2020-11-20,1.138038739864974,1.3218022439059294,0.9542752358240189,DEU
Germany,DEU,OWID,Deaths,Cori_slidingWindow,2020-11-21,1.148552825326685,1.332059889327125,0.965045761326245,DEU
Germany,DEU,OWID,Deaths,Cori_slidingWindow,2020-11-22,1.1666979233718275,1.3530172993317644,0.9803785474118908,DEU
Germany,DEU,OWID,Deaths,Cori_slidingWindow,2020-11-23,1.185592252445386,1.3733224931553016,0.9978620117354706,DEU
Germany,DEU,OWID,Deaths,Cori_slidingWindow,2020-11-24,1.1980341240024142,1.3808655568417336,1.0152026911630947,DEU
Germany,DEU,OWID,Deaths,Cori_slidingWindow,2020-11-25,1.201118062301845,1.374777353101143,1.027458771502547,DEU
Germany,DEU,OWID,Deaths,Cori_slidingWindow,2020-11-26,1.1962333382324946,1.3617654309586913,1.0307012455062978,DEU
Germany,DEU,OWID,Deaths,Cori_slidingWindow,2020-11-27,1.1850179224119168,1.3446482037847665,1.0253876410390672,DEU
Germany,DEU,OWID,Deaths,Cori_slidingWindow,2020-11-28,1.1688408937302166,1.3244430878775315,1.0132386995829017,DEU
Germany,DEU,OWID,Deaths,Cori_slidingWindow,2020-11-29,1.1488353782127083,1.3052362851286188,0.9924344712967978,DEU
Germany,DEU,OWID,Deaths,Cori_slidingWindow,2020-11-30,1.1256882320583186,1.2887293205013788,0.9626471436152584,DEU
Germany,DEU,OWID,Deaths,Cori_slidingWindow,2020-12-01,1.0996768905281378,1.2678991331415403,0.9314546479147352,DEU
Germany,DEU,OWID,Deaths,Cori_slidingWindow,2020-12-02,1.0712770451266145,1.2374208273393887,0.9051332629138396,DEU
Germany,DEU,OWID,Deaths,Cori_slidingWindow,2020-12-03,1.041546413222302,1.2019465008878651,0.8811463255567389,DEU
Germany,DEU,OWID,Deaths,Cori_slidingWindow,2020-12-04,1.0151440750864127,1.1741707653306583,0.856117384842167,DEU
Germany,DEU,OWID,Deaths,Cori_slidingWindow,2020-12-05,0.9981429046566456,1.1630688830324485,0.8332169262808425,DEU
Germany,DEU,OWID,Deaths,Cori_slidingWindow,2020-12-06,0.9938483321800768,1.1697256845110588,0.8179709798490946,DEU
Germany,DEU,OWID,Deaths,Cori_slidingWindow,2020-12-07,0.9994544276118176,1.1873896171588414,0.8115192380647938,DEU
Germany,DEU,OWID,Deaths,Cori_slidingWindow,2020-12-08,1.0070197926590876,1.204061653553947,0.8099779317642283,DEU
Germany,DEU,OWID,Deaths,Cori_slidingWindow,2020-12-09,1.0112893813002335,1.2096398330651217,0.8129389295353461,DEU
Germany,DEU,OWID,Deaths,Cori_slidingWindow,2020-12-10,1.012843280191693,1.204011574786489,0.8216749855968963,DEU
Germany,DEU,OWID,Deaths,Cori_slidingWindow,2020-12-11,1.01881876397086,1.2018775334198792,0.835759994521841,DEU
Germany,DEU,OWID,Deaths,Cori_slidingWindow,2020-12-12,1.0379182706214405,1.2209544494793825,0.8548820917634982,DEU
Germany,DEU,OWID,Deaths,Cori_slidingWindow,2020-12-13,1.0723424326450812,1.2640200593319677,0.8806648059581947,DEU
Germany,DEU,OWID,Deaths,Cori_slidingWindow,2020-12-14,1.1155271985223854,1.3196881749138438,0.9113662221309268,DEU
Germany,DEU,OWID,Deaths,Cori_slidingWindow,2020-12-15,1.1535091819881886,1.3706657191524272,0.93635264482395,DEU
Germany,DEU,OWID,Deaths,Cori_slidingWindow,2020-12-16,1.1731971190584092,1.40050977431634,0.9458844638004784,DEU
Germany,DEU,OWID,Deaths,Cori_slidingWindow,2020-12-17,1.1715483201093777,1.3998574061768116,0.9432392340419432,DEU
Germany,DEU,OWID,Deaths,Cori_slidingWindow,2020-12-18,1.156679794209449,1.3750350501753137,0.9383245382435846,DEU
Germany,DEU,OWID,Deaths,Cori_slidingWindow,2020-12-19,1.1434484867769543,1.3493028237749616,0.937594149778947,DEU
Germany,DEU,OWID,Deaths,Cori_slidingWindow,2020-12-20,1.139735349600697,1.3396237884214566,0.9398469107799372,DEU
Germany,DEU,OWID,Deaths,Cori_slidingWindow,2020-12-21,1.141392047762734,1.3378357351384036,0.9449483603870644,DEU
Germany,DEU,OWID,Deaths,Cori_slidingWindow,2020-12-22,1.1376339652532734,1.325646584060339,0.9496213464462078,DEU
Germany,DEU,OWID,Deaths,Cori_slidingWindow,2020-12-23,1.11872232073981,1.294400088849616,0.943044552630004,DEU
Germany,DEU,OWID,Deaths,Cori_slidingWindow,2020-12-24,1.0865527397755617,1.254955315076026,0.9181501644750972,DEU
Germany,DEU,OWID,Deaths,Cori_slidingWindow,2020-12-25,1.0510680871304865,1.2222245292834797,0.8799116449774929,DEU
Germany,DEU,OWID,Deaths,Cori_slidingWindow,2020-12-26,1.0229251288046386,1.203472214542884,0.8423780430663931,DEU
Germany,DEU,OWID,Deaths,Cori_slidingWindow,2020-12-27,1.0067005164477163,1.1969229002345898,0.8164781326608429,DEU
Germany,DEU,OWID,Deaths,Cori_slidingWindow,2020-12-28,0.9972664456168396,1.1933627021074846,0.8011701891261948,DEU
Germany,DEU,OWID,Deaths,Cori_slidingWindow,2020-12-29,0.9868682523041188,1.181289731438545,0.7924467731696923,DEU
Germany,DEU,OWID,Deaths,Cori_slidingWindow,2020-12-30,0.9699303510916162,1.1535195680335022,0.7863411341497302,DEU
Germany,DEU,OWID,Deaths,Cori_slidingWindow,2020-12-31,0.94692826110402,1.1137864719121078,0.7800700502959323,DEU
Germany,DEU,OWID,Deaths,Cori_slidingWindow,2021-01-01,0.9254324141439022,1.0762823256199296,0.7745825026678749,DEU
Germany,DEU,OWID,Deaths,Cori_slidingWindow,2021-01-02,0.9129955545441568,1.053549183555797,0.7724419255325166,DEU
Germany,DEU,OWID,Deaths,Cori_slidingWindow,2021-01-03,0.9124454189646132,1.049556077142236,0.7753347607869903,DEU
Germany,DEU,OWID,Deaths,Cori_slidingWindow,2021-01-04,0.918873368637478,1.0575447427862057,0.7802019944887508,DEU
Germany,DEU,OWID,Deaths,Cori_slidingWindow,2021-01-05,0.923499164133456,1.0679591327396405,0.7790391955272717,DEU
Germany,DEU,OWID,Deaths,Cori_slidingWindow,2021-01-06,0.921874557143748,1.0741286184023162,0.76962049588518,DEU
Germany,DEU,OWID,Deaths,Cori_slidingWindow,2021-01-07,0.9158769354398434,1.074155081778803,0.7575987891008837,DEU
Germany,DEU,OWID,Deaths,Cori_slidingWindow,2021-01-08,0.912857415468204,1.0745752966217812,0.7511395343146265,DEU
Germany,DEU,OWID,Deaths,Cori_slidingWindow,2021-01-09,0.9184283703757254,1.0834820304473605,0.7533747103040904,DEU
Germany,DEU,OWID,Deaths,Cori_slidingWindow,2021-01-10,0.9320169186592724,1.100751925978116,0.7632819113404288,DEU
Germany,DEU,OWID,Deaths,Cori_slidingWindow,2021-01-11,0.9477639615725691,1.1186274839670325,0.776900439178106,DEU
Germany,DEU,OWID,Deaths,Cori_slidingWindow,2021-01-12,0.9579082803875194,1.1275727615936004,0.7882437991814384,DEU
Germany,DEU,OWID,Deaths,Cori_slidingWindow,2021-01-13,0.9578667945500432,1.1244854517914904,0.7912481373085962,DEU
Germany,DEU,OWID,Deaths,Cori_slidingWindow,2021-01-14,0.9471943545986312,1.1099527923658512,0.7844359168314113,DEU
Germany,DEU,OWID,Deaths,Cori_slidingWindow,2021-01-15,0.9291558519509728,1.086025630025937,0.7722860738760084,DEU
Germany,DEU,OWID,Deaths,Cori_slidingWindow,2021-01-16,0.9087001633281412,1.0586629303156143,0.7587373963406681,DEU
Germany,DEU,OWID,Deaths,Cori_slidingWindow,2021-01-17,0.8899669304236075,1.037182225205774,0.7427516356414412,DEU
Germany,DEU,OWID,Deaths,Cori_slidingWindow,2021-01-18,0.8747892501419433,1.0247978834157836,0.724780616868103,DEU
Germany,DEU,OWID,Deaths,Cori_slidingWindow,2021-01-19,0.8619588884972028,1.0157706665814217,0.708147110412984,DEU
Germany,DEU,OWID,Deaths,Cori_slidingWindow,2021-01-20,0.8473953135051998,1.0018697784260802,0.6929208485843193,DEU
Germany,DEU,OWID,Deaths,Cori_slidingWindow,2021-01-21,0.8298156188951139,0.984144385925972,0.6754868518642557,DEU
Germany,DEU,OWID,Deaths,Cori_slidingWindow,2021-01-22,0.8133731072163732,0.9698630004746868,0.6568832139580596,DEU
Germany,DEU,OWID,Deaths,Cori_slidingWindow,2021-01-23,0.8047863181282017,0.9642917052359626,0.6452809310204407,DEU
Germany,DEU,OWID,Deaths,Cori_slidingWindow,2021-01-24,0.808837126223834,0.9690403656886368,0.6486338867590311,DEU
Germany,DEU,OWID,Deaths,Cori_slidingWindow,2021-01-25,0.8229201111325022,0.9821314988838666,0.6637087233811377,DEU
Germany,DEU,OWID,Deaths,Cori_slidingWindow,2021-01-26,0.8400597067598039,0.9969050831642264,0.6832143303553813,DEU
Germany,DEU,OWID,Deaths,Cori_slidingWindow,2021-01-27,0.8527690902936294,1.0045133430711843,0.7010248375160744,DEU
Germany,DEU,OWID,Deaths,Cori_slidingWindow,2021-01-28,0.8580948028411913,1.0019967921523096,0.7141928135300731,DEU
Germany,DEU,OWID,Deaths,Cori_slidingWindow,2021-01-29,0.8590941978298955,0.9975793346518084,0.7206090610079825,DEU
Germany,DEU,OWID,Deaths,Cori_slidingWindow,2021-01-30,0.8596733394746646,1.0010988750932113,0.7182478038561181,DEU
Germany,DEU,OWID,Deaths,Cori_slidingWindow,2021-01-31,0.8622612540956038,1.0148389912453095,0.7096835169458982,DEU
Germany,DEU,OWID,Deaths,Cori_slidingWindow,2021-02-01,0.8663037395231273,1.0314952108084563,0.7011122682377984,DEU
Germany,DEU,OWID,Deaths,Cori_slidingWindow,2021-02-02,0.8693358672174786,1.042717201099551,0.6959545333354064,DEU
Germany,DEU,OWID,Deaths,Cori_slidingWindow,2021-02-03,0.8694201028658455,1.0431769853525308,0.6956632203791601,DEU
Germany,DEU,OWID,Deaths,Cori_slidingWindow,2021-02-04,0.8660909995676827,1.032349574180239,0.699832424955126,DEU
Germany,DEU,OWID,Deaths,Cori_slidingWindow,2021-02-05,0.8605663931549826,1.015791814123258,0.7053409721867072,DEU
Germany,DEU,OWID,Deaths,Cori_slidingWindow,2021-02-06,0.8553520995251458,1.002372958249381,0.7083312408009105,DEU
Germany,DEU,OWID,Deaths,Cori_slidingWindow,2021-02-07,0.852883496495344,0.997349493445242,0.708417499545446,DEU
Germany,DEU,OWID,Deaths,Cori_slidingWindow,2021-02-08,0.8542100001988517,0.9992263645994368,0.7091936357982667,DEU
Germany,DEU,OWID,Deaths,Cori_slidingWindow,2021-02-09,0.8580962559751975,1.0018795824996631,0.7143129294507317,DEU
Germany,DEU,OWID,Deaths,Cori_slidingWindow,2021-02-10,0.8616556691977106,1.003585454512898,0.7197258838825233,DEU
Germany,DEU,OWID,Deaths,Cori_slidingWindow,2021-02-11,0.8626688360888598,1.006632757910458,0.7187049142672617,DEU
Germany,DEU,OWID,Deaths,Cori_slidingWindow,2021-02-12,0.860727882022002,1.010237011572488,0.7112187524715161,DEU
Germany,DEU,OWID,Deaths,Cori_slidingWindow,2021-02-13,0.8576780329550364,1.0124734504463129,0.7028826154637602,DEU
Germany,DEU,OWID,Deaths,Cori_slidingWindow,2021-02-14,0.8558861662297359,1.0154913427345813,0.6962809897248905,DEU
Germany,DEU,OWID,Deaths,Cori_slidingWindow,2021-02-15,0.8560331290072036,1.0197391902040276,0.6923270678103797,DEU
Germany,DEU,OWID,Deaths,Cori_slidingWindow,2021-02-16,0.8566888710737582,1.0214471317557932,0.6919306103917233,DEU
Germany,DEU,OWID,Deaths,Cori_slidingWindow,2021-02-17,0.8548117817581076,1.0152103528627625,0.694413210653453,DEU
Germany,DEU,OWID,Deaths,Cori_slidingWindow,2021-02-18,0.8493116707552142,1.0021842430008547,0.6964390985095738,DEU
Germany,DEU,OWID,Deaths,Cori_slidingWindow,2021-02-19,0.8427386755397641,0.9904726630934796,0.6950046879860485,DEU
Germany,DEU,OWID,Deaths,Cori_slidingWindow,2021-02-20,0.8399994264543754,0.9883175673778186,0.6916812855309322,DEU
Germany,DEU,OWID,Deaths,Cori_slidingWindow,2021-02-21,0.8458130016731125,0.9987911510582286,0.6928348522879964,DEU
Germany,DEU,OWID,Deaths,Cori_slidingWindow,2021-02-22,0.8603263831226724,1.0188473607398372,0.7018054055055077,DEU
Germany,DEU,OWID,Deaths,Cori_slidingWindow,2021-02-23,0.8795930820614496,1.0407368081218642,0.7184493560010351,DEU
Germany,DEU,OWID,Deaths,Cori_slidingWindow,2021-02-24,0.8979121055283737,1.056512606654633,0.7393116044021145,DEU
Germany,DEU,OWID,Deaths,Cori_slidingWindow,2021-02-25,0.9114028948983932,1.0642489614603434,0.7585568283364427,DEU
Germany,DEU,OWID,Deaths,Cori_slidingWindow,2021-02-26,0.9207815138916776,1.0700030130221216,0.7715600147612335,DEU
Germany,DEU,OWID,Deaths,Cori_slidingWindow,2021-02-27,0.9288011467664532,1.0797213775686376,0.777880915964269,DEU
Germany,DEU,OWID,Deaths,Cori_slidingWindow,2021-02-28,0.9382317286219792,1.09516695392965,0.7812965033143088,DEU
Germany,DEU,OWID,Deaths,Cori_slidingWindow,2021-03-01,0.9498393378616032,1.114415631716542,0.7852630440066648,DEU
Germany,DEU,OWID,Deaths,Cori_slidingWindow,2021-03-02,0.9604420464802425,1.1324522779770352,0.7884318149834495,DEU
Germany,DEU,OWID,Deaths,Cori_slidingWindow,2021-03-03,0.9656108742680276,1.1412312301629657,0.7899905183730893,DEU
Germany,DEU,OWID,Deaths,Cori_slidingWindow,2021-03-04,0.9628724966542024,1.1351788806659011,0.7905661126425035,DEU
Germany,DEU,OWID,Deaths,Cori_slidingWindow,2021-03-05,0.9542915449657452,1.1189938864844553,0.7895892034470352,DEU
Germany,DEU,OWID,Deaths,Cori_slidingWindow,2021-03-06,0.945723026440454,1.1050330824768484,0.7864129704040599,DEU
Germany,DEU,OWID,Deaths,Cori_slidingWindow,2021-03-07,0.941403270788603,1.099670037376017,0.7831365042011885,DEU
Germany,DEU,OWID,Deaths,Cori_slidingWindow,2021-03-08,0.9415759222904524,1.100731534557138,0.7824203100237668,DEU
Germany,DEU,OWID,Deaths,Cori_slidingWindow,2021-03-09,0.9417265086922688,1.1013079275768511,0.7821450898076864,DEU
Germany,DEU,OWID,Deaths,Cori_slidingWindow,2021-03-10,0.937812294726202,1.0986418167001526,0.7769827727522516,DEU
Germany,DEU,OWID,Deaths,Cori_slidingWindow,2021-03-11,0.9314657348212833,1.094245506330561,0.7686859633120056,DEU
Germany,DEU,OWID,Deaths,Cori_slidingWindow,2021-03-12,0.9292795491931904,1.0924731982246956,0.766085900161685,DEU
Germany,DEU,OWID,Deaths,Cori_slidingWindow,2021-03-13,0.9397309026650466,1.1021775269894616,0.7772842783406315,DEU
Germany,DEU,OWID,Deaths,Cori_slidingWindow,2021-03-14,0.9675744974273064,1.1311386083659012,0.8040103864887114,DEU
Germany,DEU,OWID,Deaths,Cori_slidingWindow,2021-03-15,1.0116722508698002,1.1777587722517475,0.8455857294878527,DEU
Germany,DEU,OWID,Deaths,Cori_slidingWindow,2021-03-16,1.0651340135518592,1.2329761596392608,0.8972918674644577,DEU
Germany,DEU,OWID,Deaths,Cori_slidingWindow,2021-03-17,1.117777669931853,1.2875862763126509,0.9479690635510544,DEU
Germany,DEU,OWID,Deaths,Cori_slidingWindow,2021-03-18,1.1601322160350829,1.3344787831929847,0.9857856488771806,DEU
Germany,DEU,OWID,Deaths,Cori_slidingWindow,2021-03-19,1.187566860393919,1.366807830476786,1.0083258903110517,DEU
Germany,DEU,OWID,Deaths,Cori_slidingWindow,2021-03-20,1.2026123762732732,1.3846643155424865,1.02056043700406,DEU
Germany,DEU,OWID,Deaths,Cori_slidingWindow,2021-03-21,1.2137979346879992,1.400015767937847,1.0275801014381512,DEU
Germany,DEU,OWID,Deaths,Cori_slidingWindow,2021-03-22,1.2239046201247143,1.4179795044842578,1.029829735765171,DEU
Germany,DEU,OWID,Deaths,Cori_slidingWindow,2021-03-23,1.2261528857360675,1.4247541255020382,1.0275516459700968,DEU
Germany,DEU,OWID,Deaths,Cori_slidingWindow,2021-03-24,1.2113848934178426,1.405462041054397,1.0173077457812882,DEU
Germany,DEU,OWID,Deaths,Cori_slidingWindow,2021-03-25,1.17602732562159,1.3610906958401483,0.9909639554030318,DEU
Germany,DEU,OWID,Deaths,Cori_slidingWindow,2021-03-26,1.129891599273419,1.309533697604946,0.9502495009418924,DEU
Germany,DEU,OWID,Deaths,Cori_slidingWindow,2021-03-27,1.0872322032144104,1.2664114408912075,0.9080529655376132,DEU
Germany,DEU,OWID,Deaths,Cori_slidingWindow,2021-03-28,1.0579719813238753,1.2381879708428734,0.8777559918048772,DEU
Germany,DEU,OWID,Deaths,Cori_slidingWindow,2021-03-29,1.0418657538058247,1.221443569011241,0.8622879386004083,DEU
Germany,DEU,OWID,Deaths,Cori_slidingWindow,2021-03-30,1.030377527471963,1.2072600119402075,0.8534950430037185,DEU
Germany,DEU,OWID,Deaths,Cori_slidingWindow,2021-03-31,1.0174280287596358,1.1884121158049723,0.8464439417142993,DEU
Germany,DEU,OWID,Deaths,Cori_slidingWindow,2021-04-01,1.00266768195809,1.164260377095556,0.841074986820624,DEU
Germany,DEU,OWID,Deaths,Cori_slidingWindow,2021-04-02,0.992198465718834,1.145473756916838,0.8389231745208297,DEU
Germany,DEU,OWID,Deaths,Cori_slidingWindow,2021-04-03,0.9918817232299332,1.1449675723970891,0.8387958740627774,DEU
Germany,DEU,OWID,Deaths,Cori_slidingWindow,2021-04-04,1.0011113644854603,1.1628747647038544,0.8393479642670663,DEU
Germany,DEU,OWID,Deaths,Cori_slidingWindow,2021-04-05,1.0135080469644275,1.1874102044359889,0.8396058894928664,DEU
Germany,DEU,OWID,Deaths,Cori_slidingWindow,2021-04-06,1.0201924357182537,1.2039770383139634,0.8364078331225435,DEU
Germany,DEU,OWID,Deaths,Cori_slidingWindow,2021-04-07,1.016795557256964,1.204900007367398,0.8286911071465299,DEU
Germany,DEU,OWID,Deaths,Cori_slidingWindow,2021-04-08,1.005239806582886,1.1901820318824397,0.8202975812833324,DEU
Germany,DEU,OWID,Deaths,Cori_slidingWindow,2021-04-09,0.9917064248085468,1.167297699703308,0.8161151499137859,DEU
Germany,DEU,OWID,Deaths,Cori_slidingWindow,2021-04-10,0.982772561590194,1.1488110469776438,0.8167340762027444,DEU
Germany,DEU,OWID,Deaths,Cori_slidingWindow,2021-04-11,0.9803995098111264,1.1428579395146503,0.8179410801076025,DEU
Germany,DEU,OWID,Deaths,Cori_slidingWindow,2021-04-12,0.982163672545244,1.1451503329429742,0.8191770121475136,DEU
Germany,DEU,OWID,Deaths,Cori_slidingWindow,2021-04-13,0.9831835523119008,1.1455487087530831,0.8208183958707183,DEU
Germany,DEU,OWID,Deaths,Cori_slidingWindow,2021-04-14,0.9789841134235934,1.138989483930022,0.8189787429171647,DEU
Germany,DEU,OWID,Deaths,Cori_slidingWindow,2021-04-15,0.9691969696397892,1.1286094768920183,0.8097844623875601,DEU
Germany,DEU,OWID,Deaths,Cori_slidingWindow,2021-04-16,0.9567987439232816,1.1176426114557072,0.7959548763908562,DEU
Germany,DEU,OWID,Deaths,Cori_slidingWindow,2021-04-17,0.9460332201597688,1.106564433442148,0.7855020068773891,DEU
Germany,DEU,OWID,Deaths,Cori_slidingWindow,2021-04-18,0.9398623957347598,1.0957836381304769,0.7839411533390429,DEU
Germany,DEU,OWID,Deaths,Cori_slidingWindow,2021-04-19,0.9373502441968508,1.087035408941999,0.7876650794517028,DEU
Germany,DEU,OWID,Deaths,Cori_slidingWindow,2021-04-20,0.9353956115860392,1.079354732902857,0.7914364902692215,DEU
Germany,DEU,OWID,Deaths,Cori_slidingWindow,2021-04-21,0.9309035932006536,1.069159173476241,0.7926480129250665,DEU
Germany,DEU,OWID,Deaths,Cori_slidingWindow,2021-04-22,0.923048198309607,1.056106527799881,0.7899898688193334,DEU
Germany,DEU,OWID,Deaths,Cori_slidingWindow,2021-04-23,0.9152199764456468,1.048689133073774,0.7817508198175198,DEU
Germany,DEU,OWID,Deaths,Cori_slidingWindow,2021-04-24,0.9120107650050246,1.0537339201423133,0.7702876098677359,DEU
Germany,DEU,OWID,Deaths,Cori_slidingWindow,2021-04-25,0.9162546923902316,1.0689967333370043,0.7635126514434588,DEU
Germany,DEU,OWID,Deaths,Cori_slidingWindow,2021-04-26,0.9265730516660092,1.0867896889112172,0.7663564144208015,DEU
Germany,DEU,OWID,Deaths,Cori_slidingWindow,2021-04-27,0.9358300595308692,1.0988620753055367,0.7727980437562016,DEU
Germany,DEU,OWID,Deaths,Cori_slidingWindow,2021-04-28,0.9365489746444936,1.0979354688392655,0.7751624804497218,DEU
Germany,DEU,OWID,Deaths,Cori_slidingWindow,2021-04-29,0.9258719489930868,1.0810427531624236,0.77070114482375,DEU
Germany,DEU,OWID,Deaths,Cori_slidingWindow,2021-04-30,0.908978627454364,1.0548216010097375,0.7631356538989906,DEU
Germany,DEU,OWID,Deaths,Cori_slidingWindow,2021-05-01,0.8964511728040399,1.0340487865679049,0.758853559040175,DEU
Germany,DEU,OWID,Deaths,Cori_slidingWindow,2021-05-02,0.895058565670781,1.0285156029671352,0.7616015283744269,DEU
Germany,DEU,OWID,Deaths,Cori_slidingWindow,2021-05-03,0.9040620988788975,1.036784859170141,0.7713393385876544,DEU
Germany,DEU,OWID,Deaths,Cori_slidingWindow,2021-05-04,0.9142262664555134,1.046146621208838,0.782305911702189,DEU
Germany,DEU,OWID,Deaths,Cori_slidingWindow,2021-05-05,0.9147055121503928,1.0460090052853566,0.7834020190154289,DEU
Germany,DEU,OWID,Deaths,Cori_slidingWindow,2021-05-06,0.9019983085110808,1.035159785898263,0.7688368311238984,DEU
Germany,DEU,OWID,Deaths,Cori_slidingWindow,2021-05-07,0.8817040968127466,1.0182573919719975,0.7451508016534956,DEU
Germany,DEU,OWID,Deaths,Cori_slidingWindow,2021-05-08,0.8660210932608708,1.0058492502865288,0.7261929362352129,DEU
Germany,DEU,OWID,Deaths,Cori_slidingWindow,2021-05-09,0.8633090334958214,1.007755232699637,0.7188628342920058,DEU
Germany,DEU,OWID,Deaths,Cori_slidingWindow,2021-05-10,0.8724965533612513,1.022543615200996,0.7224494915215065,DEU
Germany,DEU,OWID,Deaths,Cori_slidingWindow,2021-05-11,0.8844463149595428,1.0383023791346515,0.730590250784434,DEU
Germany,DEU,OWID,Deaths,Cori_slidingWindow,2021-05-12,0.886719765364022,1.0407412841056003,0.7326982466224436,DEU
Germany,DEU,OWID,Deaths,Cori_slidingWindow,2021-05-13,0.8741986532809457,1.027206359721466,0.7211909468404253,DEU
Germany,DEU,OWID,Deaths,Cori_slidingWindow,2021-05-14,0.8510906488622807,1.0046987641568377,0.6974825335677239,DEU
Germany,DEU,OWID,Deaths,Cori_slidingWindow,2021-05-15,0.8274398950755731,0.9825742330394028,0.6723055571117433,DEU
Germany,DEU,OWID,Deaths,Cori_slidingWindow,2021-05-16,0.8127601088800708,0.9676784643045256,0.657841753455616,DEU
Germany,DEU,OWID,Deaths,Cori_slidingWindow,2021-05-17,0.808719714443902,0.9612661715086768,0.6561732573791274,DEU
Germany,DEU,OWID,Deaths,Cori_slidingWindow,2021-05-18,0.8114951698867172,0.9593876872276752,0.6636026525457592,DEU
Germany,DEU,OWID,Deaths,Cori_slidingWindow,2021-05-19,0.8150246062096651,0.9562075212966736,0.6738416911226565,DEU
Germany,DEU,OWID,Deaths,Cori_slidingWindow,2021-05-20,0.8155954524266187,0.9497651689465896,0.6814257359066478,DEU
Germany,DEU,OWID,Deaths,Cori_slidingWindow,2021-05-21,0.8159242478238201,0.947069498226479,0.6847789974211612,DEU
Germany,DEU,OWID,Deaths,Cori_slidingWindow,2021-05-22,0.8209599019328185,0.9566604561141572,0.6852593477514799,DEU
Germany,DEU,OWID,Deaths,Cori_slidingWindow,2021-05-23,0.834161550657897,0.9798916147476462,0.6884314865681478,DEU
Germany,DEU,OWID,Deaths,Cori_slidingWindow,2021-05-24,0.8538357835632495,1.0086007034693023,0.6990708636571967,DEU
Germany,DEU,OWID,Deaths,Cori_slidingWindow,2021-05-25,0.8719092872976874,1.0312023099597982,0.7126162646355764,DEU
Germany,DEU,OWID,Deaths,Cori_slidingWindow,2021-05-26,0.8803226360498376,1.0386173694055785,0.7220279026940969,DEU
Germany,DEU,OWID,Deaths,Cori_slidingWindow,2021-05-27,0.8761280347669685,1.0282799232951865,0.7239761462387507,DEU
Germany,DEU,OWID,Deaths,Cori_slidingWindow,2021-05-28,0.8649311553017291,1.0086655883164384,0.7211967222870199,DEU
Germany,DEU,OWID,Deaths,Cori_slidingWindow,2021-05-29,0.856395787040211,0.99482958423247,0.717961989847952,DEU
Germany,DEU,OWID,Deaths,Cori_slidingWindow,2021-05-30,0.8552459912176095,0.9939819157519904,0.7165100666832285,DEU
Germany,DEU,OWID,Deaths,Cori_slidingWindow,2021-05-31,0.8589054472831711,1.0001001232790387,0.7177107712873034,DEU
Germany,DEU,OWID,Deaths,Cori_slidingWindow,2021-06-01,0.8581377155386556,0.9978140415559332,0.7184613895213778,DEU
Germany,DEU,OWID,Deaths,Cori_slidingWindow,2021-06-02,0.8456660968057971,0.9801401255415476,0.7111920680700464,DEU
Germany,DEU,OWID,Deaths,Cori_slidingWindow,2021-06-03,0.8223419277968712,0.9532288923250324,0.6914549632687101,DEU
Germany,DEU,OWID,Deaths,Cori_slidingWindow,2021-06-04,0.796239631996242,0.92703723201374,0.6654420319787442,DEU
Germany,DEU,OWID,Deaths,Cori_slidingWindow,2021-06-05,0.778184043617311,0.909437920686843,0.6469301665477789,DEU
Germany,DEU,OWID,Deaths,Cori_slidingWindow,2021-06-06,0.7728828287005265,0.9046260921586154,0.6411395652424375,DEU
Germany,DEU,OWID,Deaths,Cori_slidingWindow,2021-06-07,0.7777439054378841,0.9129955604707808,0.6453454350491032,DEU
Germany,DEU,OWID,Deaths,Cori_slidingWindow,2021-06-08,0.7850426603771747,0.9245704697747535,0.6536247113755704,DEU
Germany,DEU,OWID,Deaths,Cori_slidingWindow,2021-06-09,0.7865735478454857,0.9300206708286972,0.6549914618042507,DEU
Germany,DEU,OWID,Deaths,Cori_slidingWindow,2021-06-10,0.7805984466698369,0.9272988627351396,0.6463726884311439,DEU
Germany,DEU,OWID,Deaths,Cori_slidingWindow,2021-06-11,0.7707270431578787,0.9203101251118582,0.6342455359190238,DEU
Germany,DEU,OWID,Deaths,Cori_slidingWindow,2021-06-12,0.7631655695242635,0.9159381350810994,0.6241590697841048,DEU
Germany,DEU,OWID,Deaths,Cori_slidingWindow,2021-06-13,0.7623407175958297,0.9191814119734172,0.6199907488247003,DEU
Germany,DEU,OWID,Deaths,Cori_slidingWindow,2021-06-14,0.7671913806199449,0.9289601999777168,0.6207078543641744,DEU
Germany,DEU,OWID,Deaths,Cori_slidingWindow,2021-06-15,0.7738667194048112,0.9410008703331668,0.6228732960320006,DEU
Germany,DEU,OWID,Deaths,Cori_slidingWindow,2021-06-16,0.7780336508995728,0.9504083186600588,0.6226961667637871,DEU
Germany,DEU,OWID,Deaths,Cori_slidingWindow,2021-06-17,0.7778200130848845,0.9550004672451404,0.6185983606737583,DEU
Germany,DEU,OWID,Deaths,Cori_slidingWindow,2021-06-18,0.7753545773495475,0.957101802704024,0.6125122079880447,DEU
Germany,DEU,OWID,Deaths,Cori_slidingWindow,2021-06-19,0.774085932032951,0.960605336822238,0.6074561862381849,DEU
Germany,DEU,OWID,Deaths,Cori_slidingWindow,2021-06-20,0.7768690706367275,0.9687901718989976,0.6058786394619416,DEU
Germany,DEU,OWID,Deaths,Cori_slidingWindow,2021-06-21,0.7841593001979127,0.982223125283826,0.608130363303937,DEU
Germany,DEU,OWID,Deaths,Cori_slidingWindow,2021-06-22,0.7954456459435968,1.0003089638656242,0.6137747756064568,DEU
Germany,DEU,OWID,Deaths,Cori_slidingWindow,2021-06-23,0.8105528327451609,1.0227644507085645,0.6227212981866638,DEU
Germany,DEU,OWID,Deaths,Cori_slidingWindow,2021-06-24,0.8284806416713435,1.0483505942714757,0.6341788617855448,DEU
Germany,DEU,OWID,Deaths,Cori_slidingWindow,2021-06-25,0.8458866709695493,1.0731749993985575,0.6453230582827528,DEU
Germany,DEU,OWID,Deaths,Cori_slidingWindow,2021-06-26,0.8616388150036839,1.0958342452966503,0.6552635913765931,DEU
Germany,DEU,OWID,Deaths,Cori_slidingWindow,2021-06-27,0.8787787363680851,1.1196914629510497,0.6667036846221897,DEU
Germany,DEU,OWID,Deaths,Cori_slidingWindow,2021-06-28,0.9000572274436841,1.1478476468301126,0.6820394321999892,DEU
Germany,DEU,OWID,Deaths,Cori_slidingWindow,2021-06-29,0.9223427702202912,1.1767347389418894,0.6920632426343416,DEU
Germany,DEU,OWID,Deaths,Cori_slidingWindow,2021-06-30,0.940717628525851,1.2006910619594384,0.6882172703968749,DEU
Germany,DEU,OWID,Deaths,Cori_slidingWindow,2021-07-01,0.955788263463316,1.227581308101017,0.6839952188256152,DEU
Germany,DEU,OWID,Deaths,Cori_slidingWindow,2021-07-02,0.970951313635264,1.2602310462613362,0.681671581009192,DEU
Germany,DEU,OWID,Deaths,Cori_step,2020-03-10,1.9345389189297253,2.18741409449316,1.681663743366291,DEU
Germany,DEU,OWID,Deaths,Cori_step,2020-03-11,1.9345389189297253,2.18741409449316,1.681663743366291,DEU
Germany,DEU,OWID,Deaths,Cori_step,2020-03-12,1.9345389189297253,2.18741409449316,1.681663743366291,DEU
Germany,DEU,OWID,Deaths,Cori_step,2020-03-13,1.9345389189297253,2.18741409449316,1.681663743366291,DEU
Germany,DEU,OWID,Deaths,Cori_step,2020-03-14,1.9345389189297253,2.18741409449316,1.681663743366291,DEU
Germany,DEU,OWID,Deaths,Cori_step,2020-03-15,1.9345389189297253,2.18741409449316,1.681663743366291,DEU
Germany,DEU,OWID,Deaths,Cori_step,2020-03-16,1.5327785921793378,1.7264618661457465,1.3390953182129293,DEU
Germany,DEU,OWID,Deaths,Cori_step,2020-03-17,1.5327785921793378,1.7264618661457465,1.3390953182129293,DEU
Germany,DEU,OWID,Deaths,Cori_step,2020-03-18,1.3724784821018707,1.564958907271457,1.192467206735773,DEU
Germany,DEU,OWID,Deaths,Cori_step,2020-03-19,1.2827172447320236,1.4606475241759869,1.1161955332443338,DEU
Germany,DEU,OWID,Deaths,Cori_step,2020-03-20,1.2263057238093509,1.3940198455254875,1.0603809347635715,DEU
Germany,DEU,OWID,Deaths,Cori_step,2020-03-21,1.201226525263467,1.37806348078745,1.0243895697394845,DEU
Germany,DEU,OWID,Deaths,Cori_step,2020-03-22,0.8772727721036478,0.9090058357454374,0.8455397084618583,DEU
Germany,DEU,OWID,Deaths,Cori_step,2020-03-23,0.8772727721036478,0.9090058357454374,0.8455397084618583,DEU
Germany,DEU,OWID,Deaths,Cori_step,2020-03-24,0.8772727721036478,0.9090058357454374,0.8455397084618583,DEU
Germany,DEU,OWID,Deaths,Cori_step,2020-03-25,0.8772727721036478,0.9090058357454374,0.8455397084618583,DEU
Germany,DEU,OWID,Deaths,Cori_step,2020-03-26,0.8772727721036478,0.9090058357454374,0.8455397084618583,DEU
Germany,DEU,OWID,Deaths,Cori_step,2020-03-27,0.8772727721036478,0.9090058357454374,0.8455397084618583,DEU
Germany,DEU,OWID,Deaths,Cori_step,2020-03-28,0.8772727721036478,0.9090058357454374,0.8455397084618583,DEU
Germany,DEU,OWID,Deaths,Cori_step,2020-03-29,0.8772727721036478,0.9090058357454374,0.8455397084618583,DEU
Germany,DEU,OWID,Deaths,Cori_step,2020-03-30,0.8772727721036478,0.9090058357454374,0.8455397084618583,DEU
Germany,DEU,OWID,Deaths,Cori_step,2020-03-31,0.8772727721036478,0.9090058357454374,0.8455397084618583,DEU
Germany,DEU,OWID,Deaths,Cori_step,2020-04-01,0.8772727721036478,0.9090058357454374,0.8455397084618583,DEU
Germany,DEU,OWID,Deaths,Cori_step,2020-04-02,0.8772727721036478,0.9090058357454374,0.8455397084618583,DEU
Germany,DEU,OWID,Deaths,Cori_step,2020-04-03,0.8772727721036478,0.9090058357454374,0.8455397084618583,DEU
Germany,DEU,OWID,Deaths,Cori_step,2020-04-04,0.8772727721036478,0.9090058357454374,0.8455397084618583,DEU
Germany,DEU,OWID,Deaths,Cori_step,2020-04-05,0.8772727721036478,0.9090058357454374,0.8455397084618583,DEU
Germany,DEU,OWID,Deaths,Cori_step,2020-04-06,0.8772727721036478,0.9090058357454374,0.8455397084618583,DEU
Germany,DEU,OWID,Deaths,Cori_step,2020-04-07,0.8772727721036478,0.9090058357454374,0.8455397084618583,DEU
Germany,DEU,OWID,Deaths,Cori_step,2020-04-08,0.8772727721036478,0.9090058357454374,0.8455397084618583,DEU
Germany,DEU,OWID,Deaths,Cori_step,2020-04-09,0.8772727721036478,0.9090058357454374,0.8455397084618583,DEU
Germany,DEU,OWID,Deaths,Cori_step,2020-04-10,0.8772727721036478,0.9090058357454374,0.8455397084618583,DEU
Germany,DEU,OWID,Deaths,Cori_step,2020-04-11,0.8772727721036478,0.9090058357454374,0.8455397084618583,DEU
Germany,DEU,OWID,Deaths,Cori_step,2020-04-12,0.8772727721036478,0.9090058357454374,0.8455397084618583,DEU
Germany,DEU,OWID,Deaths,Cori_step,2020-04-13,0.8772727721036478,0.9090058357454374,0.8455397084618583,DEU
Germany,DEU,OWID,Deaths,Cori_step,2020-04-14,0.8772727721036478,0.9090058357454374,0.8455397084618583,DEU
Germany,DEU,OWID,Deaths,Cori_step,2020-04-15,0.8772727721036478,0.9090058357454374,0.8455397084618583,DEU
Germany,DEU,OWID,Deaths,Cori_step,2020-04-16,0.8772727721036478,0.9090058357454374,0.8455397084618583,DEU
Germany,DEU,OWID,Deaths,Cori_step,2020-04-17,0.8772727721036478,0.9090058357454374,0.8455397084618583,DEU
Germany,DEU,OWID,Deaths,Cori_step,2020-04-18,0.8772727721036478,0.9090058357454374,0.8455397084618583,DEU
Germany,DEU,OWID,Deaths,Cori_step,2020-04-19,0.8772727721036478,0.9090058357454374,0.8455397084618583,DEU
Germany,DEU,OWID,Deaths,Cori_step,2020-04-20,0.8772727721036478,0.9090058357454374,0.8455397084618583,DEU
Germany,DEU,OWID,Deaths,Cori_step,2020-04-21,0.8772727721036478,0.9090058357454374,0.8455397084618583,DEU
Germany,DEU,OWID,Deaths,Cori_step,2020-04-22,0.8772727721036478,0.9090058357454374,0.8455397084618583,DEU
Germany,DEU,OWID,Deaths,Cori_step,2020-04-23,0.8772727721036478,0.9090058357454374,0.8455397084618583,DEU
Germany,DEU,OWID,Deaths,Cori_step,2020-04-24,0.8772727721036478,0.9090058357454374,0.8455397084618583,DEU
Germany,DEU,OWID,Deaths,Cori_step,2020-04-25,0.8772727721036478,0.9090058357454374,0.8455397084618583,DEU
Germany,DEU,OWID,Deaths,Cori_step,2020-04-26,0.8772727721036478,0.9090058357454374,0.8455397084618583,DEU
Germany,DEU,OWID,Deaths,Cori_step,2020-04-27,0.8772727721036478,0.9090058357454374,0.8455397084618583,DEU
Germany,DEU,OWID,Deaths,Cori_step,2020-04-28,0.8772727721036478,0.9090058357454374,0.8455397084618583,DEU
Germany,DEU,OWID,Deaths,Cori_step,2020-04-29,0.8772727721036478,0.9090058357454374,0.8455397084618583,DEU
Germany,DEU,OWID,Deaths,Cori_step,2020-04-30,0.8772727721036478,0.9090058357454374,0.8455397084618583,DEU
Germany,DEU,OWID,Deaths,Cori_step,2020-05-01,0.8772727721036478,0.9090058357454374,0.8455397084618583,DEU
Germany,DEU,OWID,Deaths,Cori_step,2020-05-02,0.8772727721036478,0.9090058357454374,0.8455397084618583,DEU
Germany,DEU,OWID,Deaths,Cori_step,2020-05-03,0.8489271269017131,1.14563362251436,0.5961841848801426,DEU
Germany,DEU,OWID,Deaths,Cori_step,2020-05-04,0.8926969780574905,1.1106746373883176,0.6982434950633665,DEU
Germany,DEU,OWID,Deaths,Cori_step,2020-05-05,0.8926969780574905,1.1106746373883176,0.6982434950633665,DEU
Germany,DEU,OWID,Deaths,Cori_step,2020-05-06,0.8962327420697956,1.2197403781720573,0.6220156441351855,DEU
Germany,DEU,OWID,Deaths,Cori_step,2020-05-07,0.8021453676343012,0.9139549357281028,0.6903357995404997,DEU
Germany,DEU,OWID,Deaths,Cori_step,2020-05-08,0.8021453676343012,0.9139549357281028,0.6903357995404997,DEU
Germany,DEU,OWID,Deaths,Cori_step,2020-05-09,0.8021453676343012,0.9139549357281028,0.6903357995404997,DEU
Germany,DEU,OWID,Deaths,Cori_step,2020-05-10,0.8021453676343012,0.9139549357281028,0.6903357995404997,DEU
Germany,DEU,OWID,Deaths,Cori_step,2020-05-11,0.8021453676343012,0.9139549357281028,0.6903357995404997,DEU
Germany,DEU,OWID,Deaths,Cori_step,2020-05-12,0.8021453676343012,0.9139549357281028,0.6903357995404997,DEU
Germany,DEU,OWID,Deaths,Cori_step,2020-05-13,0.8021453676343012,0.9139549357281028,0.6903357995404997,DEU
Germany,DEU,OWID,Deaths,Cori_step,2020-05-14,0.8021453676343012,0.9139549357281028,0.6903357995404997,DEU
Germany,DEU,OWID,Deaths,Cori_step,2020-05-15,0.8021453676343012,0.9139549357281028,0.6903357995404997,DEU
Germany,DEU,OWID,Deaths,Cori_step,2020-05-16,0.7500028431381668,0.9598554256645,0.5657303563223818,DEU
Germany,DEU,OWID,Deaths,Cori_step,2020-05-17,0.7500028431381668,0.9598554256645,0.5657303563223818,DEU
Germany,DEU,OWID,Deaths,Cori_step,2020-05-18,0.7500028431381668,0.9598554256645,0.5657303563223818,DEU
Germany,DEU,OWID,Deaths,Cori_step,2020-05-19,0.8355165388755953,0.9285039478065246,0.7473716148402829,DEU
Germany,DEU,OWID,Deaths,Cori_step,2020-05-20,0.8355165388755953,0.9285039478065246,0.7473716148402829,DEU
Germany,DEU,OWID,Deaths,Cori_step,2020-05-21,0.8355165388755953,0.9285039478065246,0.7473716148402829,DEU
Germany,DEU,OWID,Deaths,Cori_step,2020-05-22,0.8355165388755953,0.9285039478065246,0.7473716148402829,DEU
Germany,DEU,OWID,Deaths,Cori_step,2020-05-23,0.8355165388755953,0.9285039478065246,0.7473716148402829,DEU
Germany,DEU,OWID,Deaths,Cori_step,2020-05-24,0.8355165388755953,0.9285039478065246,0.7473716148402829,DEU
Germany,DEU,OWID,Deaths,Cori_step,2020-05-25,0.8355165388755953,0.9285039478065246,0.7473716148402829,DEU
Germany,DEU,OWID,Deaths,Cori_step,2020-05-26,0.8355165388755953,0.9285039478065246,0.7473716148402829,DEU
Germany,DEU,OWID,Deaths,Cori_step,2020-05-27,0.8355165388755953,0.9285039478065246,0.7473716148402829,DEU
Germany,DEU,OWID,Deaths,Cori_step,2020-05-28,0.8355165388755953,0.9285039478065246,0.7473716148402829,DEU
Germany,DEU,OWID,Deaths,Cori_step,2020-05-29,0.8355165388755953,0.9285039478065246,0.7473716148402829,DEU
Germany,DEU,OWID,Deaths,Cori_step,2020-05-30,0.8355165388755953,0.9285039478065246,0.7473716148402829,DEU
Germany,DEU,OWID,Deaths,Cori_step,2020-05-31,0.8355165388755953,0.9285039478065246,0.7473716148402829,DEU
Germany,DEU,OWID,Deaths,Cori_step,2020-06-01,0.8355165388755953,0.9285039478065246,0.7473716148402829,DEU
Germany,DEU,OWID,Deaths,Cori_step,2020-06-02,0.8355165388755953,0.9285039478065246,0.7473716148402829,DEU
Germany,DEU,OWID,Deaths,Cori_step,2020-06-03,0.8355165388755953,0.9285039478065246,0.7473716148402829,DEU
Germany,DEU,OWID,Deaths,Cori_step,2020-06-04,0.8355165388755953,0.9285039478065246,0.7473716148402829,DEU
Germany,DEU,OWID,Deaths,Cori_step,2020-06-05,0.8355165388755953,0.9285039478065246,0.7473716148402829,DEU
Germany,DEU,OWID,Deaths,Cori_step,2020-06-06,0.8355165388755953,0.9285039478065246,0.7473716148402829,DEU
Germany,DEU,OWID,Deaths,Cori_step,2020-06-07,0.8355165388755953,0.9285039478065246,0.7473716148402829,DEU
Germany,DEU,OWID,Deaths,Cori_step,2020-06-08,0.8355165388755953,0.9285039478065246,0.7473716148402829,DEU
Germany,DEU,OWID,Deaths,Cori_step,2020-06-09,0.8355165388755953,0.9285039478065246,0.7473716148402829,DEU
Germany,DEU,OWID,Deaths,Cori_step,2020-06-10,0.8355165388755953,0.9285039478065246,0.7473716148402829,DEU
Germany,DEU,OWID,Deaths,Cori_step,2020-06-11,0.8355165388755953,0.9285039478065246,0.7473716148402829,DEU
Germany,DEU,OWID,Deaths,Cori_step,2020-06-12,0.8355165388755953,0.9285039478065246,0.7473716148402829,DEU
Germany,DEU,OWID,Deaths,Cori_step,2020-06-13,0.8355165388755953,0.9285039478065246,0.7473716148402829,DEU
Germany,DEU,OWID,Deaths,Cori_step,2020-06-14,0.8355165388755953,0.9285039478065246,0.7473716148402829,DEU
Germany,DEU,OWID,Deaths,Cori_step,2020-06-15,0.8355165388755953,0.9285039478065246,0.7473716148402829,DEU
Germany,DEU,OWID,Deaths,Cori_step,2020-06-16,0.8355165388755953,0.9285039478065246,0.7473716148402829,DEU
Germany,DEU,OWID,Deaths,Cori_step,2020-06-17,0.8355165388755953,0.9285039478065246,0.7473716148402829,DEU
Germany,DEU,OWID,Deaths,Cori_step,2020-06-18,0.8382260482079167,1.0319126886561325,0.6644266488555249,DEU
Germany,DEU,OWID,Deaths,Cori_step,2020-06-19,0.8382260482079167,1.0319126886561325,0.6644266488555249,DEU
Germany,DEU,OWID,Deaths,Cori_step,2020-06-20,0.8382260482079167,1.0319126886561325,0.6644266488555249,DEU
Germany,DEU,OWID,Deaths,Cori_step,2020-06-21,0.8382260482079167,1.0319126886561325,0.6644266488555249,DEU
Germany,DEU,OWID,Deaths,Cori_step,2020-06-22,0.8382260482079167,1.0319126886561325,0.6644266488555249,DEU
Germany,DEU,OWID,Deaths,Cori_step,2020-06-23,0.8382260482079167,1.0319126886561325,0.6644266488555249,DEU
Germany,DEU,OWID,Deaths,Cori_step,2020-06-24,0.8382260482079167,1.0319126886561325,0.6644266488555249,DEU
Germany,DEU,OWID,Deaths,Cori_step,2020-06-25,0.8382260482079167,1.0319126886561325,0.6644266488555249,DEU
Germany,DEU,OWID,Deaths,Cori_step,2020-06-26,0.8382260482079167,1.0319126886561325,0.6644266488555249,DEU
Germany,DEU,OWID,Deaths,Cori_step,2020-06-27,0.8382260482079167,1.0319126886561325,0.6644266488555249,DEU
Germany,DEU,OWID,Deaths,Cori_step,2020-06-28,0.8382260482079167,1.0319126886561325,0.6644266488555249,DEU
Germany,DEU,OWID,Deaths,Cori_step,2020-06-29,0.8382260482079167,1.0319126886561325,0.6644266488555249,DEU
Germany,DEU,OWID,Deaths,Cori_step,2020-06-30,0.8382260482079167,1.0319126886561325,0.6644266488555249,DEU
Germany,DEU,OWID,Deaths,Cori_step,2020-07-01,0.8382260482079167,1.0319126886561325,0.6644266488555249,DEU
Germany,DEU,OWID,Deaths,Cori_step,2020-07-02,0.8382260482079167,1.0319126886561325,0.6644266488555249,DEU
Germany,DEU,OWID,Deaths,Cori_step,2020-07-03,0.8382260482079167,1.0319126886561325,0.6644266488555249,DEU
Germany,DEU,OWID,Deaths,Cori_step,2020-07-04,0.8382260482079167,1.0319126886561325,0.6644266488555249,DEU
Germany,DEU,OWID,Deaths,Cori_step,2020-07-05,0.8382260482079167,1.0319126886561325,0.6644266488555249,DEU
Germany,DEU,OWID,Deaths,Cori_step,2020-07-06,0.8382260482079167,1.0319126886561325,0.6644266488555249,DEU
Germany,DEU,OWID,Deaths,Cori_step,2020-07-07,1.0658406280664028,1.2574761044257246,0.8898496770464251,DEU
Germany,DEU,OWID,Deaths,Cori_step,2020-07-08,1.0658406280664028,1.2574761044257246,0.8898496770464251,DEU
Germany,DEU,OWID,Deaths,Cori_step,2020-07-09,1.0658406280664028,1.2574761044257246,0.8898496770464251,DEU
Germany,DEU,OWID,Deaths,Cori_step,2020-07-10,1.0658406280664028,1.2574761044257246,0.8898496770464251,DEU
Germany,DEU,OWID,Deaths,Cori_step,2020-07-11,1.0658406280664028,1.2574761044257246,0.8898496770464251,DEU
Germany,DEU,OWID,Deaths,Cori_step,2020-07-12,1.0658406280664028,1.2574761044257246,0.8898496770464251,DEU
Germany,DEU,OWID,Deaths,Cori_step,2020-07-13,1.0658406280664028,1.2574761044257246,0.8898496770464251,DEU
Germany,DEU,OWID,Deaths,Cori_step,2020-07-14,1.0658406280664028,1.2574761044257246,0.8898496770464251,DEU
Germany,DEU,OWID,Deaths,Cori_step,2020-07-15,1.0658406280664028,1.2574761044257246,0.8898496770464251,DEU
Germany,DEU,OWID,Deaths,Cori_step,2020-07-16,1.0658406280664028,1.2574761044257246,0.8898496770464251,DEU
Germany,DEU,OWID,Deaths,Cori_step,2020-07-17,1.0658406280664028,1.2574761044257246,0.8898496770464251,DEU
Germany,DEU,OWID,Deaths,Cori_step,2020-07-18,1.0658406280664028,1.2574761044257246,0.8898496770464251,DEU
Germany,DEU,OWID,Deaths,Cori_step,2020-07-19,1.0658406280664028,1.2574761044257246,0.8898496770464251,DEU
Germany,DEU,OWID,Deaths,Cori_step,2020-07-20,1.0658406280664028,1.2574761044257246,0.8898496770464251,DEU
Germany,DEU,OWID,Deaths,Cori_step,2020-07-21,1.0658406280664028,1.2574761044257246,0.8898496770464251,DEU
Germany,DEU,OWID,Deaths,Cori_step,2020-07-22,1.0658406280664028,1.2574761044257246,0.8898496770464251,DEU
Germany,DEU,OWID,Deaths,Cori_step,2020-07-23,1.0658406280664028,1.2574761044257246,0.8898496770464251,DEU
Germany,DEU,OWID,Deaths,Cori_step,2020-07-24,1.0658406280664028,1.2574761044257246,0.8898496770464251,DEU
Germany,DEU,OWID,Deaths,Cori_step,2020-07-25,1.0658406280664028,1.2574761044257246,0.8898496770464251,DEU
Germany,DEU,OWID,Deaths,Cori_step,2020-07-26,1.0658406280664028,1.2574761044257246,0.8898496770464251,DEU
Germany,DEU,OWID,Deaths,Cori_step,2020-07-27,1.0658406280664028,1.2574761044257246,0.8898496770464251,DEU
Germany,DEU,OWID,Deaths,Cori_step,2020-07-28,1.0658406280664028,1.2574761044257246,0.8898496770464251,DEU
Germany,DEU,OWID,Deaths,Cori_step,2020-07-29,1.0658406280664028,1.2574761044257246,0.8898496770464251,DEU
Germany,DEU,OWID,Deaths,Cori_step,2020-07-30,1.0658406280664028,1.2574761044257246,0.8898496770464251,DEU
Germany,DEU,OWID,Deaths,Cori_step,2020-07-31,0.9193473107590288,1.254271759243085,0.6358603015026498,DEU
Germany,DEU,OWID,Deaths,Cori_step,2020-08-01,0.9193473107590288,1.254271759243085,0.6358603015026498,DEU
Germany,DEU,OWID,Deaths,Cori_step,2020-08-02,0.9193473107590288,1.254271759243085,0.6358603015026498,DEU
Germany,DEU,OWID,Deaths,Cori_step,2020-08-03,0.9193473107590288,1.254271759243085,0.6358603015026498,DEU
Germany,DEU,OWID,Deaths,Cori_step,2020-08-04,0.9193473107590288,1.254271759243085,0.6358603015026498,DEU
Germany,DEU,OWID,Deaths,Cori_step,2020-08-05,0.9193473107590288,1.254271759243085,0.6358603015026498,DEU
Germany,DEU,OWID,Deaths,Cori_step,2020-08-06,0.9193473107590288,1.254271759243085,0.6358603015026498,DEU
Germany,DEU,OWID,Deaths,Cori_step,2020-08-07,0.8691980532741674,1.8641986206722776,0.2510497264246951,DEU
Germany,DEU,OWID,Deaths,Cori_step,2020-08-08,0.9175085250967742,1.1638377681108472,0.7001214914390851,DEU
Germany,DEU,OWID,Deaths,Cori_step,2020-08-09,0.9175085250967742,1.1638377681108472,0.7001214914390851,DEU
Germany,DEU,OWID,Deaths,Cori_step,2020-08-10,0.9175085250967742,1.1638377681108472,0.7001214914390851,DEU
Germany,DEU,OWID,Deaths,Cori_step,2020-08-11,0.9175085250967742,1.1638377681108472,0.7001214914390851,DEU
Germany,DEU,OWID,Deaths,Cori_step,2020-08-12,0.9175085250967742,1.1638377681108472,0.7001214914390851,DEU
Germany,DEU,OWID,Deaths,Cori_step,2020-08-13,0.9175085250967742,1.1638377681108472,0.7001214914390851,DEU
Germany,DEU,OWID,Deaths,Cori_step,2020-08-14,0.9175085250967742,1.1638377681108472,0.7001214914390851,DEU
Germany,DEU,OWID,Deaths,Cori_step,2020-08-15,0.9175085250967742,1.1638377681108472,0.7001214914390851,DEU
Germany,DEU,OWID,Deaths,Cori_step,2020-08-16,0.9175085250967742,1.1638377681108472,0.7001214914390851,DEU
Germany,DEU,OWID,Deaths,Cori_step,2020-08-17,0.9175085250967742,1.1638377681108472,0.7001214914390851,DEU
Germany,DEU,OWID,Deaths,Cori_step,2020-08-18,0.9175085250967742,1.1638377681108472,0.7001214914390851,DEU
Germany,DEU,OWID,Deaths,Cori_step,2020-08-19,0.9175085250967742,1.1638377681108472,0.7001214914390851,DEU
Germany,DEU,OWID,Deaths,Cori_step,2020-08-20,0.9175085250967742,1.1638377681108472,0.7001214914390851,DEU
Germany,DEU,OWID,Deaths,Cori_step,2020-08-21,0.9175085250967742,1.1638377681108472,0.7001214914390851,DEU
Germany,DEU,OWID,Deaths,Cori_step,2020-08-22,0.9175085250967742,1.1638377681108472,0.7001214914390851,DEU
Germany,DEU,OWID,Deaths,Cori_step,2020-08-23,0.9175085250967742,1.1638377681108472,0.7001214914390851,DEU
Germany,DEU,OWID,Deaths,Cori_step,2020-08-24,1.3591730192437192,1.7404533607608952,1.0244754505179683,DEU
Germany,DEU,OWID,Deaths,Cori_step,2020-08-25,1.3591730192437192,1.7404533607608952,1.0244754505179683,DEU
Germany,DEU,OWID,Deaths,Cori_step,2020-08-26,1.3591730192437192,1.7404533607608952,1.0244754505179683,DEU
Germany,DEU,OWID,Deaths,Cori_step,2020-08-27,1.3591730192437192,1.7404533607608952,1.0244754505179683,DEU
Germany,DEU,OWID,Deaths,Cori_step,2020-08-28,1.3591730192437192,1.7404533607608952,1.0244754505179683,DEU
Germany,DEU,OWID,Deaths,Cori_step,2020-08-29,1.3591730192437192,1.7404533607608952,1.0244754505179683,DEU
Germany,DEU,OWID,Deaths,Cori_step,2020-08-30,1.3591730192437192,1.7404533607608952,1.0244754505179683,DEU
Germany,DEU,OWID,Deaths,Cori_step,2020-08-31,1.3591730192437192,1.7404533607608952,1.0244754505179683,DEU
Germany,DEU,OWID,Deaths,Cori_step,2020-09-01,1.3591730192437192,1.7404533607608952,1.0244754505179683,DEU
Germany,DEU,OWID,Deaths,Cori_step,2020-09-02,1.3591730192437192,1.7404533607608952,1.0244754505179683,DEU
Germany,DEU,OWID,Deaths,Cori_step,2020-09-03,1.43525632797191,2.5547991625958937,0.6357060766151353,DEU
Germany,DEU,OWID,Deaths,Cori_step,2020-09-04,1.418236394101141,1.5142246985522791,1.3222480896500035,DEU
Germany,DEU,OWID,Deaths,Cori_step,2020-09-05,1.418236394101141,1.5142246985522791,1.3222480896500035,DEU
Germany,DEU,OWID,Deaths,Cori_step,2020-09-06,1.418236394101141,1.5142246985522791,1.3222480896500035,DEU
Germany,DEU,OWID,Deaths,Cori_step,2020-09-07,1.418236394101141,1.5142246985522791,1.3222480896500035,DEU
Germany,DEU,OWID,Deaths,Cori_step,2020-09-08,1.418236394101141,1.5142246985522791,1.3222480896500035,DEU
Germany,DEU,OWID,Deaths,Cori_step,2020-09-09,1.418236394101141,1.5142246985522791,1.3222480896500035,DEU
Germany,DEU,OWID,Deaths,Cori_step,2020-09-10,1.418236394101141,1.5142246985522791,1.3222480896500035,DEU
Germany,DEU,OWID,Deaths,Cori_step,2020-09-11,1.418236394101141,1.5142246985522791,1.3222480896500035,DEU
Germany,DEU,OWID,Deaths,Cori_step,2020-09-12,1.418236394101141,1.5142246985522791,1.3222480896500035,DEU
Germany,DEU,OWID,Deaths,Cori_step,2020-09-13,1.418236394101141,1.5142246985522791,1.3222480896500035,DEU
Germany,DEU,OWID,Deaths,Cori_step,2020-09-14,1.418236394101141,1.5142246985522791,1.3222480896500035,DEU
Germany,DEU,OWID,Deaths,Cori_step,2020-09-15,1.418236394101141,1.5142246985522791,1.3222480896500035,DEU
Germany,DEU,OWID,Deaths,Cori_step,2020-09-16,1.418236394101141,1.5142246985522791,1.3222480896500035,DEU
Germany,DEU,OWID,Deaths,Cori_step,2020-09-17,1.418236394101141,1.5142246985522791,1.3222480896500035,DEU
Germany,DEU,OWID,Deaths,Cori_step,2020-09-18,1.418236394101141,1.5142246985522791,1.3222480896500035,DEU
Germany,DEU,OWID,Deaths,Cori_step,2020-09-19,1.418236394101141,1.5142246985522791,1.3222480896500035,DEU
Germany,DEU,OWID,Deaths,Cori_step,2020-09-20,1.418236394101141,1.5142246985522791,1.3222480896500035,DEU
Germany,DEU,OWID,Deaths,Cori_step,2020-09-21,1.418236394101141,1.5142246985522791,1.3222480896500035,DEU
Germany,DEU,OWID,Deaths,Cori_step,2020-09-22,1.418236394101141,1.5142246985522791,1.3222480896500035,DEU
Germany,DEU,OWID,Deaths,Cori_step,2020-09-23,1.418236394101141,1.5142246985522791,1.3222480896500035,DEU
Germany,DEU,OWID,Deaths,Cori_step,2020-09-24,1.418236394101141,1.5142246985522791,1.3222480896500035,DEU
Germany,DEU,OWID,Deaths,Cori_step,2020-09-25,1.418236394101141,1.5142246985522791,1.3222480896500035,DEU
Germany,DEU,OWID,Deaths,Cori_step,2020-09-26,1.418236394101141,1.5142246985522791,1.3222480896500035,DEU
Germany,DEU,OWID,Deaths,Cori_step,2020-09-27,1.418236394101141,1.5142246985522791,1.3222480896500035,DEU
Germany,DEU,OWID,Deaths,Cori_step,2020-09-28,1.418236394101141,1.5142246985522791,1.3222480896500035,DEU
Germany,DEU,OWID,Deaths,Cori_step,2020-09-29,1.418236394101141,1.5142246985522791,1.3222480896500035,DEU
Germany,DEU,OWID,Deaths,Cori_step,2020-09-30,1.418236394101141,1.5142246985522791,1.3222480896500035,DEU
Germany,DEU,OWID,Deaths,Cori_step,2020-10-01,1.418236394101141,1.5142246985522791,1.3222480896500035,DEU
Germany,DEU,OWID,Deaths,Cori_step,2020-10-02,1.418236394101141,1.5142246985522791,1.3222480896500035,DEU
Germany,DEU,OWID,Deaths,Cori_step,2020-10-03,1.418236394101141,1.5142246985522791,1.3222480896500035,DEU
Germany,DEU,OWID,Deaths,Cori_step,2020-10-04,1.418236394101141,1.5142246985522791,1.3222480896500035,DEU
Germany,DEU,OWID,Deaths,Cori_step,2020-10-05,1.418236394101141,1.5142246985522791,1.3222480896500035,DEU
Germany,DEU,OWID,Deaths,Cori_step,2020-10-06,1.418236394101141,1.5142246985522791,1.3222480896500035,DEU
Germany,DEU,OWID,Deaths,Cori_step,2020-10-07,1.418236394101141,1.5142246985522791,1.3222480896500035,DEU
Germany,DEU,OWID,Deaths,Cori_step,2020-10-08,1.418236394101141,1.5142246985522791,1.3222480896500035,DEU
Germany,DEU,OWID,Deaths,Cori_step,2020-10-09,1.418236394101141,1.5142246985522791,1.3222480896500035,DEU
Germany,DEU,OWID,Deaths,Cori_step,2020-10-10,1.418236394101141,1.5142246985522791,1.3222480896500035,DEU
Germany,DEU,OWID,Deaths,Cori_step,2020-10-11,1.418236394101141,1.5142246985522791,1.3222480896500035,DEU
Germany,DEU,OWID,Deaths,Cori_step,2020-10-12,1.418236394101141,1.5142246985522791,1.3222480896500035,DEU
Germany,DEU,OWID,Deaths,Cori_step,2020-10-13,1.418236394101141,1.5142246985522791,1.3222480896500035,DEU
Germany,DEU,OWID,Deaths,Cori_step,2020-10-14,1.418236394101141,1.5142246985522791,1.3222480896500035,DEU
Germany,DEU,OWID,Deaths,Cori_step,2020-10-15,1.4049375813550262,1.6042908539744702,1.2055843087355822,DEU
Germany,DEU,OWID,Deaths,Cori_step,2020-10-16,1.4049375813550262,1.6042908539744702,1.2055843087355822,DEU
Germany,DEU,OWID,Deaths,Cori_step,2020-10-17,1.4049375813550262,1.6042908539744702,1.2055843087355822,DEU
Germany,DEU,OWID,Deaths,Cori_step,2020-10-18,1.4049375813550262,1.6042908539744702,1.2055843087355822,DEU
Germany,DEU,OWID,Deaths,Cori_step,2020-10-19,1.4049375813550262,1.6042908539744702,1.2055843087355822,DEU
Germany,DEU,OWID,Deaths,Cori_step,2020-10-20,1.4049375813550262,1.6042908539744702,1.2055843087355822,DEU
Germany,DEU,OWID,Deaths,Cori_step,2020-10-21,1.4049375813550262,1.6042908539744702,1.2055843087355822,DEU
Germany,DEU,OWID,Deaths,Cori_step,2020-10-22,1.2201150377140586,1.3911089294648489,1.0491211459632686,DEU
Germany,DEU,OWID,Deaths,Cori_step,2020-10-23,1.2201150377140586,1.3911089294648489,1.0491211459632686,DEU
Germany,DEU,OWID,Deaths,Cori_step,2020-10-24,1.2201150377140586,1.3911089294648489,1.0491211459632686,DEU
Germany,DEU,OWID,Deaths,Cori_step,2020-10-25,1.2201150377140586,1.3911089294648489,1.0491211459632686,DEU
Germany,DEU,OWID,Deaths,Cori_step,2020-10-26,1.2201150377140586,1.3911089294648489,1.0491211459632686,DEU
Germany,DEU,OWID,Deaths,Cori_step,2020-10-27,1.2201150377140586,1.3911089294648489,1.0491211459632686,DEU
Germany,DEU,OWID,Deaths,Cori_step,2020-10-28,1.2201150377140586,1.3911089294648489,1.0491211459632686,DEU
Germany,DEU,OWID,Deaths,Cori_step,2020-10-29,1.2201150377140586,1.3911089294648489,1.0491211459632686,DEU
Germany,DEU,OWID,Deaths,Cori_step,2020-10-30,1.2201150377140586,1.3911089294648489,1.0491211459632686,DEU
Germany,DEU,OWID,Deaths,Cori_step,2020-10-31,1.2201150377140586,1.3911089294648489,1.0491211459632686,DEU
Germany,DEU,OWID,Deaths,Cori_step,2020-11-01,1.2201150377140586,1.3911089294648489,1.0491211459632686,DEU
Germany,DEU,OWID,Deaths,Cori_step,2020-11-02,1.1701186581147065,1.2383403625062637,1.101896953723149,DEU
Germany,DEU,OWID,Deaths,Cori_step,2020-11-03,1.1701186581147065,1.2383403625062637,1.101896953723149,DEU
Germany,DEU,OWID,Deaths,Cori_step,2020-11-04,1.1701186581147065,1.2383403625062637,1.101896953723149,DEU
Germany,DEU,OWID,Deaths,Cori_step,2020-11-05,1.1701186581147065,1.2383403625062637,1.101896953723149,DEU
Germany,DEU,OWID,Deaths,Cori_step,2020-11-06,1.1701186581147065,1.2383403625062637,1.101896953723149,DEU
Germany,DEU,OWID,Deaths,Cori_step,2020-11-07,1.1701186581147065,1.2383403625062637,1.101896953723149,DEU
Germany,DEU,OWID,Deaths,Cori_step,2020-11-08,1.1701186581147065,1.2383403625062637,1.101896953723149,DEU
Germany,DEU,OWID,Deaths,Cori_step,2020-11-09,1.1701186581147065,1.2383403625062637,1.101896953723149,DEU
Germany,DEU,OWID,Deaths,Cori_step,2020-11-10,1.1701186581147065,1.2383403625062637,1.101896953723149,DEU
Germany,DEU,OWID,Deaths,Cori_step,2020-11-11,1.1701186581147065,1.2383403625062637,1.101896953723149,DEU
Germany,DEU,OWID,Deaths,Cori_step,2020-11-12,1.1701186581147065,1.2383403625062637,1.101896953723149,DEU
Germany,DEU,OWID,Deaths,Cori_step,2020-11-13,1.1701186581147065,1.2383403625062637,1.101896953723149,DEU
Germany,DEU,OWID,Deaths,Cori_step,2020-11-14,1.1701186581147065,1.2383403625062637,1.101896953723149,DEU
Germany,DEU,OWID,Deaths,Cori_step,2020-11-15,1.1701186581147065,1.2383403625062637,1.101896953723149,DEU
Germany,DEU,OWID,Deaths,Cori_step,2020-11-16,1.1701186581147065,1.2383403625062637,1.101896953723149,DEU
Germany,DEU,OWID,Deaths,Cori_step,2020-11-17,1.1701186581147065,1.2383403625062637,1.101896953723149,DEU
Germany,DEU,OWID,Deaths,Cori_step,2020-11-18,1.1701186581147065,1.2383403625062637,1.101896953723149,DEU
Germany,DEU,OWID,Deaths,Cori_step,2020-11-19,1.1701186581147065,1.2383403625062637,1.101896953723149,DEU
Germany,DEU,OWID,Deaths,Cori_step,2020-11-20,1.1701186581147065,1.2383403625062637,1.101896953723149,DEU
Germany,DEU,OWID,Deaths,Cori_step,2020-11-21,1.1701186581147065,1.2383403625062637,1.101896953723149,DEU
Germany,DEU,OWID,Deaths,Cori_step,2020-11-22,1.1701186581147065,1.2383403625062637,1.101896953723149,DEU
Germany,DEU,OWID,Deaths,Cori_step,2020-11-23,1.1701186581147065,1.2383403625062637,1.101896953723149,DEU
Germany,DEU,OWID,Deaths,Cori_step,2020-11-24,1.1701186581147065,1.2383403625062637,1.101896953723149,DEU
Germany,DEU,OWID,Deaths,Cori_step,2020-11-25,1.1701186581147065,1.2383403625062637,1.101896953723149,DEU
Germany,DEU,OWID,Deaths,Cori_step,2020-11-26,1.1701186581147065,1.2383403625062637,1.101896953723149,DEU
Germany,DEU,OWID,Deaths,Cori_step,2020-11-27,1.1701186581147065,1.2383403625062637,1.101896953723149,DEU
Germany,DEU,OWID,Deaths,Cori_step,2020-11-28,1.1701186581147065,1.2383403625062637,1.101896953723149,DEU
Germany,DEU,OWID,Deaths,Cori_step,2020-11-29,1.1701186581147065,1.2383403625062637,1.101896953723149,DEU
Germany,DEU,OWID,Deaths,Cori_step,2020-11-30,1.0421138551137623,1.159360926747358,0.9248667834801668,DEU
Germany,DEU,OWID,Deaths,Cori_step,2020-12-01,1.0421138551137623,1.159360926747358,0.9248667834801668,DEU
Germany,DEU,OWID,Deaths,Cori_step,2020-12-02,1.0421138551137623,1.159360926747358,0.9248667834801668,DEU
Germany,DEU,OWID,Deaths,Cori_step,2020-12-03,1.0421138551137623,1.159360926747358,0.9248667834801668,DEU
Germany,DEU,OWID,Deaths,Cori_step,2020-12-04,1.0421138551137623,1.159360926747358,0.9248667834801668,DEU
Germany,DEU,OWID,Deaths,Cori_step,2020-12-05,1.0421138551137623,1.159360926747358,0.9248667834801668,DEU
Germany,DEU,OWID,Deaths,Cori_step,2020-12-06,1.0421138551137623,1.159360926747358,0.9248667834801668,DEU
Germany,DEU,OWID,Deaths,Cori_step,2020-12-07,1.0421138551137623,1.159360926747358,0.9248667834801668,DEU
Germany,DEU,OWID,Deaths,Cori_step,2020-12-08,1.0421138551137623,1.159360926747358,0.9248667834801668,DEU
Germany,DEU,OWID,Deaths,Cori_step,2020-12-09,1.0421138551137623,1.159360926747358,0.9248667834801668,DEU
Germany,DEU,OWID,Deaths,Cori_step,2020-12-10,1.0421138551137623,1.159360926747358,0.9248667834801668,DEU
Germany,DEU,OWID,Deaths,Cori_step,2020-12-11,1.0421138551137623,1.159360926747358,0.9248667834801668,DEU
Germany,DEU,OWID,Deaths,Cori_step,2020-12-12,1.0421138551137623,1.159360926747358,0.9248667834801668,DEU
Germany,DEU,OWID,Deaths,Cori_step,2020-12-13,1.0421138551137623,1.159360926747358,0.9248667834801668,DEU
Germany,DEU,OWID,Deaths,Cori_step,2020-12-14,1.0421138551137623,1.159360926747358,0.9248667834801668,DEU
Germany,DEU,OWID,Deaths,Cori_step,2020-12-15,1.1823193460872718,1.417324085546362,0.9473146066281816,DEU
Germany,DEU,OWID,Deaths,Cori_step,2020-12-16,1.0272292294046288,1.102214647710298,0.9522438110989596,DEU
Germany,DEU,OWID,Deaths,Cori_step,2020-12-17,1.0272292294046288,1.102214647710298,0.9522438110989596,DEU
Germany,DEU,OWID,Deaths,Cori_step,2020-12-18,1.0272292294046288,1.102214647710298,0.9522438110989596,DEU
Germany,DEU,OWID,Deaths,Cori_step,2020-12-19,1.0272292294046288,1.102214647710298,0.9522438110989596,DEU
Germany,DEU,OWID,Deaths,Cori_step,2020-12-20,1.0272292294046288,1.102214647710298,0.9522438110989596,DEU
Germany,DEU,OWID,Deaths,Cori_step,2020-12-21,1.0272292294046288,1.102214647710298,0.9522438110989596,DEU
Germany,DEU,OWID,Deaths,Cori_step,2020-12-22,1.0272292294046288,1.102214647710298,0.9522438110989596,DEU
Germany,DEU,OWID,Deaths,Cori_step,2020-12-23,1.0272292294046288,1.102214647710298,0.9522438110989596,DEU
Germany,DEU,OWID,Deaths,Cori_step,2020-12-24,1.0272292294046288,1.102214647710298,0.9522438110989596,DEU
Germany,DEU,OWID,Deaths,Cori_step,2020-12-25,1.0272292294046288,1.102214647710298,0.9522438110989596,DEU
Germany,DEU,OWID,Deaths,Cori_step,2020-12-26,1.0272292294046288,1.102214647710298,0.9522438110989596,DEU
Germany,DEU,OWID,Deaths,Cori_step,2020-12-27,1.0272292294046288,1.102214647710298,0.9522438110989596,DEU
Germany,DEU,OWID,Deaths,Cori_step,2020-12-28,1.0272292294046288,1.102214647710298,0.9522438110989596,DEU
Germany,DEU,OWID,Deaths,Cori_step,2020-12-29,1.0272292294046288,1.102214647710298,0.9522438110989596,DEU
Germany,DEU,OWID,Deaths,Cori_step,2020-12-30,1.0272292294046288,1.102214647710298,0.9522438110989596,DEU
Germany,DEU,OWID,Deaths,Cori_step,2020-12-31,1.0272292294046288,1.102214647710298,0.9522438110989596,DEU
Germany,DEU,OWID,Deaths,Cori_step,2021-01-01,1.0272292294046288,1.102214647710298,0.9522438110989596,DEU
Germany,DEU,OWID,Deaths,Cori_step,2021-01-02,1.0272292294046288,1.102214647710298,0.9522438110989596,DEU
Germany,DEU,OWID,Deaths,Cori_step,2021-01-03,1.0272292294046288,1.102214647710298,0.9522438110989596,DEU
Germany,DEU,OWID,Deaths,Cori_step,2021-01-04,1.0272292294046288,1.102214647710298,0.9522438110989596,DEU
Germany,DEU,OWID,Deaths,Cori_step,2021-01-05,0.9187753271893304,1.0756671972801295,0.7618834570985316,DEU
Germany,DEU,OWID,Deaths,Cori_step,2021-01-06,0.9187753271893304,1.0756671972801295,0.7618834570985316,DEU
Germany,DEU,OWID,Deaths,Cori_step,2021-01-07,0.9187753271893304,1.0756671972801295,0.7618834570985316,DEU
Germany,DEU,OWID,Deaths,Cori_step,2021-01-08,0.9187753271893304,1.0756671972801295,0.7618834570985316,DEU
Germany,DEU,OWID,Deaths,Cori_step,2021-01-09,0.9187753271893304,1.0756671972801295,0.7618834570985316,DEU
Germany,DEU,OWID,Deaths,Cori_step,2021-01-10,0.8714269823524846,0.9088929822930268,0.8339609824119425,DEU
Germany,DEU,OWID,Deaths,Cori_step,2021-01-11,0.8714269823524846,0.9088929822930268,0.8339609824119425,DEU
Germany,DEU,OWID,Deaths,Cori_step,2021-01-12,0.8714269823524846,0.9088929822930268,0.8339609824119425,DEU
Germany,DEU,OWID,Deaths,Cori_step,2021-01-13,0.8714269823524846,0.9088929822930268,0.8339609824119425,DEU
Germany,DEU,OWID,Deaths,Cori_step,2021-01-14,0.8714269823524846,0.9088929822930268,0.8339609824119425,DEU
Germany,DEU,OWID,Deaths,Cori_step,2021-01-15,0.8714269823524846,0.9088929822930268,0.8339609824119425,DEU
Germany,DEU,OWID,Deaths,Cori_step,2021-01-16,0.8714269823524846,0.9088929822930268,0.8339609824119425,DEU
Germany,DEU,OWID,Deaths,Cori_step,2021-01-17,0.8714269823524846,0.9088929822930268,0.8339609824119425,DEU
Germany,DEU,OWID,Deaths,Cori_step,2021-01-18,0.8714269823524846,0.9088929822930268,0.8339609824119425,DEU
Germany,DEU,OWID,Deaths,Cori_step,2021-01-19,0.8714269823524846,0.9088929822930268,0.8339609824119425,DEU
Germany,DEU,OWID,Deaths,Cori_step,2021-01-20,0.8714269823524846,0.9088929822930268,0.8339609824119425,DEU
Germany,DEU,OWID,Deaths,Cori_step,2021-01-21,0.8714269823524846,0.9088929822930268,0.8339609824119425,DEU
Germany,DEU,OWID,Deaths,Cori_step,2021-01-22,0.8714269823524846,0.9088929822930268,0.8339609824119425,DEU
Germany,DEU,OWID,Deaths,Cori_step,2021-01-23,0.8714269823524846,0.9088929822930268,0.8339609824119425,DEU
Germany,DEU,OWID,Deaths,Cori_step,2021-01-24,0.8714269823524846,0.9088929822930268,0.8339609824119425,DEU
Germany,DEU,OWID,Deaths,Cori_step,2021-01-25,0.8714269823524846,0.9088929822930268,0.8339609824119425,DEU
Germany,DEU,OWID,Deaths,Cori_step,2021-01-26,0.8714269823524846,0.9088929822930268,0.8339609824119425,DEU
Germany,DEU,OWID,Deaths,Cori_step,2021-01-27,0.8714269823524846,0.9088929822930268,0.8339609824119425,DEU
Germany,DEU,OWID,Deaths,Cori_step,2021-01-28,0.8714269823524846,0.9088929822930268,0.8339609824119425,DEU
Germany,DEU,OWID,Deaths,Cori_step,2021-01-29,0.8714269823524846,0.9088929822930268,0.8339609824119425,DEU
Germany,DEU,OWID,Deaths,Cori_step,2021-01-30,0.8714269823524846,0.9088929822930268,0.8339609824119425,DEU
Germany,DEU,OWID,Deaths,Cori_step,2021-01-31,0.8714269823524846,0.9088929822930268,0.8339609824119425,DEU
Germany,DEU,OWID,Deaths,Cori_step,2021-02-01,0.8714269823524846,0.9088929822930268,0.8339609824119425,DEU
Germany,DEU,OWID,Deaths,Cori_step,2021-02-02,0.8714269823524846,0.9088929822930268,0.8339609824119425,DEU
Germany,DEU,OWID,Deaths,Cori_step,2021-02-03,0.8714269823524846,0.9088929822930268,0.8339609824119425,DEU
Germany,DEU,OWID,Deaths,Cori_step,2021-02-04,0.8714269823524846,0.9088929822930268,0.8339609824119425,DEU
Germany,DEU,OWID,Deaths,Cori_step,2021-02-05,0.8714269823524846,0.9088929822930268,0.8339609824119425,DEU
Germany,DEU,OWID,Deaths,Cori_step,2021-02-06,0.8714269823524846,0.9088929822930268,0.8339609824119425,DEU
Germany,DEU,OWID,Deaths,Cori_step,2021-02-07,0.8714269823524846,0.9088929822930268,0.8339609824119425,DEU
Germany,DEU,OWID,Deaths,Cori_step,2021-02-08,0.8714269823524846,0.9088929822930268,0.8339609824119425,DEU
Germany,DEU,OWID,Deaths,Cori_step,2021-02-09,0.8714269823524846,0.9088929822930268,0.8339609824119425,DEU
Germany,DEU,OWID,Deaths,Cori_step,2021-02-10,0.8714269823524846,0.9088929822930268,0.8339609824119425,DEU
Germany,DEU,OWID,Deaths,Cori_step,2021-02-11,0.8714269823524846,0.9088929822930268,0.8339609824119425,DEU
Germany,DEU,OWID,Deaths,Cori_step,2021-02-12,0.8714269823524846,0.9088929822930268,0.8339609824119425,DEU
Germany,DEU,OWID,Deaths,Cori_step,2021-02-13,0.8714269823524846,0.9088929822930268,0.8339609824119425,DEU
Germany,DEU,OWID,Deaths,Cori_step,2021-02-14,0.8714269823524846,0.9088929822930268,0.8339609824119425,DEU
Germany,DEU,OWID,Deaths,Cori_step,2021-02-15,0.8714269823524846,0.9088929822930268,0.8339609824119425,DEU
Germany,DEU,OWID,Deaths,Cori_step,2021-02-16,0.8714269823524846,0.9088929822930268,0.8339609824119425,DEU
Germany,DEU,OWID,Deaths,Cori_step,2021-02-17,0.8714269823524846,0.9088929822930268,0.8339609824119425,DEU
Germany,DEU,OWID,Deaths,Cori_step,2021-02-18,0.8714269823524846,0.9088929822930268,0.8339609824119425,DEU
Germany,DEU,OWID,Deaths,Cori_step,2021-02-19,0.8714269823524846,0.9088929822930268,0.8339609824119425,DEU
Germany,DEU,OWID,Deaths,Cori_step,2021-02-20,0.8714269823524846,0.9088929822930268,0.8339609824119425,DEU
Germany,DEU,OWID,Deaths,Cori_step,2021-02-21,0.8714269823524846,0.9088929822930268,0.8339609824119425,DEU
Germany,DEU,OWID,Deaths,Cori_step,2021-02-22,0.9177423680792316,1.0604813263900723,0.7750034097683904,DEU
Germany,DEU,OWID,Deaths,Cori_step,2021-02-23,0.9177423680792316,1.0604813263900723,0.7750034097683904,DEU
Germany,DEU,OWID,Deaths,Cori_step,2021-02-24,0.9177423680792316,1.0604813263900723,0.7750034097683904,DEU
Germany,DEU,OWID,Deaths,Cori_step,2021-02-25,0.9177423680792316,1.0604813263900723,0.7750034097683904,DEU
Germany,DEU,OWID,Deaths,Cori_step,2021-02-26,0.9177423680792316,1.0604813263900723,0.7750034097683904,DEU
Germany,DEU,OWID,Deaths,Cori_step,2021-02-27,0.9177423680792316,1.0604813263900723,0.7750034097683904,DEU
Germany,DEU,OWID,Deaths,Cori_step,2021-02-28,0.9177423680792316,1.0604813263900723,0.7750034097683904,DEU
Germany,DEU,OWID,Deaths,Cori_step,2021-03-01,1.0008678002004183,1.0934481431924818,0.9082874572083554,DEU
Germany,DEU,OWID,Deaths,Cori_step,2021-03-02,1.0008678002004183,1.0934481431924818,0.9082874572083554,DEU
Germany,DEU,OWID,Deaths,Cori_step,2021-03-03,1.0008678002004183,1.0934481431924818,0.9082874572083554,DEU
Germany,DEU,OWID,Deaths,Cori_step,2021-03-04,1.0008678002004183,1.0934481431924818,0.9082874572083554,DEU
Germany,DEU,OWID,Deaths,Cori_step,2021-03-05,1.0008678002004183,1.0934481431924818,0.9082874572083554,DEU
Germany,DEU,OWID,Deaths,Cori_step,2021-03-06,1.0008678002004183,1.0934481431924818,0.9082874572083554,DEU
Germany,DEU,OWID,Deaths,Cori_step,2021-03-07,1.0008678002004183,1.0934481431924818,0.9082874572083554,DEU
Germany,DEU,OWID,Deaths,Cori_step,2021-03-08,1.0008678002004183,1.0934481431924818,0.9082874572083554,DEU
Germany,DEU,OWID,Deaths,Cori_step,2021-03-09,1.0008678002004183,1.0934481431924818,0.9082874572083554,DEU
Germany,DEU,OWID,Deaths,Cori_step,2021-03-10,1.0008678002004183,1.0934481431924818,0.9082874572083554,DEU
Germany,DEU,OWID,Deaths,Cori_step,2021-03-11,1.0008678002004183,1.0934481431924818,0.9082874572083554,DEU
Germany,DEU,OWID,Deaths,Cori_step,2021-03-12,1.0008678002004183,1.0934481431924818,0.9082874572083554,DEU
Germany,DEU,OWID,Deaths,Cori_step,2021-03-13,1.0008678002004183,1.0934481431924818,0.9082874572083554,DEU
Germany,DEU,OWID,Deaths,Cori_step,2021-03-14,1.0008678002004183,1.0934481431924818,0.9082874572083554,DEU
Germany,DEU,OWID,Deaths,Cori_step,2021-03-15,1.0008678002004183,1.0934481431924818,0.9082874572083554,DEU
Germany,DEU,OWID,Deaths,Cori_step,2021-03-16,1.0008678002004183,1.0934481431924818,0.9082874572083554,DEU
Germany,DEU,OWID,Deaths,Cori_step,2021-03-17,1.0008678002004183,1.0934481431924818,0.9082874572083554,DEU
Germany,DEU,OWID,Deaths,Cori_step,2021-03-18,1.0008678002004183,1.0934481431924818,0.9082874572083554,DEU
Germany,DEU,OWID,Deaths,Cori_step,2021-03-19,1.0008678002004183,1.0934481431924818,0.9082874572083554,DEU
Germany,DEU,OWID,Deaths,Cori_step,2021-03-20,0.9604869864180966,0.977411395959612,0.943708372264194,DEU
Germany,DEU,OWID,Deaths,Cori_step,2021-03-21,0.9604869864180966,0.977411395959612,0.943708372264194,DEU
Germany,DEU,OWID,Deaths,Cori_step,2021-03-22,0.9604869864180966,0.977411395959612,0.943708372264194,DEU
Germany,DEU,OWID,Deaths,Cori_step,2021-03-23,0.9604869864180966,0.977411395959612,0.943708372264194,DEU
Germany,DEU,OWID,Deaths,Cori_step,2021-03-24,0.9604869864180966,0.977411395959612,0.943708372264194,DEU
Germany,DEU,OWID,Deaths,Cori_step,2021-03-25,0.9604869864180966,0.977411395959612,0.943708372264194,DEU
Germany,DEU,OWID,Deaths,Cori_step,2021-03-26,0.9604869864180966,0.977411395959612,0.943708372264194,DEU
Germany,DEU,OWID,Deaths,Cori_step,2021-03-27,0.9604869864180966,0.977411395959612,0.943708372264194,DEU
Germany,DEU,OWID,Deaths,Cori_step,2021-03-28,0.9604869864180966,0.977411395959612,0.943708372264194,DEU
Germany,DEU,OWID,Deaths,Cori_step,2021-03-29,0.9604869864180966,0.977411395959612,0.943708372264194,DEU
Germany,DEU,OWID,Deaths,Cori_step,2021-03-30,0.9604869864180966,0.977411395959612,0.943708372264194,DEU
Germany,DEU,OWID,Deaths,Cori_step,2021-03-31,0.9604869864180966,0.977411395959612,0.943708372264194,DEU
Germany,DEU,OWID,Deaths,Cori_step,2021-04-01,0.9604869864180966,0.977411395959612,0.943708372264194,DEU
Germany,DEU,OWID,Deaths,Cori_step,2021-04-02,0.9604869864180966,0.977411395959612,0.943708372264194,DEU
Germany,DEU,OWID,Deaths,Cori_step,2021-04-03,0.9604869864180966,0.977411395959612,0.943708372264194,DEU
Germany,DEU,OWID,Deaths,Cori_step,2021-04-04,0.9604869864180966,0.977411395959612,0.943708372264194,DEU
Germany,DEU,OWID,Deaths,Cori_step,2021-04-05,0.9604869864180966,0.977411395959612,0.943708372264194,DEU
Germany,DEU,OWID,Deaths,Cori_step,2021-04-06,0.9604869864180966,0.977411395959612,0.943708372264194,DEU
Germany,DEU,OWID,Deaths,Cori_step,2021-04-07,0.9604869864180966,0.977411395959612,0.943708372264194,DEU
Germany,DEU,OWID,Deaths,Cori_step,2021-04-08,0.9604869864180966,0.977411395959612,0.943708372264194,DEU
Germany,DEU,OWID,Deaths,Cori_step,2021-04-09,0.9604869864180966,0.977411395959612,0.943708372264194,DEU
Germany,DEU,OWID,Deaths,Cori_step,2021-04-10,0.9604869864180966,0.977411395959612,0.943708372264194,DEU
Germany,DEU,OWID,Deaths,Cori_step,2021-04-11,0.9604869864180966,0.977411395959612,0.943708372264194,DEU
Germany,DEU,OWID,Deaths,Cori_step,2021-04-12,0.9604869864180966,0.977411395959612,0.943708372264194,DEU
Germany,DEU,OWID,Deaths,Cori_step,2021-04-13,0.9604869864180966,0.977411395959612,0.943708372264194,DEU
Germany,DEU,OWID,Deaths,Cori_step,2021-04-14,0.9604869864180966,0.977411395959612,0.943708372264194,DEU
Germany,DEU,OWID,Deaths,Cori_step,2021-04-15,0.9604869864180966,0.977411395959612,0.943708372264194,DEU
Germany,DEU,OWID,Deaths,Cori_step,2021-04-16,0.9604869864180966,0.977411395959612,0.943708372264194,DEU
Germany,DEU,OWID,Deaths,Cori_step,2021-04-17,0.9604869864180966,0.977411395959612,0.943708372264194,DEU
Germany,DEU,OWID,Deaths,Cori_step,2021-04-18,0.9604869864180966,0.977411395959612,0.943708372264194,DEU
Germany,DEU,OWID,Deaths,Cori_step,2021-04-19,0.9604869864180966,0.977411395959612,0.943708372264194,DEU
Germany,DEU,OWID,Deaths,Cori_step,2021-04-20,0.9604869864180966,0.977411395959612,0.943708372264194,DEU
Germany,DEU,OWID,Deaths,Cori_step,2021-04-21,0.9604869864180966,0.977411395959612,0.943708372264194,DEU
Germany,DEU,OWID,Deaths,Cori_step,2021-04-22,0.9604869864180966,0.977411395959612,0.943708372264194,DEU
Germany,DEU,OWID,Deaths,Cori_step,2021-04-23,0.9604869864180966,0.977411395959612,0.943708372264194,DEU
Germany,DEU,OWID,Deaths,Cori_step,2021-04-24,0.9604869864180966,0.977411395959612,0.943708372264194,DEU
Germany,DEU,OWID,Deaths,Cori_step,2021-04-25,0.9604869864180966,0.977411395959612,0.943708372264194,DEU
Germany,DEU,OWID,Deaths,Cori_step,2021-04-26,0.9604869864180966,0.977411395959612,0.943708372264194,DEU
Germany,DEU,OWID,Deaths,Cori_step,2021-04-27,0.9604869864180966,0.977411395959612,0.943708372264194,DEU
Germany,DEU,OWID,Deaths,Cori_step,2021-04-28,0.9604869864180966,0.977411395959612,0.943708372264194,DEU
Germany,DEU,OWID,Deaths,Cori_step,2021-04-29,0.9604869864180966,0.977411395959612,0.943708372264194,DEU
Germany,DEU,OWID,Deaths,Cori_step,2021-04-30,0.9604869864180966,0.977411395959612,0.943708372264194,DEU
Germany,DEU,OWID,Deaths,Cori_step,2021-05-01,0.9604869864180966,0.977411395959612,0.943708372264194,DEU
Germany,DEU,OWID,Deaths,Cori_step,2021-05-02,0.9604869864180966,0.977411395959612,0.943708372264194,DEU
Germany,DEU,OWID,Deaths,Cori_step,2021-05-03,0.9604869864180966,0.977411395959612,0.943708372264194,DEU
Germany,DEU,OWID,Deaths,Cori_step,2021-05-04,0.9604869864180966,0.977411395959612,0.943708372264194,DEU
Germany,DEU,OWID,Deaths,Cori_step,2021-05-05,0.9604869864180966,0.977411395959612,0.943708372264194,DEU
Germany,DEU,OWID,Deaths,Cori_step,2021-05-06,0.9604869864180966,0.977411395959612,0.943708372264194,DEU
Germany,DEU,OWID,Deaths,Cori_step,2021-05-07,0.9604869864180966,0.977411395959612,0.943708372264194,DEU
Germany,DEU,OWID,Deaths,Cori_step,2021-05-08,0.9604869864180966,0.977411395959612,0.943708372264194,DEU
Germany,DEU,OWID,Deaths,Cori_step,2021-05-09,0.9604869864180966,0.977411395959612,0.943708372264194,DEU
Germany,DEU,OWID,Deaths,Cori_step,2021-05-10,0.9604869864180966,0.977411395959612,0.943708372264194,DEU
Germany,DEU,OWID,Deaths,Cori_step,2021-05-11,0.9604869864180966,0.977411395959612,0.943708372264194,DEU
Germany,DEU,OWID,Deaths,Cori_step,2021-05-12,0.9604869864180966,0.977411395959612,0.943708372264194,DEU
Germany,DEU,OWID,Deaths,Cori_step,2021-05-13,0.9604869864180966,0.977411395959612,0.943708372264194,DEU
Germany,DEU,OWID,Deaths,Cori_step,2021-05-14,0.9604869864180966,0.977411395959612,0.943708372264194,DEU
Germany,DEU,OWID,Deaths,Cori_step,2021-05-15,0.9604869864180966,0.977411395959612,0.943708372264194,DEU
Germany,DEU,OWID,Deaths,Cori_step,2021-05-16,0.9604869864180966,0.977411395959612,0.943708372264194,DEU
Germany,DEU,OWID,Deaths,Cori_step,2021-05-17,0.9604869864180966,0.977411395959612,0.943708372264194,DEU
Germany,DEU,OWID,Deaths,Cori_step,2021-05-18,0.9604869864180966,0.977411395959612,0.943708372264194,DEU
Germany,DEU,OWID,Deaths,Cori_step,2021-05-19,0.9604869864180966,0.977411395959612,0.943708372264194,DEU
Germany,DEU,OWID,Deaths,Cori_step,2021-05-20,0.9604869864180966,0.977411395959612,0.943708372264194,DEU
Germany,DEU,OWID,Deaths,Cori_step,2021-05-21,0.9604869864180966,0.977411395959612,0.943708372264194,DEU
Germany,DEU,OWID,Deaths,Cori_step,2021-05-22,0.9604869864180966,0.977411395959612,0.943708372264194,DEU
Germany,DEU,OWID,Deaths,Cori_step,2021-05-23,0.9604869864180966,0.977411395959612,0.943708372264194,DEU
Germany,DEU,OWID,Deaths,Cori_step,2021-05-24,0.9604869864180966,0.977411395959612,0.943708372264194,DEU
Germany,DEU,OWID,Deaths,Cori_step,2021-05-25,0.9604869864180966,0.977411395959612,0.943708372264194,DEU
Germany,DEU,OWID,Deaths,Cori_step,2021-05-26,0.9604869864180966,0.977411395959612,0.943708372264194,DEU
Germany,DEU,OWID,Deaths,Cori_step,2021-05-27,0.9604869864180966,0.977411395959612,0.943708372264194,DEU
Germany,DEU,OWID,Deaths,Cori_step,2021-05-28,0.9604869864180966,0.977411395959612,0.943708372264194,DEU
Germany,DEU,OWID,Deaths,Cori_step,2021-05-29,0.9604869864180966,0.977411395959612,0.943708372264194,DEU
Germany,DEU,OWID,Deaths,Cori_step,2021-05-30,0.9604869864180966,0.977411395959612,0.943708372264194,DEU
Germany,DEU,OWID,Deaths,Cori_step,2021-05-31,0.8136306012437331,0.933300715019086,0.6939604874683802,DEU
Germany,DEU,OWID,Deaths,Cori_step,2021-06-01,0.8136306012437331,0.933300715019086,0.6939604874683802,DEU
Germany,DEU,OWID,Deaths,Cori_step,2021-06-02,0.8136306012437331,0.933300715019086,0.6939604874683802,DEU
Germany,DEU,OWID,Deaths,Cori_step,2021-06-03,0.8136306012437331,0.933300715019086,0.6939604874683802,DEU
Germany,DEU,OWID,Deaths,Cori_step,2021-06-04,0.8136306012437331,0.933300715019086,0.6939604874683802,DEU
Germany,DEU,OWID,Deaths,Cori_step,2021-06-05,0.8136306012437331,0.933300715019086,0.6939604874683802,DEU
Germany,DEU,OWID,Deaths,Cori_step,2021-06-06,0.8080867891450225,0.8832886636344104,0.7328849146556347,DEU
Germany,DEU,OWID,Deaths,Cori_step,2021-06-07,0.8080867891450225,0.8832886636344104,0.7328849146556347,DEU
Germany,DEU,OWID,Deaths,Cori_step,2021-06-08,0.8080867891450225,0.8832886636344104,0.7328849146556347,DEU
Germany,DEU,OWID,Deaths,Cori_step,2021-06-09,0.8080867891450225,0.8832886636344104,0.7328849146556347,DEU
Germany,DEU,OWID,Deaths,Cori_step,2021-06-10,0.8080867891450225,0.8832886636344104,0.7328849146556347,DEU
Germany,DEU,OWID,Deaths,Cori_step,2021-06-11,0.8080867891450225,0.8832886636344104,0.7328849146556347,DEU
Germany,DEU,OWID,Deaths,Cori_step,2021-06-12,0.8080867891450225,0.8832886636344104,0.7328849146556347,DEU
Germany,DEU,OWID,Deaths,Cori_step,2021-06-13,0.8080867891450225,0.8832886636344104,0.7328849146556347,DEU
Germany,DEU,OWID,Deaths,Cori_step,2021-06-14,0.8080867891450225,0.8832886636344104,0.7328849146556347,DEU
Germany,DEU,OWID,Deaths,Cori_step,2021-06-15,0.8080867891450225,0.8832886636344104,0.7328849146556347,DEU
Germany,DEU,OWID,Deaths,Cori_step,2021-06-16,0.8080867891450225,0.8832886636344104,0.7328849146556347,DEU
Germany,DEU,OWID,Deaths,Cori_step,2021-06-17,0.8080867891450225,0.8832886636344104,0.7328849146556347,DEU
Germany,DEU,OWID,Deaths,Cori_step,2021-06-18,0.8080867891450225,0.8832886636344104,0.7328849146556347,DEU
Germany,DEU,OWID,Deaths,Cori_step,2021-06-19,0.8080867891450225,0.8832886636344104,0.7328849146556347,DEU
Germany,DEU,OWID,Deaths,Cori_step,2021-06-20,0.8080867891450225,0.8832886636344104,0.7328849146556347,DEU
Germany,DEU,OWID,Deaths,Cori_step,2021-06-21,0.8080867891450225,0.8832886636344104,0.7328849146556347,DEU
Germany,DEU,OWID,Deaths,Cori_step,2021-06-22,0.8080867891450225,0.8832886636344104,0.7328849146556347,DEU
Germany,DEU,OWID,Deaths,Cori_step,2021-06-23,0.8080867891450225,0.8832886636344104,0.7328849146556347,DEU
Germany,DEU,OWID,Deaths,Cori_step,2021-06-24,0.8080867891450225,0.8832886636344104,0.7328849146556347,DEU
Germany,DEU,OWID,Deaths,Cori_step,2021-06-25,0.8080867891450225,0.8832886636344104,0.7328849146556347,DEU
Germany,DEU,OWID,Deaths,Cori_step,2021-06-26,0.8080867891450225,0.8832886636344104,0.7328849146556347,DEU
Germany,DEU,OWID,Deaths,Cori_step,2021-06-27,0.8080867891450225,0.8832886636344104,0.7328849146556347,DEU
Germany,DEU,OWID,Deaths,Cori_step,2021-06-28,0.8080867891450225,0.8832886636344104,0.7328849146556347,DEU
Germany,DEU,OWID,Deaths,Cori_step,2021-06-29,0.8080867891450225,0.8832886636344104,0.7328849146556347,DEU
Germany,DEU,OWID,Deaths,Cori_step,2021-06-30,0.8080867891450225,0.8832886636344104,0.7328849146556347,DEU
Germany,DEU,OWID,Deaths,Cori_step,2021-07-01,0.8080867891450225,0.8832886636344104,0.7328849146556347,DEU
Germany,DEU,OWID,Deaths,Cori_step,2021-07-02,0.8080867891450225,0.8832886636344104,0.7328849146556347,DEU
Germany,DEU,RKI,Confirmed cases,Cori_slidingWindow,2020-01-27,1.033888066237407,2.381408100176617,0.244570005060095,DEU
Germany,DEU,RKI,Confirmed cases,Cori_slidingWindow,2020-01-28,0.9151774084520315,2.168934023775609,0.1985206912000463,DEU
Germany,DEU,RKI,Confirmed cases,Cori_slidingWindow,2020-01-29,0.8061441923760748,1.9854989304766024,0.154489788414314,DEU
Germany,DEU,RKI,Confirmed cases,Cori_slidingWindow,2020-01-30,0.711153510704626,1.8366822662784164,0.1155782502351817,DEU
Germany,DEU,RKI,Confirmed cases,Cori_slidingWindow,2020-01-31,0.6337330939396508,1.72802069050105,0.0837678672931583,DEU
Germany,DEU,RKI,Confirmed cases,Cori_slidingWindow,2020-02-01,0.580501492865508,1.6718717459996209,0.0609326720613311,DEU
Germany,DEU,RKI,Confirmed cases,Cori_slidingWindow,2020-02-02,0.5647737493013071,1.695100205026766,0.0489921996294289,DEU
Germany,DEU,RKI,Confirmed cases,Cori_slidingWindow,2020-02-03,0.6012362034024105,1.828847481357441,0.0488632902935535,DEU
Germany,DEU,RKI,Confirmed cases,Cori_slidingWindow,2020-02-04,0.7164239205444062,2.121186933512549,0.0662938971098496,DEU
Germany,DEU,RKI,Confirmed cases,Cori_slidingWindow,2020-02-05,0.9567339416238296,2.6386060121394426,0.1207764796289865,DEU
Germany,DEU,RKI,Confirmed cases,Cori_slidingWindow,2020-02-06,1.3569237653541883,3.394710218486179,0.2466770669542252,DEU
Germany,DEU,RKI,Confirmed cases,Cori_slidingWindow,2020-02-07,1.8738502311304843,4.247706075923576,0.4644966652907987,DEU
Germany,DEU,RKI,Confirmed cases,Cori_slidingWindow,2020-02-08,2.40657793182677,4.976449022170632,0.763285188733522,DEU
Germany,DEU,RKI,Confirmed cases,Cori_slidingWindow,2020-02-09,2.860323629196194,5.429182172713867,1.107957224237316,DEU
Germany,DEU,RKI,Confirmed cases,Cori_slidingWindow,2020-02-10,3.175214895083104,5.5755967684243695,1.4446450862725324,DEU
Germany,DEU,RKI,Confirmed cases,Cori_slidingWindow,2020-02-11,3.3694795783077027,5.51475879728639,1.74766284422922,DEU
Germany,DEU,RKI,Confirmed cases,Cori_slidingWindow,2020-02-12,3.626840007612641,5.530480728371793,2.120707789090432,DEU
Germany,DEU,RKI,Confirmed cases,Cori_slidingWindow,2020-02-13,4.025741218166281,5.726746649374659,2.621239211671503,DEU
Germany,DEU,RKI,Confirmed cases,Cori_slidingWindow,2020-02-14,4.406798903994552,5.904537474582252,3.125661952158206,DEU
Germany,DEU,RKI,Confirmed cases,Cori_slidingWindow,2020-02-15,4.669909543095453,5.952413776074348,3.541165772874717,DEU
Germany,DEU,RKI,Confirmed cases,Cori_slidingWindow,2020-02-16,4.752080089786607,5.816732305187596,3.7937276119565495,DEU
Germany,DEU,RKI,Confirmed cases,Cori_slidingWindow,2020-02-17,4.620458161913473,5.479461316430853,3.833777278004492,DEU
Germany,DEU,RKI,Confirmed cases,Cori_slidingWindow,2020-02-18,4.315020404938041,4.994455253379276,3.6846318003603216,DEU
Germany,DEU,RKI,Confirmed cases,Cori_slidingWindow,2020-02-19,3.9184442258764953,4.451709049603783,3.4187638287973683,DEU
Germany,DEU,RKI,Confirmed cases,Cori_slidingWindow,2020-02-20,3.5139097647708155,3.9345338236849,3.11675670551757,DEU
Germany,DEU,RKI,Confirmed cases,Cori_slidingWindow,2020-02-21,3.1458672841112483,3.48215252170903,2.826436407969522,DEU
Germany,DEU,RKI,Confirmed cases,Cori_slidingWindow,2020-02-22,2.847029229987493,3.121521966109221,2.5850038581701904,DEU
Germany,DEU,RKI,Confirmed cases,Cori_slidingWindow,2020-02-23,2.6150785205500897,2.844189517789738,2.392286178609379,DEU
Germany,DEU,RKI,Confirmed cases,Cori_slidingWindow,2020-02-24,2.487509160811365,2.699446018339565,2.2755723032831643,DEU
Germany,DEU,RKI,Confirmed cases,Cori_slidingWindow,2020-02-25,2.4503822563755056,2.6320263337852343,2.268738178965777,DEU
Germany,DEU,RKI,Confirmed cases,Cori_slidingWindow,2020-02-26,2.4926747622259344,2.6507069961037586,2.339434941105909,DEU
Germany,DEU,RKI,Confirmed cases,Cori_slidingWindow,2020-02-27,2.602744025449496,2.748044984055781,2.461336904592496,DEU
Germany,DEU,RKI,Confirmed cases,Cori_slidingWindow,2020-02-28,2.750219208059151,2.897699380800941,2.602739035317361,DEU
Germany,DEU,RKI,Confirmed cases,Cori_slidingWindow,2020-02-29,2.8898689597262157,3.0606876703782957,2.7190502490741357,DEU
Germany,DEU,RKI,Confirmed cases,Cori_slidingWindow,2020-03-01,2.971959061173799,3.152165158743471,2.791752963604127,DEU
Germany,DEU,RKI,Confirmed cases,Cori_slidingWindow,2020-03-02,2.9855314339560017,3.15744042402993,2.8136224438820734,DEU
Germany,DEU,RKI,Confirmed cases,Cori_slidingWindow,2020-03-03,2.944022178963126,3.105210288833393,2.7828340690928592,DEU
Germany,DEU,RKI,Confirmed cases,Cori_slidingWindow,2020-03-04,2.839214594980311,2.988574170382395,2.6898550195782267,DEU
Germany,DEU,RKI,Confirmed cases,Cori_slidingWindow,2020-03-05,2.6856950828817325,2.8227028220225603,2.5486873437409048,DEU
Germany,DEU,RKI,Confirmed cases,Cori_slidingWindow,2020-03-06,2.5032307708314647,2.6321397197405507,2.3743218219223787,DEU
Germany,DEU,RKI,Confirmed cases,Cori_slidingWindow,2020-03-07,2.303598964153202,2.4260340996468805,2.181163828659524,DEU
Germany,DEU,RKI,Confirmed cases,Cori_slidingWindow,2020-03-08,2.0994172221210965,2.214469418964394,1.984365025277799,DEU
Germany,DEU,RKI,Confirmed cases,Cori_slidingWindow,2020-03-09,1.9062396119103455,2.0165746796470283,1.795904544173663,DEU
Germany,DEU,RKI,Confirmed cases,Cori_slidingWindow,2020-03-10,1.7381441981419878,1.8430879137529503,1.6332004825310251,DEU
Germany,DEU,RKI,Confirmed cases,Cori_slidingWindow,2020-03-11,1.59447923833548,1.68823593053219,1.50072254613877,DEU
Germany,DEU,RKI,Confirmed cases,Cori_slidingWindow,2020-03-12,1.4681810405815583,1.5472328723076951,1.389129208855422,DEU
Germany,DEU,RKI,Confirmed cases,Cori_slidingWindow,2020-03-13,1.3543842814227562,1.422984663290098,1.2857838995554145,DEU
Germany,DEU,RKI,Confirmed cases,Cori_slidingWindow,2020-03-14,1.253420000860059,1.3196848080984862,1.1871551936216316,DEU
Germany,DEU,RKI,Confirmed cases,Cori_slidingWindow,2020-03-15,1.1663399395757588,1.2339688616138156,1.098711017537702,DEU
Germany,DEU,RKI,Confirmed cases,Cori_slidingWindow,2020-03-16,1.0945340852355427,1.1625020962603438,1.0265660742107416,DEU
Germany,DEU,RKI,Confirmed cases,Cori_slidingWindow,2020-03-17,1.0365574153307222,1.1034961414176567,0.9696186892437876,DEU
Germany,DEU,RKI,Confirmed cases,Cori_slidingWindow,2020-03-18,0.9903274101027978,1.0562391922035852,0.9244156280020104,DEU
Germany,DEU,RKI,Confirmed cases,Cori_slidingWindow,2020-03-19,0.9550908073560228,1.0204033561468042,0.8897782585652414,DEU
Germany,DEU,RKI,Confirmed cases,Cori_slidingWindow,2020-03-20,0.9300903743885426,0.9949959142409476,0.8651848345361376,DEU
Germany,DEU,RKI,Confirmed cases,Cori_slidingWindow,2020-03-21,0.9140346191813464,0.9795448969164244,0.8485243414462683,DEU
Germany,DEU,RKI,Confirmed cases,Cori_slidingWindow,2020-03-22,0.9039471953641002,0.9713585289370872,0.8365358617911131,DEU
Germany,DEU,RKI,Confirmed cases,Cori_slidingWindow,2020-03-23,0.8976226171394057,0.966938985865575,0.8283062484132364,DEU
Germany,DEU,RKI,Confirmed cases,Cori_slidingWindow,2020-03-24,0.8928658981706867,0.9625352050836052,0.8231965912577683,DEU
Germany,DEU,RKI,Confirmed cases,Cori_slidingWindow,2020-03-25,0.8888391637619921,0.9566705681931796,0.8210077593308047,DEU
Germany,DEU,RKI,Confirmed cases,Cori_slidingWindow,2020-03-26,0.885066584364416,0.949570476410945,0.8205626923178869,DEU
Germany,DEU,RKI,Confirmed cases,Cori_slidingWindow,2020-03-27,0.8808861301553286,0.942841410773996,0.8189308495366612,DEU
Germany,DEU,RKI,Confirmed cases,Cori_slidingWindow,2020-03-28,0.8749906864564412,0.9362137886180706,0.8137675842948118,DEU
Germany,DEU,RKI,Confirmed cases,Cori_slidingWindow,2020-03-29,0.8661846318786592,0.9275955697353372,0.8047736940219814,DEU
Germany,DEU,RKI,Confirmed cases,Cori_slidingWindow,2020-03-30,0.85407365851495,0.9154209286261508,0.7927263884037491,DEU
Germany,DEU,RKI,Confirmed cases,Cori_slidingWindow,2020-03-31,0.8394546424398888,0.9000821583256317,0.7788271265541459,DEU
Germany,DEU,RKI,Confirmed cases,Cori_slidingWindow,2020-04-01,0.824193437451395,0.8841197585195658,0.7642671163832241,DEU
Germany,DEU,RKI,Confirmed cases,Cori_slidingWindow,2020-04-02,0.810172208322821,0.8708904643690956,0.7494539522765464,DEU
Germany,DEU,RKI,Confirmed cases,Cori_slidingWindow,2020-04-03,0.7989226715702596,0.8625684398908168,0.7352769032497025,DEU
Germany,DEU,RKI,Confirmed cases,Cori_slidingWindow,2020-04-04,0.7905257340590545,0.8565027388415115,0.7245487292765974,DEU
Germany,DEU,RKI,Confirmed cases,Cori_slidingWindow,2020-04-05,0.7845299381816341,0.8510199714338996,0.7180399049293685,DEU
Germany,DEU,RKI,Confirmed cases,Cori_slidingWindow,2020-04-06,0.7800885962236062,0.8452105430195116,0.7149666494277007,DEU
Germany,DEU,RKI,Confirmed cases,Cori_slidingWindow,2020-04-07,0.7767601259290353,0.8397057373313684,0.7138145145267022,DEU
Germany,DEU,RKI,Confirmed cases,Cori_slidingWindow,2020-04-08,0.7752890068814524,0.8371342738345958,0.713443739928309,DEU
Germany,DEU,RKI,Confirmed cases,Cori_slidingWindow,2020-04-09,0.7766050055078926,0.8398118493805908,0.7133981616351943,DEU
Germany,DEU,RKI,Confirmed cases,Cori_slidingWindow,2020-04-10,0.7807248516827231,0.8464674078040859,0.7149822955613603,DEU
Germany,DEU,RKI,Confirmed cases,Cori_slidingWindow,2020-04-11,0.7858829262356577,0.8526932167211198,0.7190726357501956,DEU
Germany,DEU,RKI,Confirmed cases,Cori_slidingWindow,2020-04-12,0.7893369402488654,0.8545409708806879,0.7241329096170428,DEU
Germany,DEU,RKI,Confirmed cases,Cori_slidingWindow,2020-04-13,0.7891404887922624,0.8490519398601248,0.7292290377244,DEU
Germany,DEU,RKI,Confirmed cases,Cori_slidingWindow,2020-04-14,0.7845419591228251,0.8368357351218667,0.7322481831237835,DEU
Germany,DEU,RKI,Confirmed cases,Cori_slidingWindow,2020-04-15,0.7765365676492415,0.8232721545415599,0.7298009807569231,DEU
Germany,DEU,RKI,Confirmed cases,Cori_slidingWindow,2020-04-16,0.7670956596545866,0.8143063554502292,0.719884963858944,DEU
Germany,DEU,RKI,Confirmed cases,Cori_slidingWindow,2020-04-17,0.7584810858961262,0.8108356467597577,0.7061265250324946,DEU
Germany,DEU,RKI,Confirmed cases,Cori_slidingWindow,2020-04-18,0.7520513357848286,0.8110427408082066,0.6930599307614507,DEU
Germany,DEU,RKI,Confirmed cases,Cori_slidingWindow,2020-04-19,0.7489098528850516,0.813585498731913,0.6842342070381903,DEU
Germany,DEU,RKI,Confirmed cases,Cori_slidingWindow,2020-04-20,0.7490143789795428,0.8166978570866816,0.681330900872404,DEU
Germany,DEU,RKI,Confirmed cases,Cori_slidingWindow,2020-04-21,0.7523344358809481,0.8197626272862423,0.6849062444756538,DEU
Germany,DEU,RKI,Confirmed cases,Cori_slidingWindow,2020-04-22,0.7593717917552107,0.8240587157546501,0.6946848677557714,DEU
Germany,DEU,RKI,Confirmed cases,Cori_slidingWindow,2020-04-23,0.7710339558703871,0.8320640488045364,0.7100038629362379,DEU
Germany,DEU,RKI,Confirmed cases,Cori_slidingWindow,2020-04-24,0.787183687749009,0.8450840148895109,0.7292833606085072,DEU
Germany,DEU,RKI,Confirmed cases,Cori_slidingWindow,2020-04-25,0.8055647690775198,0.8622072651040121,0.7489222730510275,DEU
Germany,DEU,RKI,Confirmed cases,Cori_slidingWindow,2020-04-26,0.8237374092965474,0.8809184221334344,0.7665563964596603,DEU
Germany,DEU,RKI,Confirmed cases,Cori_slidingWindow,2020-04-27,0.8385966474464768,0.8972346388418402,0.7799586560511134,DEU
Germany,DEU,RKI,Confirmed cases,Cori_slidingWindow,2020-04-28,0.8479340456368999,0.908198486323293,0.7876696049505068,DEU
Germany,DEU,RKI,Confirmed cases,Cori_slidingWindow,2020-04-29,0.8519780259036632,0.913917427742708,0.7900386240646184,DEU
Germany,DEU,RKI,Confirmed cases,Cori_slidingWindow,2020-04-30,0.8535544015139965,0.9174249417305232,0.7896838612974699,DEU
Germany,DEU,RKI,Confirmed cases,Cori_slidingWindow,2020-05-01,0.8546208484042901,0.9203171349241908,0.7889245618843893,DEU
Germany,DEU,RKI,Confirmed cases,Cori_slidingWindow,2020-05-02,0.854486300290308,0.9208585141484682,0.7881140864321479,DEU
Germany,DEU,RKI,Confirmed cases,Cori_slidingWindow,2020-05-03,0.8515285721160812,0.9165132908812166,0.7865438533509459,DEU
Germany,DEU,RKI,Confirmed cases,Cori_slidingWindow,2020-05-04,0.8456120215067423,0.9069331120954984,0.7842909309179861,DEU
Germany,DEU,RKI,Confirmed cases,Cori_slidingWindow,2020-05-05,0.8390686478358187,0.8956826089067493,0.782454686764888,DEU
Germany,DEU,RKI,Confirmed cases,Cori_slidingWindow,2020-05-06,0.8348580951575031,0.8892225944672493,0.7804935958477569,DEU
Germany,DEU,RKI,Confirmed cases,Cori_slidingWindow,2020-05-07,0.8356578255636767,0.8923072722182179,0.7790083789091355,DEU
Germany,DEU,RKI,Confirmed cases,Cori_slidingWindow,2020-05-08,0.8431574749871812,0.9050134608592214,0.781301489115141,DEU
Germany,DEU,RKI,Confirmed cases,Cori_slidingWindow,2020-05-09,0.8558444808214063,0.923367215623938,0.7883217460188747,DEU
Germany,DEU,RKI,Confirmed cases,Cori_slidingWindow,2020-05-10,0.869671430659672,0.9412259183382716,0.7981169429810723,DEU
Germany,DEU,RKI,Confirmed cases,Cori_slidingWindow,2020-05-11,0.8792806967430287,0.9514338726115148,0.8071275208745425,DEU
Germany,DEU,RKI,Confirmed cases,Cori_slidingWindow,2020-05-12,0.8834047667389379,0.9524952077788654,0.8143143256990103,DEU
Germany,DEU,RKI,Confirmed cases,Cori_slidingWindow,2020-05-13,0.8833228069718466,0.9471768741409898,0.8194687398027034,DEU
Germany,DEU,RKI,Confirmed cases,Cori_slidingWindow,2020-05-14,0.8815364426464375,0.9398778978753896,0.8231949874174854,DEU
Germany,DEU,RKI,Confirmed cases,Cori_slidingWindow,2020-05-15,0.8776717378168027,0.9327454953530931,0.8225979802805122,DEU
Germany,DEU,RKI,Confirmed cases,Cori_slidingWindow,2020-05-16,0.8707739845821038,0.9258611211043762,0.8156868480598313,DEU
Germany,DEU,RKI,Confirmed cases,Cori_slidingWindow,2020-05-17,0.8596476065024529,0.9163227545959136,0.802972458408992,DEU
Germany,DEU,RKI,Confirmed cases,Cori_slidingWindow,2020-05-18,0.8447357151860302,0.9034488627802704,0.7860225675917901,DEU
Germany,DEU,RKI,Confirmed cases,Cori_slidingWindow,2020-05-19,0.8287343453552835,0.8891226112040234,0.7683460795065435,DEU
Germany,DEU,RKI,Confirmed cases,Cori_slidingWindow,2020-05-20,0.8165439035226227,0.877210485893563,0.7558773211516825,DEU
Germany,DEU,RKI,Confirmed cases,Cori_slidingWindow,2020-05-21,0.8131137255609504,0.8722802257679496,0.7539472253539512,DEU
Germany,DEU,RKI,Confirmed cases,Cori_slidingWindow,2020-05-22,0.8216218027632409,0.8786277982427977,0.7646158072836842,DEU
Germany,DEU,RKI,Confirmed cases,Cori_slidingWindow,2020-05-23,0.8397174962626858,0.8955871920609388,0.7838478004644327,DEU
Germany,DEU,RKI,Confirmed cases,Cori_slidingWindow,2020-05-24,0.8610196276102329,0.9181134716501268,0.803925783570339,DEU
Germany,DEU,RKI,Confirmed cases,Cori_slidingWindow,2020-05-25,0.8796605967914732,0.939884894156882,0.8194362994260643,DEU
Germany,DEU,RKI,Confirmed cases,Cori_slidingWindow,2020-05-26,0.8941878782700071,0.95834686476246,0.8300288917775541,DEU
Germany,DEU,RKI,Confirmed cases,Cori_slidingWindow,2020-05-27,0.9070729304907156,0.974501041069726,0.839644819911705,DEU
Germany,DEU,RKI,Confirmed cases,Cori_slidingWindow,2020-05-28,0.9209259917864188,0.9900647437209884,0.8517872398518488,DEU
Germany,DEU,RKI,Confirmed cases,Cori_slidingWindow,2020-05-29,0.937678424897852,1.007743370685447,0.8676134791102569,DEU
Germany,DEU,RKI,Confirmed cases,Cori_slidingWindow,2020-05-30,0.95712162022267,1.0280881553207075,0.8861550851246327,DEU
Germany,DEU,RKI,Confirmed cases,Cori_slidingWindow,2020-05-31,0.9781433847642382,1.0498967858013384,0.9063899837271382,DEU
Germany,DEU,RKI,Confirmed cases,Cori_slidingWindow,2020-06-01,0.9979221137093152,1.0697215985447206,0.9261226288739096,DEU
Germany,DEU,RKI,Confirmed cases,Cori_slidingWindow,2020-06-02,1.0202025961774903,1.092165900152352,0.9482392922026286,DEU
Germany,DEU,RKI,Confirmed cases,Cori_slidingWindow,2020-06-03,1.0530198997567426,1.1253786606804153,0.9806611388330698,DEU
Germany,DEU,RKI,Confirmed cases,Cori_slidingWindow,2020-06-04,1.1049893360115826,1.1785859962573604,1.0313926757658047,DEU
Germany,DEU,RKI,Confirmed cases,Cori_slidingWindow,2020-06-05,1.174676826047098,1.2504477206930331,1.0989059314011629,DEU
Germany,DEU,RKI,Confirmed cases,Cori_slidingWindow,2020-06-06,1.252756720399339,1.3299910340153611,1.1755224067833168,DEU
Germany,DEU,RKI,Confirmed cases,Cori_slidingWindow,2020-06-07,1.318133323385364,1.3945399905171882,1.2417266562535398,DEU
Germany,DEU,RKI,Confirmed cases,Cori_slidingWindow,2020-06-08,1.3470905289835635,1.4199944659663246,1.2741865920008024,DEU
Germany,DEU,RKI,Confirmed cases,Cori_slidingWindow,2020-06-09,1.329262622972746,1.397021697830765,1.261503548114727,DEU
Germany,DEU,RKI,Confirmed cases,Cori_slidingWindow,2020-06-10,1.2724927563891346,1.335304875537156,1.2096806372411133,DEU
Germany,DEU,RKI,Confirmed cases,Cori_slidingWindow,2020-06-11,1.199628294606038,1.25995993671655,1.139296652495526,DEU
Germany,DEU,RKI,Confirmed cases,Cori_slidingWindow,2020-06-12,1.1239736768108863,1.1833487504101294,1.0645986032116432,DEU
Germany,DEU,RKI,Confirmed cases,Cori_slidingWindow,2020-06-13,1.057008650003766,1.1164292524118629,0.9975880475956694,DEU
Germany,DEU,RKI,Confirmed cases,Cori_slidingWindow,2020-06-14,1.0026535133037031,1.0630568838712544,0.9422501427361516,DEU
Germany,DEU,RKI,Confirmed cases,Cori_slidingWindow,2020-06-15,0.960573973694824,1.0221807661848146,0.8989671812048333,DEU
Germany,DEU,RKI,Confirmed cases,Cori_slidingWindow,2020-06-16,0.9261054192320832,0.9889422755099736,0.8632685629541925,DEU
Germany,DEU,RKI,Confirmed cases,Cori_slidingWindow,2020-06-17,0.8970072482914798,0.9614809164814894,0.8325335801014703,DEU
Germany,DEU,RKI,Confirmed cases,Cori_slidingWindow,2020-06-18,0.8736286598348094,0.9403138964412652,0.8069434232283538,DEU
Germany,DEU,RKI,Confirmed cases,Cori_slidingWindow,2020-06-19,0.8603003534809653,0.9295822670281806,0.7910184399337501,DEU
Germany,DEU,RKI,Confirmed cases,Cori_slidingWindow,2020-06-20,0.8553003348205777,0.9277381220212,0.7828625476199554,DEU
Germany,DEU,RKI,Confirmed cases,Cori_slidingWindow,2020-06-21,0.8591921391736033,0.9342520044678512,0.7841322738793555,DEU
Germany,DEU,RKI,Confirmed cases,Cori_slidingWindow,2020-06-22,0.8666573332252056,0.942329394966799,0.7909852714836121,DEU
Germany,DEU,RKI,Confirmed cases,Cori_slidingWindow,2020-06-23,0.8746963906206767,0.9491945307812064,0.8001982504601471,DEU
Germany,DEU,RKI,Confirmed cases,Cori_slidingWindow,2020-06-24,0.8811277738949725,0.9531775283932984,0.8090780193966466,DEU
Germany,DEU,RKI,Confirmed cases,Cori_slidingWindow,2020-06-25,0.8864135013643601,0.9558081603519324,0.8170188423767878,DEU
Germany,DEU,RKI,Confirmed cases,Cori_slidingWindow,2020-06-26,0.8930012319896882,0.9614287642935284,0.8245736996858478,DEU
Germany,DEU,RKI,Confirmed cases,Cori_slidingWindow,2020-06-27,0.9025582277229844,0.9722136725590084,0.8329027828869602,DEU
Germany,DEU,RKI,Confirmed cases,Cori_slidingWindow,2020-06-28,0.9149029175707016,0.9863427880501804,0.8434630470912232,DEU
Germany,DEU,RKI,Confirmed cases,Cori_slidingWindow,2020-06-29,0.9282774441137251,1.001495514437447,0.855059373790003,DEU
Germany,DEU,RKI,Confirmed cases,Cori_slidingWindow,2020-06-30,0.9426974884630848,1.0183237059356058,0.8670712709905636,DEU
Germany,DEU,RKI,Confirmed cases,Cori_slidingWindow,2020-07-01,0.961057983976288,1.0398819972130315,0.8822339707395442,DEU
Germany,DEU,RKI,Confirmed cases,Cori_slidingWindow,2020-07-02,0.9859887549406796,1.069062831195127,0.902914678686232,DEU
Germany,DEU,RKI,Confirmed cases,Cori_slidingWindow,2020-07-03,1.0168966645118052,1.104386504560017,0.9294068244635936,DEU
Germany,DEU,RKI,Confirmed cases,Cori_slidingWindow,2020-07-04,1.0506918046528075,1.1417209875345526,0.9596626217710624,DEU
Germany,DEU,RKI,Confirmed cases,Cori_slidingWindow,2020-07-05,1.0831979343920806,1.1759848043882233,0.9904110643959378,DEU
Germany,DEU,RKI,Confirmed cases,Cori_slidingWindow,2020-07-06,1.1108549807348105,1.2033112390339236,1.018398722435697,DEU
Germany,DEU,RKI,Confirmed cases,Cori_slidingWindow,2020-07-07,1.1335989088217366,1.2233817852337223,1.043816032409751,DEU
Germany,DEU,RKI,Confirmed cases,Cori_slidingWindow,2020-07-08,1.1545355527992072,1.2408362592599622,1.068234846338452,DEU
Germany,DEU,RKI,Confirmed cases,Cori_slidingWindow,2020-07-09,1.1774433666222657,1.2602146865850832,1.0946720466594482,DEU
Germany,DEU,RKI,Confirmed cases,Cori_slidingWindow,2020-07-10,1.2022039939182207,1.2818772144735715,1.12253077336287,DEU
Germany,DEU,RKI,Confirmed cases,Cori_slidingWindow,2020-07-11,1.2247977856450794,1.3029419307296906,1.146653640560468,DEU
Germany,DEU,RKI,Confirmed cases,Cori_slidingWindow,2020-07-12,1.2395076812231842,1.3182489929029522,1.1607663695434165,DEU
Germany,DEU,RKI,Confirmed cases,Cori_slidingWindow,2020-07-13,1.2424193077661048,1.3240440294837756,1.160794586048434,DEU
Germany,DEU,RKI,Confirmed cases,Cori_slidingWindow,2020-07-14,1.2337183270685073,1.318481116460668,1.1489555376763465,DEU
Germany,DEU,RKI,Confirmed cases,Cori_slidingWindow,2020-07-15,1.2170268405893747,1.3025814201634305,1.131472261015319,DEU
Germany,DEU,RKI,Confirmed cases,Cori_slidingWindow,2020-07-16,1.1978602393023123,1.2824091538864475,1.1133113247181772,DEU
Germany,DEU,RKI,Confirmed cases,Cori_slidingWindow,2020-07-17,1.179600512993706,1.263550209465486,1.095650816521926,DEU
Germany,DEU,RKI,Confirmed cases,Cori_slidingWindow,2020-07-18,1.1631767336843923,1.2458843396036647,1.08046912776512,DEU
Germany,DEU,RKI,Confirmed cases,Cori_slidingWindow,2020-07-19,1.1470168822517974,1.226441138344856,1.067592626158739,DEU
Germany,DEU,RKI,Confirmed cases,Cori_slidingWindow,2020-07-20,1.1330297250072283,1.2077853757614685,1.0582740742529884,DEU
Germany,DEU,RKI,Confirmed cases,Cori_slidingWindow,2020-07-21,1.1233146705876056,1.1934897087432277,1.0531396324319835,DEU
Germany,DEU,RKI,Confirmed cases,Cori_slidingWindow,2020-07-22,1.1193383131296508,1.1874088420632594,1.0512677841960425,DEU
Germany,DEU,RKI,Confirmed cases,Cori_slidingWindow,2020-07-23,1.1206056385595904,1.189654647837704,1.0515566292814769,DEU
Germany,DEU,RKI,Confirmed cases,Cori_slidingWindow,2020-07-24,1.126602440304986,1.1969515509906956,1.0562533296192766,DEU
Germany,DEU,RKI,Confirmed cases,Cori_slidingWindow,2020-07-25,1.136573068393362,1.2075789648544517,1.0655671719322728,DEU
Germany,DEU,RKI,Confirmed cases,Cori_slidingWindow,2020-07-26,1.1486527359053285,1.2217908196217626,1.0755146521888943,DEU
Germany,DEU,RKI,Confirmed cases,Cori_slidingWindow,2020-07-27,1.1614873445913418,1.2367121151290523,1.0862625740536314,DEU
Germany,DEU,RKI,Confirmed cases,Cori_slidingWindow,2020-07-28,1.1749866077284583,1.2504488247071994,1.0995243907497172,DEU
Germany,DEU,RKI,Confirmed cases,Cori_slidingWindow,2020-07-29,1.1893373501644176,1.2640871394518536,1.1145875608769815,DEU
Germany,DEU,RKI,Confirmed cases,Cori_slidingWindow,2020-07-30,1.204436938847077,1.27896316875411,1.1299107089400442,DEU
Germany,DEU,RKI,Confirmed cases,Cori_slidingWindow,2020-07-31,1.218146178232935,1.293428063164401,1.142864293301469,DEU
Germany,DEU,RKI,Confirmed cases,Cori_slidingWindow,2020-08-01,1.2262400002806664,1.3027775800899113,1.1497024204714217,DEU
Germany,DEU,RKI,Confirmed cases,Cori_slidingWindow,2020-08-02,1.2252324467304296,1.3029881165969013,1.147476776863958,DEU
Germany,DEU,RKI,Confirmed cases,Cori_slidingWindow,2020-08-03,1.2147293470687877,1.293243030388805,1.1362156637487704,DEU
Germany,DEU,RKI,Confirmed cases,Cori_slidingWindow,2020-08-04,1.1990511845158525,1.277637095390182,1.1204652736415228,DEU
Germany,DEU,RKI,Confirmed cases,Cori_slidingWindow,2020-08-05,1.1836502423868371,1.2607683914128436,1.1065320933608307,DEU
Germany,DEU,RKI,Confirmed cases,Cori_slidingWindow,2020-08-06,1.172340904803202,1.2479540883693452,1.0967277212370583,DEU
Germany,DEU,RKI,Confirmed cases,Cori_slidingWindow,2020-08-07,1.1635191437034889,1.2396373444229245,1.0874009429840532,DEU
Germany,DEU,RKI,Confirmed cases,Cori_slidingWindow,2020-08-08,1.1531197262345,1.2317849399409675,1.0744545125280325,DEU
Germany,DEU,RKI,Confirmed cases,Cori_slidingWindow,2020-08-09,1.137261329322774,1.21940337502035,1.055119283625198,DEU
Germany,DEU,RKI,Confirmed cases,Cori_slidingWindow,2020-08-10,1.114653748491339,1.1988742649810558,1.0304332320016223,DEU
Germany,DEU,RKI,Confirmed cases,Cori_slidingWindow,2020-08-11,1.0865540425294664,1.1692632492233783,1.0038448358355545,DEU
Germany,DEU,RKI,Confirmed cases,Cori_slidingWindow,2020-08-12,1.0570203103452884,1.1349793677724582,0.9790612529181189,DEU
Germany,DEU,RKI,Confirmed cases,Cori_slidingWindow,2020-08-13,1.0307856414948262,1.1045435728091504,0.957027710180502,DEU
Germany,DEU,RKI,Confirmed cases,Cori_slidingWindow,2020-08-14,1.00919799831429,1.0804574270828902,0.93793856954569,DEU
Germany,DEU,RKI,Confirmed cases,Cori_slidingWindow,2020-08-15,0.9900193346424804,1.059892704539216,0.9201459647457446,DEU
Germany,DEU,RKI,Confirmed cases,Cori_slidingWindow,2020-08-16,0.9705967698559052,1.0402007012052217,0.9009928385065888,DEU
Germany,DEU,RKI,Confirmed cases,Cori_slidingWindow,2020-08-17,0.9510751899468242,1.021074215306551,0.8810761645870973,DEU
Germany,DEU,RKI,Confirmed cases,Cori_slidingWindow,2020-08-18,0.9345817770574628,1.0051201249567805,0.8640434291581455,DEU
Germany,DEU,RKI,Confirmed cases,Cori_slidingWindow,2020-08-19,0.9254494793686844,0.9964196246115442,0.8544793341258246,DEU
Germany,DEU,RKI,Confirmed cases,Cori_slidingWindow,2020-08-20,0.9267846043072736,0.9980034175417252,0.8555657910728219,DEU
Germany,DEU,RKI,Confirmed cases,Cori_slidingWindow,2020-08-21,0.9387337192317842,1.0098650386930896,0.8676023997704788,DEU
Germany,DEU,RKI,Confirmed cases,Cori_slidingWindow,2020-08-22,0.9572716155950944,1.0286168841646337,0.8859263470255553,DEU
Germany,DEU,RKI,Confirmed cases,Cori_slidingWindow,2020-08-23,0.9770774298880618,1.0482532362105403,0.9059016235655832,DEU
Germany,DEU,RKI,Confirmed cases,Cori_slidingWindow,2020-08-24,0.9946718993902612,1.0648625352041174,0.9244812635764053,DEU
Germany,DEU,RKI,Confirmed cases,Cori_slidingWindow,2020-08-25,1.0095358246960922,1.0793664866370167,0.9397051627551676,DEU
Germany,DEU,RKI,Confirmed cases,Cori_slidingWindow,2020-08-26,1.024296207681257,1.095497565648541,0.9530948497139728,DEU
Germany,DEU,RKI,Confirmed cases,Cori_slidingWindow,2020-08-27,1.0421244683413546,1.1159588940911436,0.9682900425915658,DEU
Germany,DEU,RKI,Confirmed cases,Cori_slidingWindow,2020-08-28,1.0633562157564718,1.139115301468733,0.9875971300442106,DEU
Germany,DEU,RKI,Confirmed cases,Cori_slidingWindow,2020-08-29,1.0855090242671563,1.1604073548898677,1.010610693644445,DEU
Germany,DEU,RKI,Confirmed cases,Cori_slidingWindow,2020-08-30,1.1032166215808696,1.1746706347238056,1.0317626084379337,DEU
Germany,DEU,RKI,Confirmed cases,Cori_slidingWindow,2020-08-31,1.1148341917700002,1.183324012077698,1.0463443714623024,DEU
Germany,DEU,RKI,Confirmed cases,Cori_slidingWindow,2020-09-01,1.1218744060894303,1.189251661585481,1.0544971505933798,DEU
Germany,DEU,RKI,Confirmed cases,Cori_slidingWindow,2020-09-02,1.1276395999394362,1.1955506120757786,1.0597285878030938,DEU
Germany,DEU,RKI,Confirmed cases,Cori_slidingWindow,2020-09-03,1.1329836872789076,1.2025714732766104,1.0633959012812049,DEU
Germany,DEU,RKI,Confirmed cases,Cori_slidingWindow,2020-09-04,1.136762601159126,1.2082288142020594,1.0652963881161928,DEU
Germany,DEU,RKI,Confirmed cases,Cori_slidingWindow,2020-09-05,1.1366974377473575,1.2095340866605382,1.063860788834177,DEU
Germany,DEU,RKI,Confirmed cases,Cori_slidingWindow,2020-09-06,1.1307602475068044,1.2039060162047344,1.0576144788088744,DEU
Germany,DEU,RKI,Confirmed cases,Cori_slidingWindow,2020-09-07,1.118235293517395,1.1901103547732892,1.0463602322615009,DEU
Germany,DEU,RKI,Confirmed cases,Cori_slidingWindow,2020-09-08,1.101194707954445,1.1696930840473874,1.0326963318615028,DEU
Germany,DEU,RKI,Confirmed cases,Cori_slidingWindow,2020-09-09,1.0849147453355206,1.149525511869001,1.02030397880204,DEU
Germany,DEU,RKI,Confirmed cases,Cori_slidingWindow,2020-09-10,1.0746108918964363,1.1361952850915484,1.0130264987013249,DEU
Germany,DEU,RKI,Confirmed cases,Cori_slidingWindow,2020-09-11,1.0712702660234446,1.1315652212855194,1.0109753107613697,DEU
Germany,DEU,RKI,Confirmed cases,Cori_slidingWindow,2020-09-12,1.0721799843778794,1.1326839434449054,1.0116760253108534,DEU
Germany,DEU,RKI,Confirmed cases,Cori_slidingWindow,2020-09-13,1.0738171528405198,1.135199068823859,1.0124352368571807,DEU
Germany,DEU,RKI,Confirmed cases,Cori_slidingWindow,2020-09-14,1.0744629608267182,1.1366472846399625,1.012278637013474,DEU
Germany,DEU,RKI,Confirmed cases,Cori_slidingWindow,2020-09-15,1.0746227005631923,1.1375128993410444,1.011732501785341,DEU
Germany,DEU,RKI,Confirmed cases,Cori_slidingWindow,2020-09-16,1.0757176813435287,1.139722122880246,1.0117132398068116,DEU
Germany,DEU,RKI,Confirmed cases,Cori_slidingWindow,2020-09-17,1.0807550614481856,1.146888204216693,1.014621918679678,DEU
Germany,DEU,RKI,Confirmed cases,Cori_slidingWindow,2020-09-18,1.0909644979615407,1.16069890483888,1.0212300910842014,DEU
Germany,DEU,RKI,Confirmed cases,Cori_slidingWindow,2020-09-19,1.1054354068627368,1.179614733193414,1.0312560805320596,DEU
Germany,DEU,RKI,Confirmed cases,Cori_slidingWindow,2020-09-20,1.1223768844570745,1.201173515139115,1.043580253775034,DEU
Germany,DEU,RKI,Confirmed cases,Cori_slidingWindow,2020-09-21,1.1413703979389218,1.2245223841390969,1.0582184117387468,DEU
Germany,DEU,RKI,Confirmed cases,Cori_slidingWindow,2020-09-22,1.164605113666745,1.2510513632517248,1.0781588640817652,DEU
Germany,DEU,RKI,Confirmed cases,Cori_slidingWindow,2020-09-23,1.1947349920190435,1.2825945809618264,1.1068754030762606,DEU
Germany,DEU,RKI,Confirmed cases,Cori_slidingWindow,2020-09-24,1.232643193180038,1.3202618913979756,1.145024494962101,DEU
Germany,DEU,RKI,Confirmed cases,Cori_slidingWindow,2020-09-25,1.276168392479219,1.363267587542304,1.189069197416134,DEU
Germany,DEU,RKI,Confirmed cases,Cori_slidingWindow,2020-09-26,1.319601482481174,1.4076514597509129,1.2315515052114356,DEU
Germany,DEU,RKI,Confirmed cases,Cori_slidingWindow,2020-09-27,1.3554103906155266,1.444566781038272,1.2662540001927811,DEU
Germany,DEU,RKI,Confirmed cases,Cori_slidingWindow,2020-09-28,1.3785698195758471,1.4674170584869712,1.2897225806647237,DEU
Germany,DEU,RKI,Confirmed cases,Cori_slidingWindow,2020-09-29,1.3914582875296586,1.479386646235622,1.3035299288236952,DEU
Germany,DEU,RKI,Confirmed cases,Cori_slidingWindow,2020-09-30,1.3992309574524675,1.4868933155123305,1.3115685993926047,DEU
Germany,DEU,RKI,Confirmed cases,Cori_slidingWindow,2020-10-01,1.4043787349799528,1.493095039603607,1.315662430356299,DEU
Germany,DEU,RKI,Confirmed cases,Cori_slidingWindow,2020-10-02,1.405421857156253,1.4953813383301393,1.3154623759823665,DEU
Germany,DEU,RKI,Confirmed cases,Cori_slidingWindow,2020-10-03,1.4013300587659214,1.4912762126080974,1.3113839049237457,DEU
Germany,DEU,RKI,Confirmed cases,Cori_slidingWindow,2020-10-04,1.3927697796284,1.4818924486849707,1.3036471105718292,DEU
Germany,DEU,RKI,Confirmed cases,Cori_slidingWindow,2020-10-05,1.384281536920657,1.4736498857521545,1.2949131880891596,DEU
Germany,DEU,RKI,Confirmed cases,Cori_slidingWindow,2020-10-06,1.381765235356458,1.4714533088062538,1.2920771619066622,DEU
Germany,DEU,RKI,Confirmed cases,Cori_slidingWindow,2020-10-07,1.3900079100802332,1.4790858167545875,1.3009300034058786,DEU
Germany,DEU,RKI,Confirmed cases,Cori_slidingWindow,2020-10-08,1.4086128915040563,1.4955633085681563,1.3216624744399563,DEU
Germany,DEU,RKI,Confirmed cases,Cori_slidingWindow,2020-10-09,1.434121289558144,1.5183833994469802,1.3498591796693076,DEU
Germany,DEU,RKI,Confirmed cases,Cori_slidingWindow,2020-10-10,1.459946759636732,1.5440611643838702,1.375832354889594,DEU
Germany,DEU,RKI,Confirmed cases,Cori_slidingWindow,2020-10-11,1.477962630118724,1.564221744069737,1.3917035161677112,DEU
Germany,DEU,RKI,Confirmed cases,Cori_slidingWindow,2020-10-12,1.482478979693476,1.5700403388786677,1.3949176205082845,DEU
Germany,DEU,RKI,Confirmed cases,Cori_slidingWindow,2020-10-13,1.4752394735701175,1.5651618691557885,1.3853170779844468,DEU
Germany,DEU,RKI,Confirmed cases,Cori_slidingWindow,2020-10-14,1.4602749875151813,1.5538538401295114,1.366696134900851,DEU
Germany,DEU,RKI,Confirmed cases,Cori_slidingWindow,2020-10-15,1.440924655002619,1.535166805741806,1.3466825042634318,DEU
Germany,DEU,RKI,Confirmed cases,Cori_slidingWindow,2020-10-16,1.41778548133643,1.5088759859980938,1.3266949766747664,DEU
Germany,DEU,RKI,Confirmed cases,Cori_slidingWindow,2020-10-17,1.388505187018545,1.4751011168789334,1.3019092571581563,DEU
Germany,DEU,RKI,Confirmed cases,Cori_slidingWindow,2020-10-18,1.3514682550828137,1.434051446676616,1.2688850634890114,DEU
Germany,DEU,RKI,Confirmed cases,Cori_slidingWindow,2020-10-19,1.3076576788364755,1.3876122144481844,1.2277031432247667,DEU
Germany,DEU,RKI,Confirmed cases,Cori_slidingWindow,2020-10-20,1.2622770276754176,1.3398734165273705,1.1846806388234647,DEU
Germany,DEU,RKI,Confirmed cases,Cori_slidingWindow,2020-10-21,1.2205317401133322,1.2936445124921874,1.147418967734477,DEU
Germany,DEU,RKI,Confirmed cases,Cori_slidingWindow,2020-10-22,1.1847323038559086,1.252608987558991,1.116855620152826,DEU
Germany,DEU,RKI,Confirmed cases,Cori_slidingWindow,2020-10-23,1.154752689140881,1.220045693980058,1.089459684301704,DEU
Germany,DEU,RKI,Confirmed cases,Cori_slidingWindow,2020-10-24,1.1285027705420865,1.1929405575135068,1.064064983570666,DEU
Germany,DEU,RKI,Confirmed cases,Cori_slidingWindow,2020-10-25,1.1030605704032104,1.1669508865375018,1.039170254268919,DEU
Germany,DEU,RKI,Confirmed cases,Cori_slidingWindow,2020-10-26,1.0773867601483036,1.142061211741029,1.0127123085555785,DEU
Germany,DEU,RKI,Confirmed cases,Cori_slidingWindow,2020-10-27,1.0527690049843337,1.1202033439478418,0.9853346660208254,DEU
Germany,DEU,RKI,Confirmed cases,Cori_slidingWindow,2020-10-28,1.03190459998403,1.1035095144136489,0.960299685554411,DEU
Germany,DEU,RKI,Confirmed cases,Cori_slidingWindow,2020-10-29,1.016794639080959,1.0926152741248114,0.9409740040371066,DEU
Germany,DEU,RKI,Confirmed cases,Cori_slidingWindow,2020-10-30,1.0074032025906592,1.0857845750679438,0.9290218301133746,DEU
Germany,DEU,RKI,Confirmed cases,Cori_slidingWindow,2020-10-31,1.0012851073895574,1.0797412539043327,0.9228289608747822,DEU
Germany,DEU,RKI,Confirmed cases,Cori_slidingWindow,2020-11-01,0.9955260939596766,1.071349502360919,0.9197026855584344,DEU
Germany,DEU,RKI,Confirmed cases,Cori_slidingWindow,2020-11-02,0.9886833746374624,1.0580788096442568,0.9192879396306682,DEU
Germany,DEU,RKI,Confirmed cases,Cori_slidingWindow,2020-11-03,0.9814671807985292,1.0410682676662255,0.921866093930833,DEU
Germany,DEU,RKI,Confirmed cases,Cori_slidingWindow,2020-11-04,0.976637813314506,1.0274698266677482,0.925805799961264,DEU
Germany,DEU,RKI,Confirmed cases,Cori_slidingWindow,2020-11-05,0.9764012307471754,1.0247649429377872,0.9280375185565636,DEU
Germany,DEU,RKI,Confirmed cases,Cori_slidingWindow,2020-11-06,0.9814261659759258,1.0359100923372817,0.92694223961457,DEU
Germany,DEU,RKI,Confirmed cases,Cori_slidingWindow,2020-11-07,0.9891935725249325,1.054752343447468,0.9236348016023966,DEU
Germany,DEU,RKI,Confirmed cases,Cori_slidingWindow,2020-11-08,0.9960284077652812,1.071782355422071,0.9202744601084916,DEU
Germany,DEU,RKI,Confirmed cases,Cori_slidingWindow,2020-11-09,0.999737669073666,1.0814345447562783,0.918040793391054,DEU
Germany,DEU,RKI,Confirmed cases,Cori_slidingWindow,2020-11-10,1.0005629161499396,1.0845209099762645,0.9166049223236148,DEU
Germany,DEU,RKI,Confirmed cases,Cori_slidingWindow,2020-11-11,1.0007575826815012,1.0835031615691324,0.91801200379387,DEU
Germany,DEU,RKI,Confirmed cases,Cori_slidingWindow,2020-11-12,1.0024929093199924,1.0805425703870972,0.9244432482528876,DEU
Germany,DEU,RKI,Confirmed cases,Cori_slidingWindow,2020-11-13,1.0057207258514247,1.0767512609906815,0.9346901907121676,DEU
Germany,DEU,RKI,Confirmed cases,Cori_slidingWindow,2020-11-14,1.0075184765435263,1.0716480670021653,0.9433888860848876,DEU
Germany,DEU,RKI,Confirmed cases,Cori_slidingWindow,2020-11-15,1.004755270468842,1.065312411891817,0.9441981290458672,DEU
Germany,DEU,RKI,Confirmed cases,Cori_slidingWindow,2020-11-16,0.9965215358939332,1.0577285633727898,0.9353145084150764,DEU
Germany,DEU,RKI,Confirmed cases,Cori_slidingWindow,2020-11-17,0.9848865831379556,1.0490722265449173,0.920700939730994,DEU
Germany,DEU,RKI,Confirmed cases,Cori_slidingWindow,2020-11-18,0.9745072538685532,1.041967125063489,0.9070473826736172,DEU
Germany,DEU,RKI,Confirmed cases,Cori_slidingWindow,2020-11-19,0.970075158367272,1.0411911692951823,0.8989591474393615,DEU
Germany,DEU,RKI,Confirmed cases,Cori_slidingWindow,2020-11-20,0.9743026084554008,1.0482460608554804,0.9003591560553211,DEU
Germany,DEU,RKI,Confirmed cases,Cori_slidingWindow,2020-11-21,0.9859966612387008,1.0610883144861238,0.9109050079912778,DEU
Germany,DEU,RKI,Confirmed cases,Cori_slidingWindow,2020-11-22,1.001307376091097,1.076319014860995,0.9262957373211996,DEU
Germany,DEU,RKI,Confirmed cases,Cori_slidingWindow,2020-11-23,1.0174821393298166,1.091778861320606,0.9431854173390268,DEU
Germany,DEU,RKI,Confirmed cases,Cori_slidingWindow,2020-11-24,1.0343220328016889,1.1084821306354549,0.960161934967923,DEU
Germany,DEU,RKI,Confirmed cases,Cori_slidingWindow,2020-11-25,1.0538501307821524,1.1285624178631677,0.9791378437011372,DEU
Germany,DEU,RKI,Confirmed cases,Cori_slidingWindow,2020-11-26,1.0780905459715868,1.1529419460097152,1.0032391459334584,DEU
Germany,DEU,RKI,Confirmed cases,Cori_slidingWindow,2020-11-27,1.107195575205841,1.181922422607146,1.0324687278045364,DEU
Germany,DEU,RKI,Confirmed cases,Cori_slidingWindow,2020-11-28,1.1369949880115522,1.2132221148426436,1.0607678611804607,DEU
Germany,DEU,RKI,Confirmed cases,Cori_slidingWindow,2020-11-29,1.1606996027519365,1.2386014349402552,1.0827977705636178,DEU
Germany,DEU,RKI,Confirmed cases,Cori_slidingWindow,2020-11-30,1.172834599452223,1.2500948232455071,1.0955743756589382,DEU
Germany,DEU,RKI,Confirmed cases,Cori_slidingWindow,2020-12-01,1.1735482031644586,1.248503802881657,1.0985926034472602,DEU
Germany,DEU,RKI,Confirmed cases,Cori_slidingWindow,2020-12-02,1.1671014771938335,1.239099488734141,1.095103465653526,DEU
Germany,DEU,RKI,Confirmed cases,Cori_slidingWindow,2020-12-03,1.1578272761511803,1.226469308380155,1.089185243922206,DEU
Germany,DEU,RKI,Confirmed cases,Cori_slidingWindow,2020-12-04,1.1478092005258516,1.213272001710345,1.082346399341358,DEU
Germany,DEU,RKI,Confirmed cases,Cori_slidingWindow,2020-12-05,1.136627423786745,1.1997028075907403,1.0735520399827498,DEU
Germany,DEU,RKI,Confirmed cases,Cori_slidingWindow,2020-12-06,1.122077700338232,1.1833378877868646,1.0608175128895996,DEU
Germany,DEU,RKI,Confirmed cases,Cori_slidingWindow,2020-12-07,1.1015680487156452,1.1624533461131763,1.0406827513181138,DEU
Germany,DEU,RKI,Confirmed cases,Cori_slidingWindow,2020-12-08,1.0746326591268014,1.135920164153341,1.0133451541002618,DEU
Germany,DEU,RKI,Confirmed cases,Cori_slidingWindow,2020-12-09,1.0441137745412732,1.10479471610193,0.9834328329806163,DEU
Germany,DEU,RKI,Confirmed cases,Cori_slidingWindow,2020-12-10,1.013188855804234,1.072168444857332,0.954209266751136,DEU
Germany,DEU,RKI,Confirmed cases,Cori_slidingWindow,2020-12-11,0.9833484132707576,1.0408663362667396,0.9258304902747756,DEU
Germany,DEU,RKI,Confirmed cases,Cori_slidingWindow,2020-12-12,0.9551328589195848,1.0124451376820562,0.8978205801571134,DEU
Germany,DEU,RKI,Confirmed cases,Cori_slidingWindow,2020-12-13,0.9292262816347736,0.9876050036922056,0.8708475595773414,DEU
Germany,DEU,RKI,Confirmed cases,Cori_slidingWindow,2020-12-14,0.906300164548938,0.9658262916120234,0.8467740374858527,DEU
Germany,DEU,RKI,Confirmed cases,Cori_slidingWindow,2020-12-15,0.88682067031393,0.946432911007376,0.8272084296204838,DEU
Germany,DEU,RKI,Confirmed cases,Cori_slidingWindow,2020-12-16,0.8723634660994869,0.9316475572725358,0.813079374926438,DEU
Germany,DEU,RKI,Confirmed cases,Cori_slidingWindow,2020-12-17,0.8646614539922391,0.923353584935014,0.8059693230494642,DEU
Germany,DEU,RKI,Confirmed cases,Cori_slidingWindow,2020-12-18,0.8634928036861673,0.9216250188184116,0.8053605885539231,DEU
Germany,DEU,RKI,Confirmed cases,Cori_slidingWindow,2020-12-19,0.8657638917984521,0.9251335154462323,0.8063942681506718,DEU
Germany,DEU,RKI,Confirmed cases,Cori_slidingWindow,2020-12-20,0.8686997137314859,0.9316873804095722,0.8057120470533996,DEU
Germany,DEU,RKI,Confirmed cases,Cori_slidingWindow,2020-12-21,0.8732196375693441,0.9408081402180534,0.8056311349206348,DEU
Germany,DEU,RKI,Confirmed cases,Cori_slidingWindow,2020-12-22,0.8831009626560835,0.9541720016289604,0.8120299236832067,DEU
Germany,DEU,RKI,Confirmed cases,Cori_slidingWindow,2020-12-23,0.901669859040197,0.9739837039411744,0.8293560141392196,DEU
Germany,DEU,RKI,Confirmed cases,Cori_slidingWindow,2020-12-24,0.9286161556924653,0.99998500638472,0.8572473050002102,DEU
Germany,DEU,RKI,Confirmed cases,Cori_slidingWindow,2020-12-25,0.9584017420899182,1.0285123795714006,0.8882911046084357,DEU
Germany,DEU,RKI,Confirmed cases,Cori_slidingWindow,2020-12-26,0.9831430571071936,1.0524756484504214,0.913810465763966,DEU
Germany,DEU,RKI,Confirmed cases,Cori_slidingWindow,2020-12-27,0.9966578963128856,1.0651881232984417,0.9281276693273296,DEU
Germany,DEU,RKI,Confirmed cases,Cori_slidingWindow,2020-12-28,0.9961081177352858,1.064617892248179,0.9275983432223928,DEU
Germany,DEU,RKI,Confirmed cases,Cori_slidingWindow,2020-12-29,0.9847971905741552,1.054436782749757,0.9151575983985534,DEU
Germany,DEU,RKI,Confirmed cases,Cori_slidingWindow,2020-12-30,0.9698562483750977,1.041381146039796,0.8983313507103992,DEU
Germany,DEU,RKI,Confirmed cases,Cori_slidingWindow,2020-12-31,0.9579822112614316,1.0313613369004957,0.884603085622368,DEU
Germany,DEU,RKI,Confirmed cases,Cori_slidingWindow,2021-01-01,0.9509870267874382,1.025457341539307,0.8765167120355698,DEU
Germany,DEU,RKI,Confirmed cases,Cori_slidingWindow,2021-01-02,0.9441629475709906,1.0184665581816044,0.869859336960377,DEU
Germany,DEU,RKI,Confirmed cases,Cori_slidingWindow,2021-01-03,0.9337108368353444,1.0072598376995192,0.8601618359711694,DEU
Germany,DEU,RKI,Confirmed cases,Cori_slidingWindow,2021-01-04,0.9184042865322016,0.9903240793668576,0.8464844936975455,DEU
Germany,DEU,RKI,Confirmed cases,Cori_slidingWindow,2021-01-05,0.9000999123046456,0.9694813002481216,0.8307185243611696,DEU
Germany,DEU,RKI,Confirmed cases,Cori_slidingWindow,2021-01-06,0.883625200587225,0.951135315112588,0.816115086061862,DEU
Germany,DEU,RKI,Confirmed cases,Cori_slidingWindow,2021-01-07,0.8738182641636673,0.9410796842051672,0.8065568441221672,DEU
Germany,DEU,RKI,Confirmed cases,Cori_slidingWindow,2021-01-08,0.8735761284798845,0.941496391028893,0.805655865930876,DEU
Germany,DEU,RKI,Confirmed cases,Cori_slidingWindow,2021-01-09,0.8813596193473793,0.949825095018956,0.8128941436758025,DEU
Germany,DEU,RKI,Confirmed cases,Cori_slidingWindow,2021-01-10,0.8925780029035679,0.9607073605371406,0.8244486452699953,DEU
Germany,DEU,RKI,Confirmed cases,Cori_slidingWindow,2021-01-11,0.9017210741252832,0.9680692837870152,0.8353728644635511,DEU
Germany,DEU,RKI,Confirmed cases,Cori_slidingWindow,2021-01-12,0.9056978237740364,0.970406565683282,0.8409890818647907,DEU
Germany,DEU,RKI,Confirmed cases,Cori_slidingWindow,2021-01-13,0.9052371549567564,0.9694235422369802,0.8410507676765328,DEU
Germany,DEU,RKI,Confirmed cases,Cori_slidingWindow,2021-01-14,0.90396417239723,0.9686519647576882,0.8392763800367716,DEU
Germany,DEU,RKI,Confirmed cases,Cori_slidingWindow,2021-01-15,0.9054090639978416,0.9719402992862698,0.8388778287094134,DEU
Germany,DEU,RKI,Confirmed cases,Cori_slidingWindow,2021-01-16,0.9092843914016124,0.978366328938988,0.8402024538642368,DEU
Germany,DEU,RKI,Confirmed cases,Cori_slidingWindow,2021-01-17,0.9121307932304064,0.9825699917029114,0.8416915947579013,DEU
Germany,DEU,RKI,Confirmed cases,Cori_slidingWindow,2021-01-18,0.9096790627435636,0.978995139647396,0.8403629858397309,DEU
Germany,DEU,RKI,Confirmed cases,Cori_slidingWindow,2021-01-19,0.9008096107148305,0.9670465986769864,0.8345726227526744,DEU
Germany,DEU,RKI,Confirmed cases,Cori_slidingWindow,2021-01-20,0.8891707561053315,0.951447555428798,0.8268939567818648,DEU
Germany,DEU,RKI,Confirmed cases,Cori_slidingWindow,2021-01-21,0.8801850000034938,0.939808001013833,0.8205619989931545,DEU
Germany,DEU,RKI,Confirmed cases,Cori_slidingWindow,2021-01-22,0.8775484049987916,0.9370841561050304,0.818012653892553,DEU
Germany,DEU,RKI,Confirmed cases,Cori_slidingWindow,2021-01-23,0.8801348292967373,0.9414809868480694,0.8187886717454051,DEU
Germany,DEU,RKI,Confirmed cases,Cori_slidingWindow,2021-01-24,0.8830029381477476,0.9466544680029492,0.8193514082925459,DEU
Germany,DEU,RKI,Confirmed cases,Cori_slidingWindow,2021-01-25,0.881305328085223,0.946167690352798,0.8164429658176479,DEU
Germany,DEU,RKI,Confirmed cases,Cori_slidingWindow,2021-01-26,0.8738557993410744,0.9378875297601652,0.8098240689219837,DEU
Germany,DEU,RKI,Confirmed cases,Cori_slidingWindow,2021-01-27,0.8641004846943976,0.9255364197865892,0.8026645496022061,DEU
Germany,DEU,RKI,Confirmed cases,Cori_slidingWindow,2021-01-28,0.8571082654028636,0.9155399213775548,0.7986766094281724,DEU
Germany,DEU,RKI,Confirmed cases,Cori_slidingWindow,2021-01-29,0.8560548272030827,0.912492271132904,0.7996173832732613,DEU
Germany,DEU,RKI,Confirmed cases,Cori_slidingWindow,2021-01-30,0.8605043358044137,0.9176900731252188,0.8033185984836084,DEU
Germany,DEU,RKI,Confirmed cases,Cori_slidingWindow,2021-01-31,0.8674257990566401,0.9284914233473482,0.8063601747659319,DEU
Germany,DEU,RKI,Confirmed cases,Cori_slidingWindow,2021-02-01,0.8730732476335494,0.9398587505138322,0.8062877447532667,DEU
Germany,DEU,RKI,Confirmed cases,Cori_slidingWindow,2021-02-02,0.8763425737463109,0.9482263144011648,0.8044588330914569,DEU
Germany,DEU,RKI,Confirmed cases,Cori_slidingWindow,2021-02-03,0.8800344829197501,0.9541028711779558,0.8059660946615443,DEU
Germany,DEU,RKI,Confirmed cases,Cori_slidingWindow,2021-02-04,0.8885706896959671,0.9619826068555072,0.815158772536427,DEU
Germany,DEU,RKI,Confirmed cases,Cori_slidingWindow,2021-02-05,0.9043610314801236,0.9762469052822852,0.8324751576779619,DEU
Germany,DEU,RKI,Confirmed cases,Cori_slidingWindow,2021-02-06,0.92615137441227,0.996676128360776,0.8556266204637639,DEU
Germany,DEU,RKI,Confirmed cases,Cori_slidingWindow,2021-02-07,0.9498039398594866,1.01851478259761,0.8810930971213634,DEU
Germany,DEU,RKI,Confirmed cases,Cori_slidingWindow,2021-02-08,0.9710783067647476,1.038258769957478,0.9038978435720172,DEU
Germany,DEU,RKI,Confirmed cases,Cori_slidingWindow,2021-02-09,0.9874243713622088,1.0544579093007085,0.9203908334237092,DEU
Germany,DEU,RKI,Confirmed cases,Cori_slidingWindow,2021-02-10,1.000042919201033,1.067738672311978,0.932347166090088,DEU
Germany,DEU,RKI,Confirmed cases,Cori_slidingWindow,2021-02-11,1.0125192049242209,1.081092720056749,0.9439456897916922,DEU
Germany,DEU,RKI,Confirmed cases,Cori_slidingWindow,2021-02-12,1.0268356571560506,1.0968092919776693,0.956862022334432,DEU
Germany,DEU,RKI,Confirmed cases,Cori_slidingWindow,2021-02-13,1.041443158348658,1.1128532884579871,0.9700330282393292,DEU
Germany,DEU,RKI,Confirmed cases,Cori_slidingWindow,2021-02-14,1.0521627451910915,1.1236419612544126,0.9806835291277703,DEU
Germany,DEU,RKI,Confirmed cases,Cori_slidingWindow,2021-02-15,1.0551696829827968,1.12462852573449,0.9857108402311036,DEU
Germany,DEU,RKI,Confirmed cases,Cori_slidingWindow,2021-02-16,1.0503529340537736,1.1165731107737304,0.9841327573338168,DEU
Germany,DEU,RKI,Confirmed cases,Cori_slidingWindow,2021-02-17,1.041075062677404,1.1051067652167057,0.977043360138102,DEU
Germany,DEU,RKI,Confirmed cases,Cori_slidingWindow,2021-02-18,1.0326325821846476,1.0967178947577914,0.9685472696115038,DEU
Germany,DEU,RKI,Confirmed cases,Cori_slidingWindow,2021-02-19,1.028750476630102,1.094559202874661,0.9629417503855434,DEU
Germany,DEU,RKI,Confirmed cases,Cori_slidingWindow,2021-02-20,1.0292883337035088,1.0973403205830865,0.9612363468239312,DEU
Germany,DEU,RKI,Confirmed cases,Cori_slidingWindow,2021-02-21,1.0310353596400683,1.1008635413510433,0.9612071779290938,DEU
Germany,DEU,RKI,Confirmed cases,Cori_slidingWindow,2021-02-22,1.0312456868660698,1.102136049574594,0.9603553241575454,DEU
Germany,DEU,RKI,Confirmed cases,Cori_slidingWindow,2021-02-23,1.0310948591680955,1.1021195561023809,0.9600701622338104,DEU
Germany,DEU,RKI,Confirmed cases,Cori_slidingWindow,2021-02-24,1.0346655306829973,1.1045564705595043,0.9647745908064902,DEU
Germany,DEU,RKI,Confirmed cases,Cori_slidingWindow,2021-02-25,1.0459788286699403,1.1136604604806672,0.9782971968592132,DEU
Germany,DEU,RKI,Confirmed cases,Cori_slidingWindow,2021-02-26,1.0657730756373915,1.1317441508291408,0.9998020004456424,DEU
Germany,DEU,RKI,Confirmed cases,Cori_slidingWindow,2021-02-27,1.0910463002876465,1.1560314613913985,1.026061139183894,DEU
Germany,DEU,RKI,Confirmed cases,Cori_slidingWindow,2021-02-28,1.1162610142866285,1.1811486612589777,1.051373367314279,DEU
Germany,DEU,RKI,Confirmed cases,Cori_slidingWindow,2021-03-01,1.1358713845227038,1.2019589312084409,1.0697838378369666,DEU
Germany,DEU,RKI,Confirmed cases,Cori_slidingWindow,2021-03-02,1.1487243873761537,1.2171107790117135,1.080337995740594,DEU
Germany,DEU,RKI,Confirmed cases,Cori_slidingWindow,2021-03-03,1.1577138901018031,1.2290144550328153,1.086413325170791,DEU
Germany,DEU,RKI,Confirmed cases,Cori_slidingWindow,2021-03-04,1.1668634754579168,1.2402497919260034,1.0934771589898302,DEU
Germany,DEU,RKI,Confirmed cases,Cori_slidingWindow,2021-03-05,1.1780103926980237,1.250853177570019,1.1051676078260286,DEU
Germany,DEU,RKI,Confirmed cases,Cori_slidingWindow,2021-03-06,1.1890711419863775,1.2592476106489845,1.1188946733237706,DEU
Germany,DEU,RKI,Confirmed cases,Cori_slidingWindow,2021-03-07,1.1961646973010416,1.2652457213535389,1.1270836732485443,DEU
Germany,DEU,RKI,Confirmed cases,Cori_slidingWindow,2021-03-08,1.196010377299429,1.265633477695398,1.1263872769034602,DEU
Germany,DEU,RKI,Confirmed cases,Cori_slidingWindow,2021-03-09,1.1892265202080998,1.2596097156974837,1.118843324718716,DEU
Germany,DEU,RKI,Confirmed cases,Cori_slidingWindow,2021-03-10,1.1813467220060536,1.2522385053186138,1.1104549386934934,DEU
Germany,DEU,RKI,Confirmed cases,Cori_slidingWindow,2021-03-11,1.1780770323656409,1.24888356362348,1.1072705011078012,DEU
Germany,DEU,RKI,Confirmed cases,Cori_slidingWindow,2021-03-12,1.1804581125519755,1.2514778898525172,1.1094383352514343,DEU
Germany,DEU,RKI,Confirmed cases,Cori_slidingWindow,2021-03-13,1.18419702260153,1.2562609913531584,1.112133053849902,DEU
Germany,DEU,RKI,Confirmed cases,Cori_slidingWindow,2021-03-14,1.1834060440106438,1.2560497174372136,1.110762370584074,DEU
Germany,DEU,RKI,Confirmed cases,Cori_slidingWindow,2021-03-15,1.1745745307423632,1.2461800447502047,1.1029690167345216,DEU
Germany,DEU,RKI,Confirmed cases,Cori_slidingWindow,2021-03-16,1.1577061400454298,1.22828890333921,1.0871233767516495,DEU
Germany,DEU,RKI,Confirmed cases,Cori_slidingWindow,2021-03-17,1.1357608024199712,1.2050517505906306,1.0664698542493118,DEU
Germany,DEU,RKI,Confirmed cases,Cori_slidingWindow,2021-03-18,1.113375629411563,1.1809069758985031,1.0458442829246235,DEU
Germany,DEU,RKI,Confirmed cases,Cori_slidingWindow,2021-03-19,1.093245153190253,1.160233169695679,1.026257136684827,DEU
Germany,DEU,RKI,Confirmed cases,Cori_slidingWindow,2021-03-20,1.0735773415153325,1.1414088512577163,1.0057458317729486,DEU
Germany,DEU,RKI,Confirmed cases,Cori_slidingWindow,2021-03-21,1.050965049450881,1.119692924073225,0.9822371748285376,DEU
Germany,DEU,RKI,Confirmed cases,Cori_slidingWindow,2021-03-22,1.0243154967972703,1.092694752621491,0.9559362409730496,DEU
Germany,DEU,RKI,Confirmed cases,Cori_slidingWindow,2021-03-23,0.9967249962019608,1.0630843829944463,0.930365609409475,DEU
Germany,DEU,RKI,Confirmed cases,Cori_slidingWindow,2021-03-24,0.9734791417880738,1.0368372942795068,0.9101209892966408,DEU
Germany,DEU,RKI,Confirmed cases,Cori_slidingWindow,2021-03-25,0.9606816529615694,1.0229159467986109,0.8984473591245279,DEU
Germany,DEU,RKI,Confirmed cases,Cori_slidingWindow,2021-03-26,0.9633315057317408,1.0270021531166984,0.8996608583467831,DEU
Germany,DEU,RKI,Confirmed cases,Cori_slidingWindow,2021-03-27,0.981153681121336,1.0472389284653412,0.915068433777331,DEU
Germany,DEU,RKI,Confirmed cases,Cori_slidingWindow,2021-03-28,1.007559705931756,1.0761061091889177,0.9390133026745946,DEU
Germany,DEU,RKI,Confirmed cases,Cori_slidingWindow,2021-03-29,1.034562241695262,1.105799182060538,0.963325301329986,DEU
Germany,DEU,RKI,Confirmed cases,Cori_slidingWindow,2021-03-30,1.057442405782992,1.1316599663453386,0.9832248452206452,DEU
Germany,DEU,RKI,Confirmed cases,Cori_slidingWindow,2021-03-31,1.0749685270167106,1.151136705738506,0.9988003482949152,DEU
Germany,DEU,RKI,Confirmed cases,Cori_slidingWindow,2021-04-01,1.0881519841248577,1.1639333998592132,1.0123705683905022,DEU
Germany,DEU,RKI,Confirmed cases,Cori_slidingWindow,2021-04-02,1.0972940557623456,1.1708552679001267,1.0237328436245643,DEU
Germany,DEU,RKI,Confirmed cases,Cori_slidingWindow,2021-04-03,1.1010528665423969,1.1723669908127623,1.0297387422720312,DEU
Germany,DEU,RKI,Confirmed cases,Cori_slidingWindow,2021-04-04,1.096928934736692,1.166906728694209,1.026951140779175,DEU
Germany,DEU,RKI,Confirmed cases,Cori_slidingWindow,2021-04-05,1.0846376322442974,1.1540713952874662,1.0152038692011287,DEU
Germany,DEU,RKI,Confirmed cases,Cori_slidingWindow,2021-04-06,1.068027842313761,1.1374842576281503,0.9985714269993716,DEU
Germany,DEU,RKI,Confirmed cases,Cori_slidingWindow,2021-04-07,1.0529610320870506,1.1221920557983125,0.9837300083757888,DEU
Germany,DEU,RKI,Confirmed cases,Cori_slidingWindow,2021-04-08,1.0440461618129782,1.1124641837089553,0.9756281399170008,DEU
Germany,DEU,RKI,Confirmed cases,Cori_slidingWindow,2021-04-09,1.0430719625579208,1.1103070934261177,0.975836831689724,DEU
Germany,DEU,RKI,Confirmed cases,Cori_slidingWindow,2021-04-10,1.0476958970143924,1.1132409346919911,0.9821508593367936,DEU
Germany,DEU,RKI,Confirmed cases,Cori_slidingWindow,2021-04-11,1.0523518553496722,1.116684849853135,0.9880188608462096,DEU
Germany,DEU,RKI,Confirmed cases,Cori_slidingWindow,2021-04-12,1.0508584653395263,1.1147923829889363,0.9869245476901168,DEU
Germany,DEU,RKI,Confirmed cases,Cori_slidingWindow,2021-04-13,1.040686208140818,1.1036186145929094,0.9777538016887268,DEU
Germany,DEU,RKI,Confirmed cases,Cori_slidingWindow,2021-04-14,1.0248192806013945,1.0856698649173522,0.9639686962854368,DEU
Germany,DEU,RKI,Confirmed cases,Cori_slidingWindow,2021-04-15,1.0090101701790606,1.068381887238488,0.9496384531196332,DEU
Germany,DEU,RKI,Confirmed cases,Cori_slidingWindow,2021-04-16,0.9960342926620628,1.0556465549338376,0.9364220303902876,DEU
Germany,DEU,RKI,Confirmed cases,Cori_slidingWindow,2021-04-17,0.9842149529510948,1.044812129647046,0.9236177762551436,DEU
Germany,DEU,RKI,Confirmed cases,Cori_slidingWindow,2021-04-18,0.9695109500062504,1.0298201243734408,0.90920177563906,DEU
Germany,DEU,RKI,Confirmed cases,Cori_slidingWindow,2021-04-19,0.9494187185417948,1.007463872239134,0.8913735648444555,DEU
Germany,DEU,RKI,Confirmed cases,Cori_slidingWindow,2021-04-20,0.9255243690397392,0.979523532948908,0.8715252051305704,DEU
Germany,DEU,RKI,Confirmed cases,Cori_slidingWindow,2021-04-21,0.9022957093183124,0.9517612499691276,0.8528301686674968,DEU
Germany,DEU,RKI,Confirmed cases,Cori_slidingWindow,2021-04-22,0.8846257010274494,0.9308441239737878,0.838407278081111,DEU
Germany,DEU,RKI,Confirmed cases,Cori_slidingWindow,2021-04-23,0.8747723918624363,0.9201192184192027,0.8294255653056698,DEU
Germany,DEU,RKI,Confirmed cases,Cori_slidingWindow,2021-04-24,0.8711888966633816,0.9177132248082162,0.8246645685185471,DEU
Germany,DEU,RKI,Confirmed cases,Cori_slidingWindow,2021-04-25,0.8696179761220701,0.91805019199356,0.8211857602505804,DEU
Germany,DEU,RKI,Confirmed cases,Cori_slidingWindow,2021-04-26,0.8653758176170878,0.9154420525787614,0.8153095826554142,DEU
Germany,DEU,RKI,Confirmed cases,Cori_slidingWindow,2021-04-27,0.8566451403718823,0.9072074237904422,0.8060828569533225,DEU
Germany,DEU,RKI,Confirmed cases,Cori_slidingWindow,2021-04-28,0.8449533923434862,0.89513860594228,0.7947681787446924,DEU
Germany,DEU,RKI,Confirmed cases,Cori_slidingWindow,2021-04-29,0.8338882939584388,0.882971378794318,0.7848052091225596,DEU
Germany,DEU,RKI,Confirmed cases,Cori_slidingWindow,2021-04-30,0.8259753251577623,0.8735530135064516,0.7783976368090729,DEU
Germany,DEU,RKI,Confirmed cases,Cori_slidingWindow,2021-05-01,0.821220736283465,0.8674519674169433,0.7749895051499868,DEU
Germany,DEU,RKI,Confirmed cases,Cori_slidingWindow,2021-05-02,0.8168880836871696,0.8630893088570756,0.7706868585172636,DEU
Germany,DEU,RKI,Confirmed cases,Cori_slidingWindow,2021-05-03,0.8100932392420634,0.8576434088850904,0.7625430695990365,DEU
Germany,DEU,RKI,Confirmed cases,Cori_slidingWindow,2021-05-04,0.8008573543381262,0.8498121748815606,0.7519025337946919,DEU
Germany,DEU,RKI,Confirmed cases,Cori_slidingWindow,2021-05-05,0.7918612446792104,0.8412352710876639,0.7424872182707568,DEU
Germany,DEU,RKI,Confirmed cases,Cori_slidingWindow,2021-05-06,0.7864589920451152,0.8356111294369747,0.7373068546532556,DEU
Germany,DEU,RKI,Confirmed cases,Cori_slidingWindow,2021-05-07,0.7862113713258159,0.835632786715933,0.7367899559356987,DEU
Germany,DEU,RKI,Confirmed cases,Cori_slidingWindow,2021-05-08,0.7895739947800761,0.8399796423205509,0.7391683472396012,DEU
Germany,DEU,RKI,Confirmed cases,Cori_slidingWindow,2021-05-09,0.7911649298348999,0.8431396148509188,0.7391902448188811,DEU
Germany,DEU,RKI,Confirmed cases,Cori_slidingWindow,2021-05-10,0.7850523626569262,0.83850273326681,0.7316019920470425,DEU
Germany,DEU,RKI,Confirmed cases,Cori_slidingWindow,2021-05-11,0.7700427232523996,0.8243321878756237,0.7157532586291756,DEU
Germany,DEU,RKI,Confirmed cases,Cori_slidingWindow,2021-05-12,0.7518632828197241,0.806811521725911,0.6969150439135373,DEU
Germany,DEU,RKI,Confirmed cases,Cori_slidingWindow,2021-05-13,0.7364925940519841,0.7924541138400316,0.6805310742639366,DEU
Germany,DEU,RKI,Confirmed cases,Cori_slidingWindow,2021-05-14,0.7268491532838769,0.7835570383192322,0.6701412682485216,DEU
Germany,DEU,RKI,Confirmed cases,Cori_slidingWindow,2021-05-15,0.7232575526048235,0.780024045635948,0.666491059573699,DEU
Germany,DEU,RKI,Confirmed cases,Cori_slidingWindow,2021-05-16,0.7250988307940515,0.780999712839163,0.6691979487489399,DEU
Germany,DEU,RKI,Confirmed cases,Cori_slidingWindow,2021-05-17,0.7304414878020709,0.7841303022270013,0.6767526733771404,DEU
Germany,DEU,RKI,Confirmed cases,Cori_slidingWindow,2021-05-18,0.7348676895973323,0.7854635212634834,0.6842718579311812,DEU
Germany,DEU,RKI,Confirmed cases,Cori_slidingWindow,2021-05-19,0.736740434421047,0.785354904410803,0.6881259644312909,DEU
Germany,DEU,RKI,Confirmed cases,Cori_slidingWindow,2021-05-20,0.7382869576566918,0.7880512899586457,0.688522625354738,DEU
Germany,DEU,RKI,Confirmed cases,Cori_slidingWindow,2021-05-21,0.742519235410714,0.7966182807427452,0.6884201900786827,DEU
Germany,DEU,RKI,Confirmed cases,Cori_slidingWindow,2021-05-22,0.7482807781499978,0.8075362420419246,0.689025314258071,DEU
Germany,DEU,RKI,Confirmed cases,Cori_slidingWindow,2021-05-23,0.75187746771155,0.8128968318970822,0.6908581035260177,DEU
Germany,DEU,RKI,Confirmed cases,Cori_slidingWindow,2021-05-24,0.7508160493816863,0.8091865890779412,0.6924455096854315,DEU
Germany,DEU,RKI,Confirmed cases,Cori_slidingWindow,2021-05-25,0.7461186011109289,0.7992958793395603,0.6929413228822975,DEU
Germany,DEU,RKI,Confirmed cases,Cori_slidingWindow,2021-05-26,0.7408145319355073,0.788744072892093,0.6928849909789215,DEU
Germany,DEU,RKI,Confirmed cases,Cori_slidingWindow,2021-05-27,0.7380672654015924,0.7827092909447527,0.6934252398584321,DEU
Germany,DEU,RKI,Confirmed cases,Cori_slidingWindow,2021-05-28,0.7409329803364778,0.7854404837684862,0.6964254769044694,DEU
Germany,DEU,RKI,Confirmed cases,Cori_slidingWindow,2021-05-29,0.7485649742329142,0.7952328695785156,0.7018970788873129,DEU
Germany,DEU,RKI,Confirmed cases,Cori_slidingWindow,2021-05-30,0.755522625737726,0.8044150671018062,0.7066301843736458,DEU
Germany,DEU,RKI,Confirmed cases,Cori_slidingWindow,2021-05-31,0.7554691080550947,0.8056849417144799,0.7052532743957095,DEU
Germany,DEU,RKI,Confirmed cases,Cori_slidingWindow,2021-06-01,0.7469243386062141,0.7971266333657065,0.6967220438467217,DEU
Germany,DEU,RKI,Confirmed cases,Cori_slidingWindow,2021-06-02,0.7336085847341411,0.782347560888327,0.6848696085799553,DEU
Germany,DEU,RKI,Confirmed cases,Cori_slidingWindow,2021-06-03,0.7203724235794808,0.767472345937209,0.6732725012217526,DEU
Germany,DEU,RKI,Confirmed cases,Cori_slidingWindow,2021-06-04,0.7085794953292166,0.7545988226272979,0.6625601680311353,DEU
Germany,DEU,RKI,Confirmed cases,Cori_slidingWindow,2021-06-05,0.6973014301357722,0.7425759151492738,0.6520269451222706,DEU
Germany,DEU,RKI,Confirmed cases,Cori_slidingWindow,2021-06-06,0.6848557330304859,0.7293005506216372,0.6404109154393345,DEU
Germany,DEU,RKI,Confirmed cases,Cori_slidingWindow,2021-06-07,0.6707923565916138,0.7142578675872664,0.6273268455959613,DEU
Germany,DEU,RKI,Confirmed cases,Cori_slidingWindow,2021-06-08,0.6568143264645229,0.6996380595582345,0.6139905933708112,DEU
Germany,DEU,RKI,Confirmed cases,Cori_slidingWindow,2021-06-09,0.6466762216986781,0.689801197579361,0.6035512458179952,DEU
Germany,DEU,RKI,Confirmed cases,Cori_slidingWindow,2021-06-10,0.6446317530088581,0.6896825576014539,0.5995809484162623,DEU
Germany,DEU,RKI,Confirmed cases,Cori_slidingWindow,2021-06-11,0.6525369041389704,0.7012870346094126,0.6037867736685282,DEU
Germany,DEU,RKI,Confirmed cases,Cori_slidingWindow,2021-06-12,0.6688293640454358,0.7222872901337762,0.6153714379570954,DEU
Germany,DEU,RKI,Confirmed cases,Cori_slidingWindow,2021-06-13,0.6887907996948525,0.7460941440145872,0.6314874553751177,DEU
Germany,DEU,RKI,Confirmed cases,Cori_slidingWindow,2021-06-14,0.7080301554201882,0.7667763955632605,0.6492839152771159,DEU
Germany,DEU,RKI,Confirmed cases,Cori_slidingWindow,2021-06-15,0.7239014747317655,0.781754622184359,0.666048327279172,DEU
Germany,DEU,RKI,Confirmed cases,Cori_slidingWindow,2021-06-16,0.7383867490256631,0.7943401773522728,0.6824333206990535,DEU
Germany,DEU,RKI,Confirmed cases,Cori_slidingWindow,2021-06-17,0.7565364490995329,0.811408097051238,0.7016648011478278,DEU
Germany,DEU,RKI,Confirmed cases,Cori_slidingWindow,2021-06-18,0.7820018385160751,0.8367913059330135,0.7272123710991366,DEU
Germany,DEU,RKI,Confirmed cases,Cori_slidingWindow,2021-06-19,0.8145576220803663,0.8701922172787062,0.7589230268820264,DEU
Germany,DEU,RKI,Confirmed cases,Cori_slidingWindow,2021-06-20,0.8503351046006304,0.9072520868116496,0.7934181223896114,DEU
Germany,DEU,RKI,Confirmed cases,Cori_slidingWindow,2021-06-21,0.8847931680747384,0.9428736294438091,0.8267127067056677,DEU
Germany,DEU,RKI,Confirmed cases,Cori_slidingWindow,2021-06-22,0.9153095712691778,0.9744690171445708,0.8561501253937847,DEU
Germany,DEU,RKI,Confirmed cases,Cori_slidingWindow,2021-06-23,0.9442532751842976,1.0058362802168397,0.8826702701517555,DEU
Germany,DEU,RKI,Confirmed cases,Cori_slidingWindow,2021-06-24,0.9759788185871268,1.0412844262003365,0.9106732109739172,DEU
Germany,DEU,RKI,Confirmed cases,Cori_slidingWindow,2021-06-25,1.0132722507334373,1.082202991652058,0.9443415098148168,DEU
Germany,DEU,RKI,Confirmed cases,Cori_slidingWindow,2021-06-26,1.055101989057165,1.1271964002784938,0.9830075778358356,DEU
Germany,DEU,RKI,Confirmed cases,Cori_slidingWindow,2021-06-27,1.097926304620029,1.1737177519805717,1.0221348572594864,DEU
Germany,DEU,RKI,Confirmed cases,Cori_slidingWindow,2021-06-28,1.1396920919437252,1.2192551650205383,1.060129018866912,DEU
Germany,DEU,RKI,Confirmed cases,Cori_slidingWindow,2021-06-29,1.1812954875448218,1.2625056126112637,1.1000853624783802,DEU
Germany,DEU,RKI,Confirmed cases,Cori_slidingWindow,2021-06-30,1.224991158310256,1.3031240755491382,1.1468582410713737,DEU
Germany,DEU,RKI,Confirmed cases,Cori_slidingWindow,2021-07-01,1.2710173332790549,1.341942219482865,1.2000924470752448,DEU
Germany,DEU,RKI,Confirmed cases,Cori_slidingWindow,2021-07-02,1.3111770084914498,1.3741380034007986,1.248216013582101,DEU
Germany,DEU,RKI,Confirmed cases,Cori_slidingWindow,2021-07-03,1.3334946570502018,1.3913091034432268,1.2756802106571767,DEU
Germany,DEU,RKI,Confirmed cases,Cori_slidingWindow,2021-07-04,1.3303670990548633,1.3878707424888448,1.2728634556208818,DEU
Germany,DEU,RKI,Confirmed cases,Cori_slidingWindow,2021-07-05,1.3055276188641003,1.366715211931003,1.2443400257971975,DEU
Germany,DEU,RKI,Confirmed cases,Cori_slidingWindow,2021-07-06,1.266089040463196,1.332429148738956,1.199748932187436,DEU
Germany,DEU,RKI,Confirmed cases,Cori_slidingWindow,2021-07-07,1.2176048146911316,1.2886632987497997,1.1465463306324637,DEU
Germany,DEU,RKI,Confirmed cases,Cori_slidingWindow,2021-07-08,1.1668764385516397,1.242088659619204,1.0916642174840754,DEU
Germany,DEU,RKI,Confirmed cases,Cori_slidingWindow,2021-07-09,1.123813561294973,1.203418987185522,1.0442081354044237,DEU
Germany,DEU,RKI,Confirmed cases,Cori_step,2020-01-25,1.5153512716722624,2.131080141590173,1.003450026083012,DEU
Germany,DEU,RKI,Confirmed cases,Cori_step,2020-01-26,1.5153512716722624,2.131080141590173,1.003450026083012,DEU
Germany,DEU,RKI,Confirmed cases,Cori_step,2020-01-27,1.5153512716722624,2.131080141590173,1.003450026083012,DEU
Germany,DEU,RKI,Confirmed cases,Cori_step,2020-01-28,1.5153512716722624,2.131080141590173,1.003450026083012,DEU
Germany,DEU,RKI,Confirmed cases,Cori_step,2020-01-29,1.5153512716722624,2.131080141590173,1.003450026083012,DEU
Germany,DEU,RKI,Confirmed cases,Cori_step,2020-01-30,1.5153512716722624,2.131080141590173,1.003450026083012,DEU
Germany,DEU,RKI,Confirmed cases,Cori_step,2020-01-31,1.5153512716722624,2.131080141590173,1.003450026083012,DEU
Germany,DEU,RKI,Confirmed cases,Cori_step,2020-02-01,1.5153512716722624,2.131080141590173,1.003450026083012,DEU
Germany,DEU,RKI,Confirmed cases,Cori_step,2020-02-02,1.5153512716722624,2.131080141590173,1.003450026083012,DEU
Germany,DEU,RKI,Confirmed cases,Cori_step,2020-02-03,1.5153512716722624,2.131080141590173,1.003450026083012,DEU
Germany,DEU,RKI,Confirmed cases,Cori_step,2020-02-04,1.5153512716722624,2.131080141590173,1.003450026083012,DEU
Germany,DEU,RKI,Confirmed cases,Cori_step,2020-02-05,1.5153512716722624,2.131080141590173,1.003450026083012,DEU
Germany,DEU,RKI,Confirmed cases,Cori_step,2020-02-06,1.5153512716722624,2.131080141590173,1.003450026083012,DEU
Germany,DEU,RKI,Confirmed cases,Cori_step,2020-02-07,1.5153512716722624,2.131080141590173,1.003450026083012,DEU
Germany,DEU,RKI,Confirmed cases,Cori_step,2020-02-08,1.5153512716722624,2.131080141590173,1.003450026083012,DEU
Germany,DEU,RKI,Confirmed cases,Cori_step,2020-02-09,1.5153512716722624,2.131080141590173,1.003450026083012,DEU
Germany,DEU,RKI,Confirmed cases,Cori_step,2020-02-10,1.5153512716722624,2.131080141590173,1.003450026083012,DEU
Germany,DEU,RKI,Confirmed cases,Cori_step,2020-02-11,1.5153512716722624,2.131080141590173,1.003450026083012,DEU
Germany,DEU,RKI,Confirmed cases,Cori_step,2020-02-12,2.8003901802857047,2.943985264758324,2.6567950958130853,DEU
Germany,DEU,RKI,Confirmed cases,Cori_step,2020-02-13,2.8003901802857047,2.943985264758324,2.6567950958130853,DEU
Germany,DEU,RKI,Confirmed cases,Cori_step,2020-02-14,2.8003901802857047,2.943985264758324,2.6567950958130853,DEU
Germany,DEU,RKI,Confirmed cases,Cori_step,2020-02-15,2.8003901802857047,2.943985264758324,2.6567950958130853,DEU
Germany,DEU,RKI,Confirmed cases,Cori_step,2020-02-16,2.8003901802857047,2.943985264758324,2.6567950958130853,DEU
Germany,DEU,RKI,Confirmed cases,Cori_step,2020-02-17,2.8003901802857047,2.943985264758324,2.6567950958130853,DEU
Germany,DEU,RKI,Confirmed cases,Cori_step,2020-02-18,2.8003901802857047,2.943985264758324,2.6567950958130853,DEU
Germany,DEU,RKI,Confirmed cases,Cori_step,2020-02-19,2.8003901802857047,2.943985264758324,2.6567950958130853,DEU
Germany,DEU,RKI,Confirmed cases,Cori_step,2020-02-20,2.8003901802857047,2.943985264758324,2.6567950958130853,DEU
Germany,DEU,RKI,Confirmed cases,Cori_step,2020-02-21,2.8003901802857047,2.943985264758324,2.6567950958130853,DEU
Germany,DEU,RKI,Confirmed cases,Cori_step,2020-02-22,2.8003901802857047,2.943985264758324,2.6567950958130853,DEU
Germany,DEU,RKI,Confirmed cases,Cori_step,2020-02-23,2.8003901802857047,2.943985264758324,2.6567950958130853,DEU
Germany,DEU,RKI,Confirmed cases,Cori_step,2020-02-24,2.8003901802857047,2.943985264758324,2.6567950958130853,DEU
Germany,DEU,RKI,Confirmed cases,Cori_step,2020-02-25,2.8003901802857047,2.943985264758324,2.6567950958130853,DEU
Germany,DEU,RKI,Confirmed cases,Cori_step,2020-02-26,2.6509946095262618,2.822682966522996,2.4846215062825148,DEU
Germany,DEU,RKI,Confirmed cases,Cori_step,2020-02-27,2.6509946095262618,2.822682966522996,2.4846215062825148,DEU
Germany,DEU,RKI,Confirmed cases,Cori_step,2020-02-28,2.894349815891728,3.111287668427558,2.685147858177017,DEU
Germany,DEU,RKI,Confirmed cases,Cori_step,2020-02-29,2.3876147443444125,2.485044209583553,2.2901852791052715,DEU
Germany,DEU,RKI,Confirmed cases,Cori_step,2020-03-01,2.3876147443444125,2.485044209583553,2.2901852791052715,DEU
Germany,DEU,RKI,Confirmed cases,Cori_step,2020-03-02,2.3876147443444125,2.485044209583553,2.2901852791052715,DEU
Germany,DEU,RKI,Confirmed cases,Cori_step,2020-03-03,2.3876147443444125,2.485044209583553,2.2901852791052715,DEU
Germany,DEU,RKI,Confirmed cases,Cori_step,2020-03-04,2.3876147443444125,2.485044209583553,2.2901852791052715,DEU
Germany,DEU,RKI,Confirmed cases,Cori_step,2020-03-05,2.3876147443444125,2.485044209583553,2.2901852791052715,DEU
Germany,DEU,RKI,Confirmed cases,Cori_step,2020-03-06,2.3876147443444125,2.485044209583553,2.2901852791052715,DEU
Germany,DEU,RKI,Confirmed cases,Cori_step,2020-03-07,2.3876147443444125,2.485044209583553,2.2901852791052715,DEU
Germany,DEU,RKI,Confirmed cases,Cori_step,2020-03-08,2.3876147443444125,2.485044209583553,2.2901852791052715,DEU
Germany,DEU,RKI,Confirmed cases,Cori_step,2020-03-09,1.746094023552448,1.8575102350652188,1.6346778120396772,DEU
Germany,DEU,RKI,Confirmed cases,Cori_step,2020-03-10,1.297538464827808,1.3589593132541238,1.2361176164014924,DEU
Germany,DEU,RKI,Confirmed cases,Cori_step,2020-03-11,1.297538464827808,1.3589593132541238,1.2361176164014924,DEU
Germany,DEU,RKI,Confirmed cases,Cori_step,2020-03-12,1.297538464827808,1.3589593132541238,1.2361176164014924,DEU
Germany,DEU,RKI,Confirmed cases,Cori_step,2020-03-13,1.297538464827808,1.3589593132541238,1.2361176164014924,DEU
Germany,DEU,RKI,Confirmed cases,Cori_step,2020-03-14,1.297538464827808,1.3589593132541238,1.2361176164014924,DEU
Germany,DEU,RKI,Confirmed cases,Cori_step,2020-03-15,1.297538464827808,1.3589593132541238,1.2361176164014924,DEU
Germany,DEU,RKI,Confirmed cases,Cori_step,2020-03-16,1.0103916368763242,1.077375749809235,0.9434075239434137,DEU
Germany,DEU,RKI,Confirmed cases,Cori_step,2020-03-17,1.0103916368763242,1.077375749809235,0.9434075239434137,DEU
Germany,DEU,RKI,Confirmed cases,Cori_step,2020-03-18,0.9510642773512928,1.0184447206209482,0.8836838340816374,DEU
Germany,DEU,RKI,Confirmed cases,Cori_step,2020-03-19,0.9273224783874138,0.9941094690032064,0.8605354877716211,DEU
Germany,DEU,RKI,Confirmed cases,Cori_step,2020-03-20,0.9117568454600344,0.9784963553431772,0.8450173355768917,DEU
Germany,DEU,RKI,Confirmed cases,Cori_step,2020-03-21,0.9027701616508388,0.9718454973359024,0.8336948259657755,DEU
Germany,DEU,RKI,Confirmed cases,Cori_step,2020-03-22,0.8227103386809707,0.8377873747489071,0.8076333026130342,DEU
Germany,DEU,RKI,Confirmed cases,Cori_step,2020-03-23,0.8227103386809707,0.8377873747489071,0.8076333026130342,DEU
Germany,DEU,RKI,Confirmed cases,Cori_step,2020-03-24,0.8227103386809707,0.8377873747489071,0.8076333026130342,DEU
Germany,DEU,RKI,Confirmed cases,Cori_step,2020-03-25,0.8227103386809707,0.8377873747489071,0.8076333026130342,DEU
Germany,DEU,RKI,Confirmed cases,Cori_step,2020-03-26,0.8227103386809707,0.8377873747489071,0.8076333026130342,DEU
Germany,DEU,RKI,Confirmed cases,Cori_step,2020-03-27,0.8227103386809707,0.8377873747489071,0.8076333026130342,DEU
Germany,DEU,RKI,Confirmed cases,Cori_step,2020-03-28,0.8227103386809707,0.8377873747489071,0.8076333026130342,DEU
Germany,DEU,RKI,Confirmed cases,Cori_step,2020-03-29,0.8227103386809707,0.8377873747489071,0.8076333026130342,DEU
Germany,DEU,RKI,Confirmed cases,Cori_step,2020-03-30,0.8227103386809707,0.8377873747489071,0.8076333026130342,DEU
Germany,DEU,RKI,Confirmed cases,Cori_step,2020-03-31,0.8227103386809707,0.8377873747489071,0.8076333026130342,DEU
Germany,DEU,RKI,Confirmed cases,Cori_step,2020-04-01,0.8227103386809707,0.8377873747489071,0.8076333026130342,DEU
Germany,DEU,RKI,Confirmed cases,Cori_step,2020-04-02,0.8227103386809707,0.8377873747489071,0.8076333026130342,DEU
Germany,DEU,RKI,Confirmed cases,Cori_step,2020-04-03,0.8227103386809707,0.8377873747489071,0.8076333026130342,DEU
Germany,DEU,RKI,Confirmed cases,Cori_step,2020-04-04,0.8227103386809707,0.8377873747489071,0.8076333026130342,DEU
Germany,DEU,RKI,Confirmed cases,Cori_step,2020-04-05,0.8227103386809707,0.8377873747489071,0.8076333026130342,DEU
Germany,DEU,RKI,Confirmed cases,Cori_step,2020-04-06,0.8227103386809707,0.8377873747489071,0.8076333026130342,DEU
Germany,DEU,RKI,Confirmed cases,Cori_step,2020-04-07,0.8227103386809707,0.8377873747489071,0.8076333026130342,DEU
Germany,DEU,RKI,Confirmed cases,Cori_step,2020-04-08,0.8227103386809707,0.8377873747489071,0.8076333026130342,DEU
Germany,DEU,RKI,Confirmed cases,Cori_step,2020-04-09,0.8227103386809707,0.8377873747489071,0.8076333026130342,DEU
Germany,DEU,RKI,Confirmed cases,Cori_step,2020-04-10,0.8227103386809707,0.8377873747489071,0.8076333026130342,DEU
Germany,DEU,RKI,Confirmed cases,Cori_step,2020-04-11,0.8227103386809707,0.8377873747489071,0.8076333026130342,DEU
Germany,DEU,RKI,Confirmed cases,Cori_step,2020-04-12,0.8227103386809707,0.8377873747489071,0.8076333026130342,DEU
Germany,DEU,RKI,Confirmed cases,Cori_step,2020-04-13,0.8227103386809707,0.8377873747489071,0.8076333026130342,DEU
Germany,DEU,RKI,Confirmed cases,Cori_step,2020-04-14,0.8227103386809707,0.8377873747489071,0.8076333026130342,DEU
Germany,DEU,RKI,Confirmed cases,Cori_step,2020-04-15,0.8227103386809707,0.8377873747489071,0.8076333026130342,DEU
Germany,DEU,RKI,Confirmed cases,Cori_step,2020-04-16,0.8227103386809707,0.8377873747489071,0.8076333026130342,DEU
Germany,DEU,RKI,Confirmed cases,Cori_step,2020-04-17,0.8227103386809707,0.8377873747489071,0.8076333026130342,DEU
Germany,DEU,RKI,Confirmed cases,Cori_step,2020-04-18,0.8227103386809707,0.8377873747489071,0.8076333026130342,DEU
Germany,DEU,RKI,Confirmed cases,Cori_step,2020-04-19,0.8227103386809707,0.8377873747489071,0.8076333026130342,DEU
Germany,DEU,RKI,Confirmed cases,Cori_step,2020-04-20,0.8227103386809707,0.8377873747489071,0.8076333026130342,DEU
Germany,DEU,RKI,Confirmed cases,Cori_step,2020-04-21,0.8227103386809707,0.8377873747489071,0.8076333026130342,DEU
Germany,DEU,RKI,Confirmed cases,Cori_step,2020-04-22,0.8227103386809707,0.8377873747489071,0.8076333026130342,DEU
Germany,DEU,RKI,Confirmed cases,Cori_step,2020-04-23,0.8227103386809707,0.8377873747489071,0.8076333026130342,DEU
Germany,DEU,RKI,Confirmed cases,Cori_step,2020-04-24,0.8227103386809707,0.8377873747489071,0.8076333026130342,DEU
Germany,DEU,RKI,Confirmed cases,Cori_step,2020-04-25,0.8227103386809707,0.8377873747489071,0.8076333026130342,DEU
Germany,DEU,RKI,Confirmed cases,Cori_step,2020-04-26,0.8227103386809707,0.8377873747489071,0.8076333026130342,DEU
Germany,DEU,RKI,Confirmed cases,Cori_step,2020-04-27,0.8227103386809707,0.8377873747489071,0.8076333026130342,DEU
Germany,DEU,RKI,Confirmed cases,Cori_step,2020-04-28,0.8227103386809707,0.8377873747489071,0.8076333026130342,DEU
Germany,DEU,RKI,Confirmed cases,Cori_step,2020-04-29,0.8227103386809707,0.8377873747489071,0.8076333026130342,DEU
Germany,DEU,RKI,Confirmed cases,Cori_step,2020-04-30,0.8227103386809707,0.8377873747489071,0.8076333026130342,DEU
Germany,DEU,RKI,Confirmed cases,Cori_step,2020-05-01,0.8227103386809707,0.8377873747489071,0.8076333026130342,DEU
Germany,DEU,RKI,Confirmed cases,Cori_step,2020-05-02,0.8227103386809707,0.8377873747489071,0.8076333026130342,DEU
Germany,DEU,RKI,Confirmed cases,Cori_step,2020-05-03,0.846118142457413,0.9106904733141968,0.7826327872817216,DEU
Germany,DEU,RKI,Confirmed cases,Cori_step,2020-05-04,0.8353709323013593,0.8911233511110342,0.7796185134916843,DEU
Germany,DEU,RKI,Confirmed cases,Cori_step,2020-05-05,0.8353709323013593,0.8911233511110342,0.7796185134916843,DEU
Germany,DEU,RKI,Confirmed cases,Cori_step,2020-05-06,0.8337866595013269,0.9012817147696304,0.7688838416697878,DEU
Germany,DEU,RKI,Confirmed cases,Cori_step,2020-05-07,0.8716072164442753,0.9244826101473688,0.8187318227411818,DEU
Germany,DEU,RKI,Confirmed cases,Cori_step,2020-05-08,0.8716072164442753,0.9244826101473688,0.8187318227411818,DEU
Germany,DEU,RKI,Confirmed cases,Cori_step,2020-05-09,0.8716072164442753,0.9244826101473688,0.8187318227411818,DEU
Germany,DEU,RKI,Confirmed cases,Cori_step,2020-05-10,0.8716072164442753,0.9244826101473688,0.8187318227411818,DEU
Germany,DEU,RKI,Confirmed cases,Cori_step,2020-05-11,0.8716072164442753,0.9244826101473688,0.8187318227411818,DEU
Germany,DEU,RKI,Confirmed cases,Cori_step,2020-05-12,0.8716072164442753,0.9244826101473688,0.8187318227411818,DEU
Germany,DEU,RKI,Confirmed cases,Cori_step,2020-05-13,0.8716072164442753,0.9244826101473688,0.8187318227411818,DEU
Germany,DEU,RKI,Confirmed cases,Cori_step,2020-05-14,0.8716072164442753,0.9244826101473688,0.8187318227411818,DEU
Germany,DEU,RKI,Confirmed cases,Cori_step,2020-05-15,0.8716072164442753,0.9244826101473688,0.8187318227411818,DEU
Germany,DEU,RKI,Confirmed cases,Cori_step,2020-05-16,0.8447357151860302,0.9034488627802704,0.7860225675917901,DEU
Germany,DEU,RKI,Confirmed cases,Cori_step,2020-05-17,0.8447357151860302,0.9034488627802704,0.7860225675917901,DEU
Germany,DEU,RKI,Confirmed cases,Cori_step,2020-05-18,0.8447357151860302,0.9034488627802704,0.7860225675917901,DEU
Germany,DEU,RKI,Confirmed cases,Cori_step,2020-05-19,1.0099789071864962,1.0299902399355665,0.989967574437426,DEU
Germany,DEU,RKI,Confirmed cases,Cori_step,2020-05-20,1.0099789071864962,1.0299902399355665,0.989967574437426,DEU
Germany,DEU,RKI,Confirmed cases,Cori_step,2020-05-21,1.0099789071864962,1.0299902399355665,0.989967574437426,DEU
Germany,DEU,RKI,Confirmed cases,Cori_step,2020-05-22,1.0099789071864962,1.0299902399355665,0.989967574437426,DEU
Germany,DEU,RKI,Confirmed cases,Cori_step,2020-05-23,1.0099789071864962,1.0299902399355665,0.989967574437426,DEU
Germany,DEU,RKI,Confirmed cases,Cori_step,2020-05-24,1.0099789071864962,1.0299902399355665,0.989967574437426,DEU
Germany,DEU,RKI,Confirmed cases,Cori_step,2020-05-25,1.0099789071864962,1.0299902399355665,0.989967574437426,DEU
Germany,DEU,RKI,Confirmed cases,Cori_step,2020-05-26,1.0099789071864962,1.0299902399355665,0.989967574437426,DEU
Germany,DEU,RKI,Confirmed cases,Cori_step,2020-05-27,1.0099789071864962,1.0299902399355665,0.989967574437426,DEU
Germany,DEU,RKI,Confirmed cases,Cori_step,2020-05-28,1.0099789071864962,1.0299902399355665,0.989967574437426,DEU
Germany,DEU,RKI,Confirmed cases,Cori_step,2020-05-29,1.0099789071864962,1.0299902399355665,0.989967574437426,DEU
Germany,DEU,RKI,Confirmed cases,Cori_step,2020-05-30,1.0099789071864962,1.0299902399355665,0.989967574437426,DEU
Germany,DEU,RKI,Confirmed cases,Cori_step,2020-05-31,1.0099789071864962,1.0299902399355665,0.989967574437426,DEU
Germany,DEU,RKI,Confirmed cases,Cori_step,2020-06-01,1.0099789071864962,1.0299902399355665,0.989967574437426,DEU
Germany,DEU,RKI,Confirmed cases,Cori_step,2020-06-02,1.0099789071864962,1.0299902399355665,0.989967574437426,DEU
Germany,DEU,RKI,Confirmed cases,Cori_step,2020-06-03,1.0099789071864962,1.0299902399355665,0.989967574437426,DEU
Germany,DEU,RKI,Confirmed cases,Cori_step,2020-06-04,1.0099789071864962,1.0299902399355665,0.989967574437426,DEU
Germany,DEU,RKI,Confirmed cases,Cori_step,2020-06-05,1.0099789071864962,1.0299902399355665,0.989967574437426,DEU
Germany,DEU,RKI,Confirmed cases,Cori_step,2020-06-06,1.0099789071864962,1.0299902399355665,0.989967574437426,DEU
Germany,DEU,RKI,Confirmed cases,Cori_step,2020-06-07,1.0099789071864962,1.0299902399355665,0.989967574437426,DEU
Germany,DEU,RKI,Confirmed cases,Cori_step,2020-06-08,1.0099789071864962,1.0299902399355665,0.989967574437426,DEU
Germany,DEU,RKI,Confirmed cases,Cori_step,2020-06-09,1.0099789071864962,1.0299902399355665,0.989967574437426,DEU
Germany,DEU,RKI,Confirmed cases,Cori_step,2020-06-10,1.0099789071864962,1.0299902399355665,0.989967574437426,DEU
Germany,DEU,RKI,Confirmed cases,Cori_step,2020-06-11,1.0099789071864962,1.0299902399355665,0.989967574437426,DEU
Germany,DEU,RKI,Confirmed cases,Cori_step,2020-06-12,1.0099789071864962,1.0299902399355665,0.989967574437426,DEU
Germany,DEU,RKI,Confirmed cases,Cori_step,2020-06-13,1.0099789071864962,1.0299902399355665,0.989967574437426,DEU
Germany,DEU,RKI,Confirmed cases,Cori_step,2020-06-14,1.0099789071864962,1.0299902399355665,0.989967574437426,DEU
Germany,DEU,RKI,Confirmed cases,Cori_step,2020-06-15,1.0099789071864962,1.0299902399355665,0.989967574437426,DEU
Germany,DEU,RKI,Confirmed cases,Cori_step,2020-06-16,1.0099789071864962,1.0299902399355665,0.989967574437426,DEU
Germany,DEU,RKI,Confirmed cases,Cori_step,2020-06-17,1.0099789071864962,1.0299902399355665,0.989967574437426,DEU
Germany,DEU,RKI,Confirmed cases,Cori_step,2020-06-18,0.9390009679948632,0.96569911499949,0.9123028209902364,DEU
Germany,DEU,RKI,Confirmed cases,Cori_step,2020-06-19,0.9390009679948632,0.96569911499949,0.9123028209902364,DEU
Germany,DEU,RKI,Confirmed cases,Cori_step,2020-06-20,0.9390009679948632,0.96569911499949,0.9123028209902364,DEU
Germany,DEU,RKI,Confirmed cases,Cori_step,2020-06-21,0.9390009679948632,0.96569911499949,0.9123028209902364,DEU
Germany,DEU,RKI,Confirmed cases,Cori_step,2020-06-22,0.9390009679948632,0.96569911499949,0.9123028209902364,DEU
Germany,DEU,RKI,Confirmed cases,Cori_step,2020-06-23,0.9390009679948632,0.96569911499949,0.9123028209902364,DEU
Germany,DEU,RKI,Confirmed cases,Cori_step,2020-06-24,0.9390009679948632,0.96569911499949,0.9123028209902364,DEU
Germany,DEU,RKI,Confirmed cases,Cori_step,2020-06-25,0.9390009679948632,0.96569911499949,0.9123028209902364,DEU
Germany,DEU,RKI,Confirmed cases,Cori_step,2020-06-26,0.9390009679948632,0.96569911499949,0.9123028209902364,DEU
Germany,DEU,RKI,Confirmed cases,Cori_step,2020-06-27,0.9390009679948632,0.96569911499949,0.9123028209902364,DEU
Germany,DEU,RKI,Confirmed cases,Cori_step,2020-06-28,0.9390009679948632,0.96569911499949,0.9123028209902364,DEU
Germany,DEU,RKI,Confirmed cases,Cori_step,2020-06-29,0.9390009679948632,0.96569911499949,0.9123028209902364,DEU
Germany,DEU,RKI,Confirmed cases,Cori_step,2020-06-30,0.9390009679948632,0.96569911499949,0.9123028209902364,DEU
Germany,DEU,RKI,Confirmed cases,Cori_step,2020-07-01,0.9390009679948632,0.96569911499949,0.9123028209902364,DEU
Germany,DEU,RKI,Confirmed cases,Cori_step,2020-07-02,0.9390009679948632,0.96569911499949,0.9123028209902364,DEU
Germany,DEU,RKI,Confirmed cases,Cori_step,2020-07-03,0.9390009679948632,0.96569911499949,0.9123028209902364,DEU
Germany,DEU,RKI,Confirmed cases,Cori_step,2020-07-04,0.9390009679948632,0.96569911499949,0.9123028209902364,DEU
Germany,DEU,RKI,Confirmed cases,Cori_step,2020-07-05,0.9390009679948632,0.96569911499949,0.9123028209902364,DEU
Germany,DEU,RKI,Confirmed cases,Cori_step,2020-07-06,0.9390009679948632,0.96569911499949,0.9123028209902364,DEU
Germany,DEU,RKI,Confirmed cases,Cori_step,2020-07-07,1.1733228869043952,1.1932590083004249,1.1533867655083656,DEU
Germany,DEU,RKI,Confirmed cases,Cori_step,2020-07-08,1.1733228869043952,1.1932590083004249,1.1533867655083656,DEU
Germany,DEU,RKI,Confirmed cases,Cori_step,2020-07-09,1.1733228869043952,1.1932590083004249,1.1533867655083656,DEU
Germany,DEU,RKI,Confirmed cases,Cori_step,2020-07-10,1.1733228869043952,1.1932590083004249,1.1533867655083656,DEU
Germany,DEU,RKI,Confirmed cases,Cori_step,2020-07-11,1.1733228869043952,1.1932590083004249,1.1533867655083656,DEU
Germany,DEU,RKI,Confirmed cases,Cori_step,2020-07-12,1.1733228869043952,1.1932590083004249,1.1533867655083656,DEU
Germany,DEU,RKI,Confirmed cases,Cori_step,2020-07-13,1.1733228869043952,1.1932590083004249,1.1533867655083656,DEU
Germany,DEU,RKI,Confirmed cases,Cori_step,2020-07-14,1.1733228869043952,1.1932590083004249,1.1533867655083656,DEU
Germany,DEU,RKI,Confirmed cases,Cori_step,2020-07-15,1.1733228869043952,1.1932590083004249,1.1533867655083656,DEU
Germany,DEU,RKI,Confirmed cases,Cori_step,2020-07-16,1.1733228869043952,1.1932590083004249,1.1533867655083656,DEU
Germany,DEU,RKI,Confirmed cases,Cori_step,2020-07-17,1.1733228869043952,1.1932590083004249,1.1533867655083656,DEU
Germany,DEU,RKI,Confirmed cases,Cori_step,2020-07-18,1.1733228869043952,1.1932590083004249,1.1533867655083656,DEU
Germany,DEU,RKI,Confirmed cases,Cori_step,2020-07-19,1.1733228869043952,1.1932590083004249,1.1533867655083656,DEU
Germany,DEU,RKI,Confirmed cases,Cori_step,2020-07-20,1.1733228869043952,1.1932590083004249,1.1533867655083656,DEU
Germany,DEU,RKI,Confirmed cases,Cori_step,2020-07-21,1.1733228869043952,1.1932590083004249,1.1533867655083656,DEU
Germany,DEU,RKI,Confirmed cases,Cori_step,2020-07-22,1.1733228869043952,1.1932590083004249,1.1533867655083656,DEU
Germany,DEU,RKI,Confirmed cases,Cori_step,2020-07-23,1.1733228869043952,1.1932590083004249,1.1533867655083656,DEU
Germany,DEU,RKI,Confirmed cases,Cori_step,2020-07-24,1.1733228869043952,1.1932590083004249,1.1533867655083656,DEU
Germany,DEU,RKI,Confirmed cases,Cori_step,2020-07-25,1.1733228869043952,1.1932590083004249,1.1533867655083656,DEU
Germany,DEU,RKI,Confirmed cases,Cori_step,2020-07-26,1.1733228869043952,1.1932590083004249,1.1533867655083656,DEU
Germany,DEU,RKI,Confirmed cases,Cori_step,2020-07-27,1.1733228869043952,1.1932590083004249,1.1533867655083656,DEU
Germany,DEU,RKI,Confirmed cases,Cori_step,2020-07-28,1.1733228869043952,1.1932590083004249,1.1533867655083656,DEU
Germany,DEU,RKI,Confirmed cases,Cori_step,2020-07-29,1.1733228869043952,1.1932590083004249,1.1533867655083656,DEU
Germany,DEU,RKI,Confirmed cases,Cori_step,2020-07-30,1.1733228869043952,1.1932590083004249,1.1533867655083656,DEU
Germany,DEU,RKI,Confirmed cases,Cori_step,2020-07-31,1.1969456946634496,1.2632464154722194,1.1306449738546798,DEU
Germany,DEU,RKI,Confirmed cases,Cori_step,2020-08-01,1.1969456946634496,1.2632464154722194,1.1306449738546798,DEU
Germany,DEU,RKI,Confirmed cases,Cori_step,2020-08-02,1.1969456946634496,1.2632464154722194,1.1306449738546798,DEU
Germany,DEU,RKI,Confirmed cases,Cori_step,2020-08-03,1.1969456946634496,1.2632464154722194,1.1306449738546798,DEU
Germany,DEU,RKI,Confirmed cases,Cori_step,2020-08-04,1.1969456946634496,1.2632464154722194,1.1306449738546798,DEU
Germany,DEU,RKI,Confirmed cases,Cori_step,2020-08-05,1.1969456946634496,1.2632464154722194,1.1306449738546798,DEU
Germany,DEU,RKI,Confirmed cases,Cori_step,2020-08-06,1.1969456946634496,1.2632464154722194,1.1306449738546798,DEU
Germany,DEU,RKI,Confirmed cases,Cori_step,2020-08-07,1.1554186294156958,1.2366176762556984,1.0742195825756933,DEU
Germany,DEU,RKI,Confirmed cases,Cori_step,2020-08-08,0.9979610454771992,1.0289165602213537,0.9670055307330444,DEU
Germany,DEU,RKI,Confirmed cases,Cori_step,2020-08-09,0.9979610454771992,1.0289165602213537,0.9670055307330444,DEU
Germany,DEU,RKI,Confirmed cases,Cori_step,2020-08-10,0.9979610454771992,1.0289165602213537,0.9670055307330444,DEU
Germany,DEU,RKI,Confirmed cases,Cori_step,2020-08-11,0.9979610454771992,1.0289165602213537,0.9670055307330444,DEU
Germany,DEU,RKI,Confirmed cases,Cori_step,2020-08-12,0.9979610454771992,1.0289165602213537,0.9670055307330444,DEU
Germany,DEU,RKI,Confirmed cases,Cori_step,2020-08-13,0.9979610454771992,1.0289165602213537,0.9670055307330444,DEU
Germany,DEU,RKI,Confirmed cases,Cori_step,2020-08-14,0.9979610454771992,1.0289165602213537,0.9670055307330444,DEU
Germany,DEU,RKI,Confirmed cases,Cori_step,2020-08-15,0.9979610454771992,1.0289165602213537,0.9670055307330444,DEU
Germany,DEU,RKI,Confirmed cases,Cori_step,2020-08-16,0.9979610454771992,1.0289165602213537,0.9670055307330444,DEU
Germany,DEU,RKI,Confirmed cases,Cori_step,2020-08-17,0.9979610454771992,1.0289165602213537,0.9670055307330444,DEU
Germany,DEU,RKI,Confirmed cases,Cori_step,2020-08-18,0.9979610454771992,1.0289165602213537,0.9670055307330444,DEU
Germany,DEU,RKI,Confirmed cases,Cori_step,2020-08-19,0.9979610454771992,1.0289165602213537,0.9670055307330444,DEU
Germany,DEU,RKI,Confirmed cases,Cori_step,2020-08-20,0.9979610454771992,1.0289165602213537,0.9670055307330444,DEU
Germany,DEU,RKI,Confirmed cases,Cori_step,2020-08-21,0.9979610454771992,1.0289165602213537,0.9670055307330444,DEU
Germany,DEU,RKI,Confirmed cases,Cori_step,2020-08-22,0.9979610454771992,1.0289165602213537,0.9670055307330444,DEU
Germany,DEU,RKI,Confirmed cases,Cori_step,2020-08-23,0.9979610454771992,1.0289165602213537,0.9670055307330444,DEU
Germany,DEU,RKI,Confirmed cases,Cori_step,2020-08-24,1.084137383343688,1.1359396912140765,1.0323350754732996,DEU
Germany,DEU,RKI,Confirmed cases,Cori_step,2020-08-25,1.084137383343688,1.1359396912140765,1.0323350754732996,DEU
Germany,DEU,RKI,Confirmed cases,Cori_step,2020-08-26,1.084137383343688,1.1359396912140765,1.0323350754732996,DEU
Germany,DEU,RKI,Confirmed cases,Cori_step,2020-08-27,1.084137383343688,1.1359396912140765,1.0323350754732996,DEU
Germany,DEU,RKI,Confirmed cases,Cori_step,2020-08-28,1.084137383343688,1.1359396912140765,1.0323350754732996,DEU
Germany,DEU,RKI,Confirmed cases,Cori_step,2020-08-29,1.084137383343688,1.1359396912140765,1.0323350754732996,DEU
Germany,DEU,RKI,Confirmed cases,Cori_step,2020-08-30,1.084137383343688,1.1359396912140765,1.0323350754732996,DEU
Germany,DEU,RKI,Confirmed cases,Cori_step,2020-08-31,1.084137383343688,1.1359396912140765,1.0323350754732996,DEU
Germany,DEU,RKI,Confirmed cases,Cori_step,2020-09-01,1.084137383343688,1.1359396912140765,1.0323350754732996,DEU
Germany,DEU,RKI,Confirmed cases,Cori_step,2020-09-02,1.084137383343688,1.1359396912140765,1.0323350754732996,DEU
Germany,DEU,RKI,Confirmed cases,Cori_step,2020-09-03,1.137716735309437,1.2114519631647895,1.0639815074540846,DEU
Germany,DEU,RKI,Confirmed cases,Cori_step,2020-09-04,1.3420058284165777,1.3662421435558212,1.3177695132773342,DEU
Germany,DEU,RKI,Confirmed cases,Cori_step,2020-09-05,1.3420058284165777,1.3662421435558212,1.3177695132773342,DEU
Germany,DEU,RKI,Confirmed cases,Cori_step,2020-09-06,1.3420058284165777,1.3662421435558212,1.3177695132773342,DEU
Germany,DEU,RKI,Confirmed cases,Cori_step,2020-09-07,1.3420058284165777,1.3662421435558212,1.3177695132773342,DEU
Germany,DEU,RKI,Confirmed cases,Cori_step,2020-09-08,1.3420058284165777,1.3662421435558212,1.3177695132773342,DEU
Germany,DEU,RKI,Confirmed cases,Cori_step,2020-09-09,1.3420058284165777,1.3662421435558212,1.3177695132773342,DEU
Germany,DEU,RKI,Confirmed cases,Cori_step,2020-09-10,1.3420058284165777,1.3662421435558212,1.3177695132773342,DEU
Germany,DEU,RKI,Confirmed cases,Cori_step,2020-09-11,1.3420058284165777,1.3662421435558212,1.3177695132773342,DEU
Germany,DEU,RKI,Confirmed cases,Cori_step,2020-09-12,1.3420058284165777,1.3662421435558212,1.3177695132773342,DEU
Germany,DEU,RKI,Confirmed cases,Cori_step,2020-09-13,1.3420058284165777,1.3662421435558212,1.3177695132773342,DEU
Germany,DEU,RKI,Confirmed cases,Cori_step,2020-09-14,1.3420058284165777,1.3662421435558212,1.3177695132773342,DEU
Germany,DEU,RKI,Confirmed cases,Cori_step,2020-09-15,1.3420058284165777,1.3662421435558212,1.3177695132773342,DEU
Germany,DEU,RKI,Confirmed cases,Cori_step,2020-09-16,1.3420058284165777,1.3662421435558212,1.3177695132773342,DEU
Germany,DEU,RKI,Confirmed cases,Cori_step,2020-09-17,1.3420058284165777,1.3662421435558212,1.3177695132773342,DEU
Germany,DEU,RKI,Confirmed cases,Cori_step,2020-09-18,1.3420058284165777,1.3662421435558212,1.3177695132773342,DEU
Germany,DEU,RKI,Confirmed cases,Cori_step,2020-09-19,1.3420058284165777,1.3662421435558212,1.3177695132773342,DEU
Germany,DEU,RKI,Confirmed cases,Cori_step,2020-09-20,1.3420058284165777,1.3662421435558212,1.3177695132773342,DEU
Germany,DEU,RKI,Confirmed cases,Cori_step,2020-09-21,1.3420058284165777,1.3662421435558212,1.3177695132773342,DEU
Germany,DEU,RKI,Confirmed cases,Cori_step,2020-09-22,1.3420058284165777,1.3662421435558212,1.3177695132773342,DEU
Germany,DEU,RKI,Confirmed cases,Cori_step,2020-09-23,1.3420058284165777,1.3662421435558212,1.3177695132773342,DEU
Germany,DEU,RKI,Confirmed cases,Cori_step,2020-09-24,1.3420058284165777,1.3662421435558212,1.3177695132773342,DEU
Germany,DEU,RKI,Confirmed cases,Cori_step,2020-09-25,1.3420058284165777,1.3662421435558212,1.3177695132773342,DEU
Germany,DEU,RKI,Confirmed cases,Cori_step,2020-09-26,1.3420058284165777,1.3662421435558212,1.3177695132773342,DEU
Germany,DEU,RKI,Confirmed cases,Cori_step,2020-09-27,1.3420058284165777,1.3662421435558212,1.3177695132773342,DEU
Germany,DEU,RKI,Confirmed cases,Cori_step,2020-09-28,1.3420058284165777,1.3662421435558212,1.3177695132773342,DEU
Germany,DEU,RKI,Confirmed cases,Cori_step,2020-09-29,1.3420058284165777,1.3662421435558212,1.3177695132773342,DEU
Germany,DEU,RKI,Confirmed cases,Cori_step,2020-09-30,1.3420058284165777,1.3662421435558212,1.3177695132773342,DEU
Germany,DEU,RKI,Confirmed cases,Cori_step,2020-10-01,1.3420058284165777,1.3662421435558212,1.3177695132773342,DEU
Germany,DEU,RKI,Confirmed cases,Cori_step,2020-10-02,1.3420058284165777,1.3662421435558212,1.3177695132773342,DEU
Germany,DEU,RKI,Confirmed cases,Cori_step,2020-10-03,1.3420058284165777,1.3662421435558212,1.3177695132773342,DEU
Germany,DEU,RKI,Confirmed cases,Cori_step,2020-10-04,1.3420058284165777,1.3662421435558212,1.3177695132773342,DEU
Germany,DEU,RKI,Confirmed cases,Cori_step,2020-10-05,1.3420058284165777,1.3662421435558212,1.3177695132773342,DEU
Germany,DEU,RKI,Confirmed cases,Cori_step,2020-10-06,1.3420058284165777,1.3662421435558212,1.3177695132773342,DEU
Germany,DEU,RKI,Confirmed cases,Cori_step,2020-10-07,1.3420058284165777,1.3662421435558212,1.3177695132773342,DEU
Germany,DEU,RKI,Confirmed cases,Cori_step,2020-10-08,1.3420058284165777,1.3662421435558212,1.3177695132773342,DEU
Germany,DEU,RKI,Confirmed cases,Cori_step,2020-10-09,1.3420058284165777,1.3662421435558212,1.3177695132773342,DEU
Germany,DEU,RKI,Confirmed cases,Cori_step,2020-10-10,1.3420058284165777,1.3662421435558212,1.3177695132773342,DEU
Germany,DEU,RKI,Confirmed cases,Cori_step,2020-10-11,1.3420058284165777,1.3662421435558212,1.3177695132773342,DEU
Germany,DEU,RKI,Confirmed cases,Cori_step,2020-10-12,1.3420058284165777,1.3662421435558212,1.3177695132773342,DEU
Germany,DEU,RKI,Confirmed cases,Cori_step,2020-10-13,1.3420058284165777,1.3662421435558212,1.3177695132773342,DEU
Germany,DEU,RKI,Confirmed cases,Cori_step,2020-10-14,1.3420058284165777,1.3662421435558212,1.3177695132773342,DEU
Germany,DEU,RKI,Confirmed cases,Cori_step,2020-10-15,1.295510427448567,1.362661258131825,1.228359596765309,DEU
Germany,DEU,RKI,Confirmed cases,Cori_step,2020-10-16,1.295510427448567,1.362661258131825,1.228359596765309,DEU
Germany,DEU,RKI,Confirmed cases,Cori_step,2020-10-17,1.295510427448567,1.362661258131825,1.228359596765309,DEU
Germany,DEU,RKI,Confirmed cases,Cori_step,2020-10-18,1.295510427448567,1.362661258131825,1.228359596765309,DEU
Germany,DEU,RKI,Confirmed cases,Cori_step,2020-10-19,1.295510427448567,1.362661258131825,1.228359596765309,DEU
Germany,DEU,RKI,Confirmed cases,Cori_step,2020-10-20,1.295510427448567,1.362661258131825,1.228359596765309,DEU
Germany,DEU,RKI,Confirmed cases,Cori_step,2020-10-21,1.295510427448567,1.362661258131825,1.228359596765309,DEU
Germany,DEU,RKI,Confirmed cases,Cori_step,2020-10-22,1.0474815658716816,1.1000732271049696,0.9948899046383938,DEU
Germany,DEU,RKI,Confirmed cases,Cori_step,2020-10-23,1.0474815658716816,1.1000732271049696,0.9948899046383938,DEU
Germany,DEU,RKI,Confirmed cases,Cori_step,2020-10-24,1.0474815658716816,1.1000732271049696,0.9948899046383938,DEU
Germany,DEU,RKI,Confirmed cases,Cori_step,2020-10-25,1.0474815658716816,1.1000732271049696,0.9948899046383938,DEU
Germany,DEU,RKI,Confirmed cases,Cori_step,2020-10-26,1.0474815658716816,1.1000732271049696,0.9948899046383938,DEU
Germany,DEU,RKI,Confirmed cases,Cori_step,2020-10-27,1.0474815658716816,1.1000732271049696,0.9948899046383938,DEU
Germany,DEU,RKI,Confirmed cases,Cori_step,2020-10-28,1.0474815658716816,1.1000732271049696,0.9948899046383938,DEU
Germany,DEU,RKI,Confirmed cases,Cori_step,2020-10-29,1.0474815658716816,1.1000732271049696,0.9948899046383938,DEU
Germany,DEU,RKI,Confirmed cases,Cori_step,2020-10-30,1.0474815658716816,1.1000732271049696,0.9948899046383938,DEU
Germany,DEU,RKI,Confirmed cases,Cori_step,2020-10-31,1.0474815658716816,1.1000732271049696,0.9948899046383938,DEU
Germany,DEU,RKI,Confirmed cases,Cori_step,2020-11-01,1.0474815658716816,1.1000732271049696,0.9948899046383938,DEU
Germany,DEU,RKI,Confirmed cases,Cori_step,2020-11-02,1.0206594671364415,1.0398742696627357,1.0014446646101478,DEU
Germany,DEU,RKI,Confirmed cases,Cori_step,2020-11-03,1.0206594671364415,1.0398742696627357,1.0014446646101478,DEU
Germany,DEU,RKI,Confirmed cases,Cori_step,2020-11-04,1.0206594671364415,1.0398742696627357,1.0014446646101478,DEU
Germany,DEU,RKI,Confirmed cases,Cori_step,2020-11-05,1.0206594671364415,1.0398742696627357,1.0014446646101478,DEU
Germany,DEU,RKI,Confirmed cases,Cori_step,2020-11-06,1.0206594671364415,1.0398742696627357,1.0014446646101478,DEU
Germany,DEU,RKI,Confirmed cases,Cori_step,2020-11-07,1.0206594671364415,1.0398742696627357,1.0014446646101478,DEU
Germany,DEU,RKI,Confirmed cases,Cori_step,2020-11-08,1.0206594671364415,1.0398742696627357,1.0014446646101478,DEU
Germany,DEU,RKI,Confirmed cases,Cori_step,2020-11-09,1.0206594671364415,1.0398742696627357,1.0014446646101478,DEU
Germany,DEU,RKI,Confirmed cases,Cori_step,2020-11-10,1.0206594671364415,1.0398742696627357,1.0014446646101478,DEU
Germany,DEU,RKI,Confirmed cases,Cori_step,2020-11-11,1.0206594671364415,1.0398742696627357,1.0014446646101478,DEU
Germany,DEU,RKI,Confirmed cases,Cori_step,2020-11-12,1.0206594671364415,1.0398742696627357,1.0014446646101478,DEU
Germany,DEU,RKI,Confirmed cases,Cori_step,2020-11-13,1.0206594671364415,1.0398742696627357,1.0014446646101478,DEU
Germany,DEU,RKI,Confirmed cases,Cori_step,2020-11-14,1.0206594671364415,1.0398742696627357,1.0014446646101478,DEU
Germany,DEU,RKI,Confirmed cases,Cori_step,2020-11-15,1.0206594671364415,1.0398742696627357,1.0014446646101478,DEU
Germany,DEU,RKI,Confirmed cases,Cori_step,2020-11-16,1.0206594671364415,1.0398742696627357,1.0014446646101478,DEU
Germany,DEU,RKI,Confirmed cases,Cori_step,2020-11-17,1.0206594671364415,1.0398742696627357,1.0014446646101478,DEU
Germany,DEU,RKI,Confirmed cases,Cori_step,2020-11-18,1.0206594671364415,1.0398742696627357,1.0014446646101478,DEU
Germany,DEU,RKI,Confirmed cases,Cori_step,2020-11-19,1.0206594671364415,1.0398742696627357,1.0014446646101478,DEU
Germany,DEU,RKI,Confirmed cases,Cori_step,2020-11-20,1.0206594671364415,1.0398742696627357,1.0014446646101478,DEU
Germany,DEU,RKI,Confirmed cases,Cori_step,2020-11-21,1.0206594671364415,1.0398742696627357,1.0014446646101478,DEU
Germany,DEU,RKI,Confirmed cases,Cori_step,2020-11-22,1.0206594671364415,1.0398742696627357,1.0014446646101478,DEU
Germany,DEU,RKI,Confirmed cases,Cori_step,2020-11-23,1.0206594671364415,1.0398742696627357,1.0014446646101478,DEU
Germany,DEU,RKI,Confirmed cases,Cori_step,2020-11-24,1.0206594671364415,1.0398742696627357,1.0014446646101478,DEU
Germany,DEU,RKI,Confirmed cases,Cori_step,2020-11-25,1.0206594671364415,1.0398742696627357,1.0014446646101478,DEU
Germany,DEU,RKI,Confirmed cases,Cori_step,2020-11-26,1.0206594671364415,1.0398742696627357,1.0014446646101478,DEU
Germany,DEU,RKI,Confirmed cases,Cori_step,2020-11-27,1.0206594671364415,1.0398742696627357,1.0014446646101478,DEU
Germany,DEU,RKI,Confirmed cases,Cori_step,2020-11-28,1.0206594671364415,1.0398742696627357,1.0014446646101478,DEU
Germany,DEU,RKI,Confirmed cases,Cori_step,2020-11-29,1.0206594671364415,1.0398742696627357,1.0014446646101478,DEU
Germany,DEU,RKI,Confirmed cases,Cori_step,2020-11-30,1.0462231309047791,1.075803796299031,1.0166424655105273,DEU
Germany,DEU,RKI,Confirmed cases,Cori_step,2020-12-01,1.0462231309047791,1.075803796299031,1.0166424655105273,DEU
Germany,DEU,RKI,Confirmed cases,Cori_step,2020-12-02,1.0462231309047791,1.075803796299031,1.0166424655105273,DEU
Germany,DEU,RKI,Confirmed cases,Cori_step,2020-12-03,1.0462231309047791,1.075803796299031,1.0166424655105273,DEU
Germany,DEU,RKI,Confirmed cases,Cori_step,2020-12-04,1.0462231309047791,1.075803796299031,1.0166424655105273,DEU
Germany,DEU,RKI,Confirmed cases,Cori_step,2020-12-05,1.0462231309047791,1.075803796299031,1.0166424655105273,DEU
Germany,DEU,RKI,Confirmed cases,Cori_step,2020-12-06,1.0462231309047791,1.075803796299031,1.0166424655105273,DEU
Germany,DEU,RKI,Confirmed cases,Cori_step,2020-12-07,1.0462231309047791,1.075803796299031,1.0166424655105273,DEU
Germany,DEU,RKI,Confirmed cases,Cori_step,2020-12-08,1.0462231309047791,1.075803796299031,1.0166424655105273,DEU
Germany,DEU,RKI,Confirmed cases,Cori_step,2020-12-09,1.0462231309047791,1.075803796299031,1.0166424655105273,DEU
Germany,DEU,RKI,Confirmed cases,Cori_step,2020-12-10,1.0462231309047791,1.075803796299031,1.0166424655105273,DEU
Germany,DEU,RKI,Confirmed cases,Cori_step,2020-12-11,1.0462231309047791,1.075803796299031,1.0166424655105273,DEU
Germany,DEU,RKI,Confirmed cases,Cori_step,2020-12-12,1.0462231309047791,1.075803796299031,1.0166424655105273,DEU
Germany,DEU,RKI,Confirmed cases,Cori_step,2020-12-13,1.0462231309047791,1.075803796299031,1.0166424655105273,DEU
Germany,DEU,RKI,Confirmed cases,Cori_step,2020-12-14,1.0462231309047791,1.075803796299031,1.0166424655105273,DEU
Germany,DEU,RKI,Confirmed cases,Cori_step,2020-12-15,0.8694550005042316,0.9307398244538988,0.8081701765545645,DEU
Germany,DEU,RKI,Confirmed cases,Cori_step,2020-12-16,0.92395885494541,0.949300408571048,0.8986173013197722,DEU
Germany,DEU,RKI,Confirmed cases,Cori_step,2020-12-17,0.92395885494541,0.949300408571048,0.8986173013197722,DEU
Germany,DEU,RKI,Confirmed cases,Cori_step,2020-12-18,0.92395885494541,0.949300408571048,0.8986173013197722,DEU
Germany,DEU,RKI,Confirmed cases,Cori_step,2020-12-19,0.92395885494541,0.949300408571048,0.8986173013197722,DEU
Germany,DEU,RKI,Confirmed cases,Cori_step,2020-12-20,0.92395885494541,0.949300408571048,0.8986173013197722,DEU
Germany,DEU,RKI,Confirmed cases,Cori_step,2020-12-21,0.92395885494541,0.949300408571048,0.8986173013197722,DEU
Germany,DEU,RKI,Confirmed cases,Cori_step,2020-12-22,0.92395885494541,0.949300408571048,0.8986173013197722,DEU
Germany,DEU,RKI,Confirmed cases,Cori_step,2020-12-23,0.92395885494541,0.949300408571048,0.8986173013197722,DEU
Germany,DEU,RKI,Confirmed cases,Cori_step,2020-12-24,0.92395885494541,0.949300408571048,0.8986173013197722,DEU
Germany,DEU,RKI,Confirmed cases,Cori_step,2020-12-25,0.92395885494541,0.949300408571048,0.8986173013197722,DEU
Germany,DEU,RKI,Confirmed cases,Cori_step,2020-12-26,0.92395885494541,0.949300408571048,0.8986173013197722,DEU
Germany,DEU,RKI,Confirmed cases,Cori_step,2020-12-27,0.92395885494541,0.949300408571048,0.8986173013197722,DEU
Germany,DEU,RKI,Confirmed cases,Cori_step,2020-12-28,0.92395885494541,0.949300408571048,0.8986173013197722,DEU
Germany,DEU,RKI,Confirmed cases,Cori_step,2020-12-29,0.92395885494541,0.949300408571048,0.8986173013197722,DEU
Germany,DEU,RKI,Confirmed cases,Cori_step,2020-12-30,0.92395885494541,0.949300408571048,0.8986173013197722,DEU
Germany,DEU,RKI,Confirmed cases,Cori_step,2020-12-31,0.92395885494541,0.949300408571048,0.8986173013197722,DEU
Germany,DEU,RKI,Confirmed cases,Cori_step,2021-01-01,0.92395885494541,0.949300408571048,0.8986173013197722,DEU
Germany,DEU,RKI,Confirmed cases,Cori_step,2021-01-02,0.92395885494541,0.949300408571048,0.8986173013197722,DEU
Germany,DEU,RKI,Confirmed cases,Cori_step,2021-01-03,0.92395885494541,0.949300408571048,0.8986173013197722,DEU
Germany,DEU,RKI,Confirmed cases,Cori_step,2021-01-04,0.92395885494541,0.949300408571048,0.8986173013197722,DEU
Germany,DEU,RKI,Confirmed cases,Cori_step,2021-01-05,0.8788839694703228,0.9434579243300432,0.8143100146106023,DEU
Germany,DEU,RKI,Confirmed cases,Cori_step,2021-01-06,0.8788839694703228,0.9434579243300432,0.8143100146106023,DEU
Germany,DEU,RKI,Confirmed cases,Cori_step,2021-01-07,0.8788839694703228,0.9434579243300432,0.8143100146106023,DEU
Germany,DEU,RKI,Confirmed cases,Cori_step,2021-01-08,0.8788839694703228,0.9434579243300432,0.8143100146106023,DEU
Germany,DEU,RKI,Confirmed cases,Cori_step,2021-01-09,0.8788839694703228,0.9434579243300432,0.8143100146106023,DEU
Germany,DEU,RKI,Confirmed cases,Cori_step,2021-01-10,0.927113640353292,0.9414688730294752,0.9127584076771088,DEU
Germany,DEU,RKI,Confirmed cases,Cori_step,2021-01-11,0.927113640353292,0.9414688730294752,0.9127584076771088,DEU
Germany,DEU,RKI,Confirmed cases,Cori_step,2021-01-12,0.927113640353292,0.9414688730294752,0.9127584076771088,DEU
Germany,DEU,RKI,Confirmed cases,Cori_step,2021-01-13,0.927113640353292,0.9414688730294752,0.9127584076771088,DEU
Germany,DEU,RKI,Confirmed cases,Cori_step,2021-01-14,0.927113640353292,0.9414688730294752,0.9127584076771088,DEU
Germany,DEU,RKI,Confirmed cases,Cori_step,2021-01-15,0.927113640353292,0.9414688730294752,0.9127584076771088,DEU
Germany,DEU,RKI,Confirmed cases,Cori_step,2021-01-16,0.927113640353292,0.9414688730294752,0.9127584076771088,DEU
Germany,DEU,RKI,Confirmed cases,Cori_step,2021-01-17,0.927113640353292,0.9414688730294752,0.9127584076771088,DEU
Germany,DEU,RKI,Confirmed cases,Cori_step,2021-01-18,0.927113640353292,0.9414688730294752,0.9127584076771088,DEU
Germany,DEU,RKI,Confirmed cases,Cori_step,2021-01-19,0.927113640353292,0.9414688730294752,0.9127584076771088,DEU
Germany,DEU,RKI,Confirmed cases,Cori_step,2021-01-20,0.927113640353292,0.9414688730294752,0.9127584076771088,DEU
Germany,DEU,RKI,Confirmed cases,Cori_step,2021-01-21,0.927113640353292,0.9414688730294752,0.9127584076771088,DEU
Germany,DEU,RKI,Confirmed cases,Cori_step,2021-01-22,0.927113640353292,0.9414688730294752,0.9127584076771088,DEU
Germany,DEU,RKI,Confirmed cases,Cori_step,2021-01-23,0.927113640353292,0.9414688730294752,0.9127584076771088,DEU
Germany,DEU,RKI,Confirmed cases,Cori_step,2021-01-24,0.927113640353292,0.9414688730294752,0.9127584076771088,DEU
Germany,DEU,RKI,Confirmed cases,Cori_step,2021-01-25,0.927113640353292,0.9414688730294752,0.9127584076771088,DEU
Germany,DEU,RKI,Confirmed cases,Cori_step,2021-01-26,0.927113640353292,0.9414688730294752,0.9127584076771088,DEU
Germany,DEU,RKI,Confirmed cases,Cori_step,2021-01-27,0.927113640353292,0.9414688730294752,0.9127584076771088,DEU
Germany,DEU,RKI,Confirmed cases,Cori_step,2021-01-28,0.927113640353292,0.9414688730294752,0.9127584076771088,DEU
Germany,DEU,RKI,Confirmed cases,Cori_step,2021-01-29,0.927113640353292,0.9414688730294752,0.9127584076771088,DEU
Germany,DEU,RKI,Confirmed cases,Cori_step,2021-01-30,0.927113640353292,0.9414688730294752,0.9127584076771088,DEU
Germany,DEU,RKI,Confirmed cases,Cori_step,2021-01-31,0.927113640353292,0.9414688730294752,0.9127584076771088,DEU
Germany,DEU,RKI,Confirmed cases,Cori_step,2021-02-01,0.927113640353292,0.9414688730294752,0.9127584076771088,DEU
Germany,DEU,RKI,Confirmed cases,Cori_step,2021-02-02,0.927113640353292,0.9414688730294752,0.9127584076771088,DEU
Germany,DEU,RKI,Confirmed cases,Cori_step,2021-02-03,0.927113640353292,0.9414688730294752,0.9127584076771088,DEU
Germany,DEU,RKI,Confirmed cases,Cori_step,2021-02-04,0.927113640353292,0.9414688730294752,0.9127584076771088,DEU
Germany,DEU,RKI,Confirmed cases,Cori_step,2021-02-05,0.927113640353292,0.9414688730294752,0.9127584076771088,DEU
Germany,DEU,RKI,Confirmed cases,Cori_step,2021-02-06,0.927113640353292,0.9414688730294752,0.9127584076771088,DEU
Germany,DEU,RKI,Confirmed cases,Cori_step,2021-02-07,0.927113640353292,0.9414688730294752,0.9127584076771088,DEU
Germany,DEU,RKI,Confirmed cases,Cori_step,2021-02-08,0.927113640353292,0.9414688730294752,0.9127584076771088,DEU
Germany,DEU,RKI,Confirmed cases,Cori_step,2021-02-09,0.927113640353292,0.9414688730294752,0.9127584076771088,DEU
Germany,DEU,RKI,Confirmed cases,Cori_step,2021-02-10,0.927113640353292,0.9414688730294752,0.9127584076771088,DEU
Germany,DEU,RKI,Confirmed cases,Cori_step,2021-02-11,0.927113640353292,0.9414688730294752,0.9127584076771088,DEU
Germany,DEU,RKI,Confirmed cases,Cori_step,2021-02-12,0.927113640353292,0.9414688730294752,0.9127584076771088,DEU
Germany,DEU,RKI,Confirmed cases,Cori_step,2021-02-13,0.927113640353292,0.9414688730294752,0.9127584076771088,DEU
Germany,DEU,RKI,Confirmed cases,Cori_step,2021-02-14,0.927113640353292,0.9414688730294752,0.9127584076771088,DEU
Germany,DEU,RKI,Confirmed cases,Cori_step,2021-02-15,0.927113640353292,0.9414688730294752,0.9127584076771088,DEU
Germany,DEU,RKI,Confirmed cases,Cori_step,2021-02-16,0.927113640353292,0.9414688730294752,0.9127584076771088,DEU
Germany,DEU,RKI,Confirmed cases,Cori_step,2021-02-17,0.927113640353292,0.9414688730294752,0.9127584076771088,DEU
Germany,DEU,RKI,Confirmed cases,Cori_step,2021-02-18,0.927113640353292,0.9414688730294752,0.9127584076771088,DEU
Germany,DEU,RKI,Confirmed cases,Cori_step,2021-02-19,0.927113640353292,0.9414688730294752,0.9127584076771088,DEU
Germany,DEU,RKI,Confirmed cases,Cori_step,2021-02-20,0.927113640353292,0.9414688730294752,0.9127584076771088,DEU
Germany,DEU,RKI,Confirmed cases,Cori_step,2021-02-21,0.927113640353292,0.9414688730294752,0.9127584076771088,DEU
Germany,DEU,RKI,Confirmed cases,Cori_step,2021-02-22,1.074338956847636,1.133733408284774,1.014944505410498,DEU
Germany,DEU,RKI,Confirmed cases,Cori_step,2021-02-23,1.074338956847636,1.133733408284774,1.014944505410498,DEU
Germany,DEU,RKI,Confirmed cases,Cori_step,2021-02-24,1.074338956847636,1.133733408284774,1.014944505410498,DEU
Germany,DEU,RKI,Confirmed cases,Cori_step,2021-02-25,1.074338956847636,1.133733408284774,1.014944505410498,DEU
Germany,DEU,RKI,Confirmed cases,Cori_step,2021-02-26,1.074338956847636,1.133733408284774,1.014944505410498,DEU
Germany,DEU,RKI,Confirmed cases,Cori_step,2021-02-27,1.074338956847636,1.133733408284774,1.014944505410498,DEU
Germany,DEU,RKI,Confirmed cases,Cori_step,2021-02-28,1.074338956847636,1.133733408284774,1.014944505410498,DEU
Germany,DEU,RKI,Confirmed cases,Cori_step,2021-03-01,1.1584792408492477,1.1879667086994077,1.1289917729990877,DEU
Germany,DEU,RKI,Confirmed cases,Cori_step,2021-03-02,1.1584792408492477,1.1879667086994077,1.1289917729990877,DEU
Germany,DEU,RKI,Confirmed cases,Cori_step,2021-03-03,1.1584792408492477,1.1879667086994077,1.1289917729990877,DEU
Germany,DEU,RKI,Confirmed cases,Cori_step,2021-03-04,1.1584792408492477,1.1879667086994077,1.1289917729990877,DEU
Germany,DEU,RKI,Confirmed cases,Cori_step,2021-03-05,1.1584792408492477,1.1879667086994077,1.1289917729990877,DEU
Germany,DEU,RKI,Confirmed cases,Cori_step,2021-03-06,1.1584792408492477,1.1879667086994077,1.1289917729990877,DEU
Germany,DEU,RKI,Confirmed cases,Cori_step,2021-03-07,1.1584792408492477,1.1879667086994077,1.1289917729990877,DEU
Germany,DEU,RKI,Confirmed cases,Cori_step,2021-03-08,1.1584792408492477,1.1879667086994077,1.1289917729990877,DEU
Germany,DEU,RKI,Confirmed cases,Cori_step,2021-03-09,1.1584792408492477,1.1879667086994077,1.1289917729990877,DEU
Germany,DEU,RKI,Confirmed cases,Cori_step,2021-03-10,1.1584792408492477,1.1879667086994077,1.1289917729990877,DEU
Germany,DEU,RKI,Confirmed cases,Cori_step,2021-03-11,1.1584792408492477,1.1879667086994077,1.1289917729990877,DEU
Germany,DEU,RKI,Confirmed cases,Cori_step,2021-03-12,1.1584792408492477,1.1879667086994077,1.1289917729990877,DEU
Germany,DEU,RKI,Confirmed cases,Cori_step,2021-03-13,1.1584792408492477,1.1879667086994077,1.1289917729990877,DEU
Germany,DEU,RKI,Confirmed cases,Cori_step,2021-03-14,1.1584792408492477,1.1879667086994077,1.1289917729990877,DEU
Germany,DEU,RKI,Confirmed cases,Cori_step,2021-03-15,1.1584792408492477,1.1879667086994077,1.1289917729990877,DEU
Germany,DEU,RKI,Confirmed cases,Cori_step,2021-03-16,1.1584792408492477,1.1879667086994077,1.1289917729990877,DEU
Germany,DEU,RKI,Confirmed cases,Cori_step,2021-03-17,1.1584792408492477,1.1879667086994077,1.1289917729990877,DEU
Germany,DEU,RKI,Confirmed cases,Cori_step,2021-03-18,1.1584792408492477,1.1879667086994077,1.1289917729990877,DEU
Germany,DEU,RKI,Confirmed cases,Cori_step,2021-03-19,1.1584792408492477,1.1879667086994077,1.1289917729990877,DEU
Germany,DEU,RKI,Confirmed cases,Cori_step,2021-03-20,0.9325441444344628,0.938416224975409,0.9266720638935164,DEU
Germany,DEU,RKI,Confirmed cases,Cori_step,2021-03-21,0.9325441444344628,0.938416224975409,0.9266720638935164,DEU
Germany,DEU,RKI,Confirmed cases,Cori_step,2021-03-22,0.9325441444344628,0.938416224975409,0.9266720638935164,DEU
Germany,DEU,RKI,Confirmed cases,Cori_step,2021-03-23,0.9325441444344628,0.938416224975409,0.9266720638935164,DEU
Germany,DEU,RKI,Confirmed cases,Cori_step,2021-03-24,0.9325441444344628,0.938416224975409,0.9266720638935164,DEU
Germany,DEU,RKI,Confirmed cases,Cori_step,2021-03-25,0.9325441444344628,0.938416224975409,0.9266720638935164,DEU
Germany,DEU,RKI,Confirmed cases,Cori_step,2021-03-26,0.9325441444344628,0.938416224975409,0.9266720638935164,DEU
Germany,DEU,RKI,Confirmed cases,Cori_step,2021-03-27,0.9325441444344628,0.938416224975409,0.9266720638935164,DEU
Germany,DEU,RKI,Confirmed cases,Cori_step,2021-03-28,0.9325441444344628,0.938416224975409,0.9266720638935164,DEU
Germany,DEU,RKI,Confirmed cases,Cori_step,2021-03-29,0.9325441444344628,0.938416224975409,0.9266720638935164,DEU
Germany,DEU,RKI,Confirmed cases,Cori_step,2021-03-30,0.9325441444344628,0.938416224975409,0.9266720638935164,DEU
Germany,DEU,RKI,Confirmed cases,Cori_step,2021-03-31,0.9325441444344628,0.938416224975409,0.9266720638935164,DEU
Germany,DEU,RKI,Confirmed cases,Cori_step,2021-04-01,0.9325441444344628,0.938416224975409,0.9266720638935164,DEU
Germany,DEU,RKI,Confirmed cases,Cori_step,2021-04-02,0.9325441444344628,0.938416224975409,0.9266720638935164,DEU
Germany,DEU,RKI,Confirmed cases,Cori_step,2021-04-03,0.9325441444344628,0.938416224975409,0.9266720638935164,DEU
Germany,DEU,RKI,Confirmed cases,Cori_step,2021-04-04,0.9325441444344628,0.938416224975409,0.9266720638935164,DEU
Germany,DEU,RKI,Confirmed cases,Cori_step,2021-04-05,0.9325441444344628,0.938416224975409,0.9266720638935164,DEU
Germany,DEU,RKI,Confirmed cases,Cori_step,2021-04-06,0.9325441444344628,0.938416224975409,0.9266720638935164,DEU
Germany,DEU,RKI,Confirmed cases,Cori_step,2021-04-07,0.9325441444344628,0.938416224975409,0.9266720638935164,DEU
Germany,DEU,RKI,Confirmed cases,Cori_step,2021-04-08,0.9325441444344628,0.938416224975409,0.9266720638935164,DEU
Germany,DEU,RKI,Confirmed cases,Cori_step,2021-04-09,0.9325441444344628,0.938416224975409,0.9266720638935164,DEU
Germany,DEU,RKI,Confirmed cases,Cori_step,2021-04-10,0.9325441444344628,0.938416224975409,0.9266720638935164,DEU
Germany,DEU,RKI,Confirmed cases,Cori_step,2021-04-11,0.9325441444344628,0.938416224975409,0.9266720638935164,DEU
Germany,DEU,RKI,Confirmed cases,Cori_step,2021-04-12,0.9325441444344628,0.938416224975409,0.9266720638935164,DEU
Germany,DEU,RKI,Confirmed cases,Cori_step,2021-04-13,0.9325441444344628,0.938416224975409,0.9266720638935164,DEU
Germany,DEU,RKI,Confirmed cases,Cori_step,2021-04-14,0.9325441444344628,0.938416224975409,0.9266720638935164,DEU
Germany,DEU,RKI,Confirmed cases,Cori_step,2021-04-15,0.9325441444344628,0.938416224975409,0.9266720638935164,DEU
Germany,DEU,RKI,Confirmed cases,Cori_step,2021-04-16,0.9325441444344628,0.938416224975409,0.9266720638935164,DEU
Germany,DEU,RKI,Confirmed cases,Cori_step,2021-04-17,0.9325441444344628,0.938416224975409,0.9266720638935164,DEU
Germany,DEU,RKI,Confirmed cases,Cori_step,2021-04-18,0.9325441444344628,0.938416224975409,0.9266720638935164,DEU
Germany,DEU,RKI,Confirmed cases,Cori_step,2021-04-19,0.9325441444344628,0.938416224975409,0.9266720638935164,DEU
Germany,DEU,RKI,Confirmed cases,Cori_step,2021-04-20,0.9325441444344628,0.938416224975409,0.9266720638935164,DEU
Germany,DEU,RKI,Confirmed cases,Cori_step,2021-04-21,0.9325441444344628,0.938416224975409,0.9266720638935164,DEU
Germany,DEU,RKI,Confirmed cases,Cori_step,2021-04-22,0.9325441444344628,0.938416224975409,0.9266720638935164,DEU
Germany,DEU,RKI,Confirmed cases,Cori_step,2021-04-23,0.9325441444344628,0.938416224975409,0.9266720638935164,DEU
Germany,DEU,RKI,Confirmed cases,Cori_step,2021-04-24,0.9325441444344628,0.938416224975409,0.9266720638935164,DEU
Germany,DEU,RKI,Confirmed cases,Cori_step,2021-04-25,0.9325441444344628,0.938416224975409,0.9266720638935164,DEU
Germany,DEU,RKI,Confirmed cases,Cori_step,2021-04-26,0.9325441444344628,0.938416224975409,0.9266720638935164,DEU
Germany,DEU,RKI,Confirmed cases,Cori_step,2021-04-27,0.9325441444344628,0.938416224975409,0.9266720638935164,DEU
Germany,DEU,RKI,Confirmed cases,Cori_step,2021-04-28,0.9325441444344628,0.938416224975409,0.9266720638935164,DEU
Germany,DEU,RKI,Confirmed cases,Cori_step,2021-04-29,0.9325441444344628,0.938416224975409,0.9266720638935164,DEU
Germany,DEU,RKI,Confirmed cases,Cori_step,2021-04-30,0.9325441444344628,0.938416224975409,0.9266720638935164,DEU
Germany,DEU,RKI,Confirmed cases,Cori_step,2021-05-01,0.9325441444344628,0.938416224975409,0.9266720638935164,DEU
Germany,DEU,RKI,Confirmed cases,Cori_step,2021-05-02,0.9325441444344628,0.938416224975409,0.9266720638935164,DEU
Germany,DEU,RKI,Confirmed cases,Cori_step,2021-05-03,0.9325441444344628,0.938416224975409,0.9266720638935164,DEU
Germany,DEU,RKI,Confirmed cases,Cori_step,2021-05-04,0.9325441444344628,0.938416224975409,0.9266720638935164,DEU
Germany,DEU,RKI,Confirmed cases,Cori_step,2021-05-05,0.9325441444344628,0.938416224975409,0.9266720638935164,DEU
Germany,DEU,RKI,Confirmed cases,Cori_step,2021-05-06,0.9325441444344628,0.938416224975409,0.9266720638935164,DEU
Germany,DEU,RKI,Confirmed cases,Cori_step,2021-05-07,0.9325441444344628,0.938416224975409,0.9266720638935164,DEU
Germany,DEU,RKI,Confirmed cases,Cori_step,2021-05-08,0.9325441444344628,0.938416224975409,0.9266720638935164,DEU
Germany,DEU,RKI,Confirmed cases,Cori_step,2021-05-09,0.9325441444344628,0.938416224975409,0.9266720638935164,DEU
Germany,DEU,RKI,Confirmed cases,Cori_step,2021-05-10,0.9325441444344628,0.938416224975409,0.9266720638935164,DEU
Germany,DEU,RKI,Confirmed cases,Cori_step,2021-05-11,0.9325441444344628,0.938416224975409,0.9266720638935164,DEU
Germany,DEU,RKI,Confirmed cases,Cori_step,2021-05-12,0.9325441444344628,0.938416224975409,0.9266720638935164,DEU
Germany,DEU,RKI,Confirmed cases,Cori_step,2021-05-13,0.9325441444344628,0.938416224975409,0.9266720638935164,DEU
Germany,DEU,RKI,Confirmed cases,Cori_step,2021-05-14,0.9325441444344628,0.938416224975409,0.9266720638935164,DEU
Germany,DEU,RKI,Confirmed cases,Cori_step,2021-05-15,0.9325441444344628,0.938416224975409,0.9266720638935164,DEU
Germany,DEU,RKI,Confirmed cases,Cori_step,2021-05-16,0.9325441444344628,0.938416224975409,0.9266720638935164,DEU
Germany,DEU,RKI,Confirmed cases,Cori_step,2021-05-17,0.9325441444344628,0.938416224975409,0.9266720638935164,DEU
Germany,DEU,RKI,Confirmed cases,Cori_step,2021-05-18,0.9325441444344628,0.938416224975409,0.9266720638935164,DEU
Germany,DEU,RKI,Confirmed cases,Cori_step,2021-05-19,0.9325441444344628,0.938416224975409,0.9266720638935164,DEU
Germany,DEU,RKI,Confirmed cases,Cori_step,2021-05-20,0.9325441444344628,0.938416224975409,0.9266720638935164,DEU
Germany,DEU,RKI,Confirmed cases,Cori_step,2021-05-21,0.9325441444344628,0.938416224975409,0.9266720638935164,DEU
Germany,DEU,RKI,Confirmed cases,Cori_step,2021-05-22,0.9325441444344628,0.938416224975409,0.9266720638935164,DEU
Germany,DEU,RKI,Confirmed cases,Cori_step,2021-05-23,0.9325441444344628,0.938416224975409,0.9266720638935164,DEU
Germany,DEU,RKI,Confirmed cases,Cori_step,2021-05-24,0.9325441444344628,0.938416224975409,0.9266720638935164,DEU
Germany,DEU,RKI,Confirmed cases,Cori_step,2021-05-25,0.9325441444344628,0.938416224975409,0.9266720638935164,DEU
Germany,DEU,RKI,Confirmed cases,Cori_step,2021-05-26,0.9325441444344628,0.938416224975409,0.9266720638935164,DEU
Germany,DEU,RKI,Confirmed cases,Cori_step,2021-05-27,0.9325441444344628,0.938416224975409,0.9266720638935164,DEU
Germany,DEU,RKI,Confirmed cases,Cori_step,2021-05-28,0.9325441444344628,0.938416224975409,0.9266720638935164,DEU
Germany,DEU,RKI,Confirmed cases,Cori_step,2021-05-29,0.9325441444344628,0.938416224975409,0.9266720638935164,DEU
Germany,DEU,RKI,Confirmed cases,Cori_step,2021-05-30,0.9325441444344628,0.938416224975409,0.9266720638935164,DEU
Germany,DEU,RKI,Confirmed cases,Cori_step,2021-05-31,0.717103058553112,0.7601621485784434,0.6740439685277805,DEU
Germany,DEU,RKI,Confirmed cases,Cori_step,2021-06-01,0.717103058553112,0.7601621485784434,0.6740439685277805,DEU
Germany,DEU,RKI,Confirmed cases,Cori_step,2021-06-02,0.717103058553112,0.7601621485784434,0.6740439685277805,DEU
Germany,DEU,RKI,Confirmed cases,Cori_step,2021-06-03,0.717103058553112,0.7601621485784434,0.6740439685277805,DEU
Germany,DEU,RKI,Confirmed cases,Cori_step,2021-06-04,0.717103058553112,0.7601621485784434,0.6740439685277805,DEU
Germany,DEU,RKI,Confirmed cases,Cori_step,2021-06-05,0.717103058553112,0.7601621485784434,0.6740439685277805,DEU
Germany,DEU,RKI,Confirmed cases,Cori_step,2021-06-06,0.8359609728935626,0.8574263449121621,0.8144956008749632,DEU
Germany,DEU,RKI,Confirmed cases,Cori_step,2021-06-07,0.8359609728935626,0.8574263449121621,0.8144956008749632,DEU
Germany,DEU,RKI,Confirmed cases,Cori_step,2021-06-08,0.8359609728935626,0.8574263449121621,0.8144956008749632,DEU
Germany,DEU,RKI,Confirmed cases,Cori_step,2021-06-09,0.8359609728935626,0.8574263449121621,0.8144956008749632,DEU
Germany,DEU,RKI,Confirmed cases,Cori_step,2021-06-10,0.8359609728935626,0.8574263449121621,0.8144956008749632,DEU
Germany,DEU,RKI,Confirmed cases,Cori_step,2021-06-11,0.8359609728935626,0.8574263449121621,0.8144956008749632,DEU
Germany,DEU,RKI,Confirmed cases,Cori_step,2021-06-12,0.8359609728935626,0.8574263449121621,0.8144956008749632,DEU
Germany,DEU,RKI,Confirmed cases,Cori_step,2021-06-13,0.8359609728935626,0.8574263449121621,0.8144956008749632,DEU
Germany,DEU,RKI,Confirmed cases,Cori_step,2021-06-14,0.8359609728935626,0.8574263449121621,0.8144956008749632,DEU
Germany,DEU,RKI,Confirmed cases,Cori_step,2021-06-15,0.8359609728935626,0.8574263449121621,0.8144956008749632,DEU
Germany,DEU,RKI,Confirmed cases,Cori_step,2021-06-16,0.8359609728935626,0.8574263449121621,0.8144956008749632,DEU
Germany,DEU,RKI,Confirmed cases,Cori_step,2021-06-17,0.8359609728935626,0.8574263449121621,0.8144956008749632,DEU
Germany,DEU,RKI,Confirmed cases,Cori_step,2021-06-18,0.8359609728935626,0.8574263449121621,0.8144956008749632,DEU
Germany,DEU,RKI,Confirmed cases,Cori_step,2021-06-19,0.8359609728935626,0.8574263449121621,0.8144956008749632,DEU
Germany,DEU,RKI,Confirmed cases,Cori_step,2021-06-20,0.8359609728935626,0.8574263449121621,0.8144956008749632,DEU
Germany,DEU,RKI,Confirmed cases,Cori_step,2021-06-21,0.8359609728935626,0.8574263449121621,0.8144956008749632,DEU
Germany,DEU,RKI,Confirmed cases,Cori_step,2021-06-22,0.8359609728935626,0.8574263449121621,0.8144956008749632,DEU
Germany,DEU,RKI,Confirmed cases,Cori_step,2021-06-23,0.8359609728935626,0.8574263449121621,0.8144956008749632,DEU
Germany,DEU,RKI,Confirmed cases,Cori_step,2021-06-24,0.8359609728935626,0.8574263449121621,0.8144956008749632,DEU
Germany,DEU,RKI,Confirmed cases,Cori_step,2021-06-25,0.8359609728935626,0.8574263449121621,0.8144956008749632,DEU
Germany,DEU,RKI,Confirmed cases,Cori_step,2021-06-26,0.8359609728935626,0.8574263449121621,0.8144956008749632,DEU
Germany,DEU,RKI,Confirmed cases,Cori_step,2021-06-27,0.8359609728935626,0.8574263449121621,0.8144956008749632,DEU
Germany,DEU,RKI,Confirmed cases,Cori_step,2021-06-28,0.8359609728935626,0.8574263449121621,0.8144956008749632,DEU
Germany,DEU,RKI,Confirmed cases,Cori_step,2021-06-29,0.8359609728935626,0.8574263449121621,0.8144956008749632,DEU
Germany,DEU,RKI,Confirmed cases,Cori_step,2021-06-30,0.8359609728935626,0.8574263449121621,0.8144956008749632,DEU
Germany,DEU,RKI,Confirmed cases,Cori_step,2021-07-01,0.8359609728935626,0.8574263449121621,0.8144956008749632,DEU
Germany,DEU,RKI,Confirmed cases,Cori_step,2021-07-02,0.8359609728935626,0.8574263449121621,0.8144956008749632,DEU
Germany,DEU,RKI,Confirmed cases,Cori_step,2021-07-03,1.2073028357208722,1.273905075347309,1.1407005960944356,DEU
Germany,DEU,RKI,Confirmed cases,Cori_step,2021-07-04,1.2073028357208722,1.273905075347309,1.1407005960944356,DEU
Germany,DEU,RKI,Confirmed cases,Cori_step,2021-07-05,1.2073028357208722,1.273905075347309,1.1407005960944356,DEU
Germany,DEU,RKI,Confirmed cases,Cori_step,2021-07-06,1.2073028357208722,1.273905075347309,1.1407005960944356,DEU
Germany,DEU,RKI,Confirmed cases,Cori_step,2021-07-07,1.2073028357208722,1.273905075347309,1.1407005960944356,DEU
Germany,DEU,RKI,Confirmed cases,Cori_step,2021-07-08,1.2073028357208722,1.273905075347309,1.1407005960944356,DEU
Germany,DEU,RKI,Confirmed cases,Cori_step,2021-07-09,1.2073028357208722,1.273905075347309,1.1407005960944356,DEU
