data_version,target,date,location,type,quantile,value
19094,7 day R,2020-03-02,DE,point,NA,2.6850500000000004
19094,7 day R,2020-03-02,DE,quantile,0.025,2.4736000000000002
19094,7 day R,2020-03-02,DE,quantile,0.975,2.8935
19094,7 day R,2020-03-03,DE,point,NA,2.77155
19094,7 day R,2020-03-03,DE,quantile,0.025,2.5902
19094,7 day R,2020-03-03,DE,quantile,0.975,2.9501999999999997
19094,7 day R,2020-03-04,DE,point,NA,2.8752
19094,7 day R,2020-03-04,DE,quantile,0.025,2.7125000000000004
19094,7 day R,2020-03-04,DE,quantile,0.975,3.03755
19094,7 day R,2020-03-05,DE,point,NA,2.96285
19094,7 day R,2020-03-05,DE,quantile,0.025,2.8068
19094,7 day R,2020-03-05,DE,quantile,0.975,3.1193
19094,7 day R,2020-03-06,DE,point,NA,3.0651
19094,7 day R,2020-03-06,DE,quantile,0.025,2.90855
19094,7 day R,2020-03-06,DE,quantile,0.975,3.22275
19094,7 day R,2020-03-07,DE,point,NA,3.00725
19094,7 day R,2020-03-07,DE,quantile,0.025,2.85535
19094,7 day R,2020-03-07,DE,quantile,0.975,3.1624999999999996
19094,7 day R,2020-03-08,DE,point,NA,2.949
19094,7 day R,2020-03-08,DE,quantile,0.025,2.7975000000000003
19094,7 day R,2020-03-08,DE,quantile,0.975,3.0992
19094,7 day R,2020-03-09,DE,point,NA,2.94095
19094,7 day R,2020-03-09,DE,quantile,0.025,2.7901
19094,7 day R,2020-03-09,DE,quantile,0.975,3.0911999999999997
19094,7 day R,2020-03-10,DE,point,NA,2.8995499999999996
19094,7 day R,2020-03-10,DE,quantile,0.025,2.7474499999999997
19094,7 day R,2020-03-10,DE,quantile,0.975,3.04955
19094,7 day R,2020-03-11,DE,point,NA,2.9508
19094,7 day R,2020-03-11,DE,quantile,0.025,2.8
19094,7 day R,2020-03-11,DE,quantile,0.975,3.10265
19094,7 day R,2020-03-12,DE,point,NA,3.0107
19094,7 day R,2020-03-12,DE,quantile,0.025,2.85645
19094,7 day R,2020-03-12,DE,quantile,0.975,3.1695
19094,7 day R,2020-03-13,DE,point,NA,2.88385
19094,7 day R,2020-03-13,DE,quantile,0.025,2.7328
19094,7 day R,2020-03-13,DE,quantile,0.975,3.03575
19094,7 day R,2020-03-14,DE,point,NA,2.83375
19094,7 day R,2020-03-14,DE,quantile,0.025,2.68225
19094,7 day R,2020-03-14,DE,quantile,0.975,2.9831000000000003
19094,7 day R,2020-03-15,DE,point,NA,2.80045
19094,7 day R,2020-03-15,DE,quantile,0.025,2.6494999999999997
19094,7 day R,2020-03-15,DE,quantile,0.975,2.95085
19094,7 day R,2020-03-16,DE,point,NA,2.6927000000000003
19094,7 day R,2020-03-16,DE,quantile,0.025,2.54385
19094,7 day R,2020-03-16,DE,quantile,0.975,2.8426
19094,7 day R,2020-03-17,DE,point,NA,2.59735
19094,7 day R,2020-03-17,DE,quantile,0.025,2.44555
19094,7 day R,2020-03-17,DE,quantile,0.975,2.7475
19094,7 day R,2020-03-18,DE,point,NA,2.517
19094,7 day R,2020-03-18,DE,quantile,0.025,2.3675499999999996
19094,7 day R,2020-03-18,DE,quantile,0.975,2.6673
19094,7 day R,2020-03-19,DE,point,NA,2.4908
19094,7 day R,2020-03-19,DE,quantile,0.025,2.34255
19094,7 day R,2020-03-19,DE,quantile,0.975,2.6414
19094,7 day R,2020-03-20,DE,point,NA,2.4171
19094,7 day R,2020-03-20,DE,quantile,0.025,2.26665
19094,7 day R,2020-03-20,DE,quantile,0.975,2.56635
19094,7 day R,2020-03-21,DE,point,NA,2.3254
19094,7 day R,2020-03-21,DE,quantile,0.025,2.17615
19094,7 day R,2020-03-21,DE,quantile,0.975,2.4747500000000002
19094,7 day R,2020-03-22,DE,point,NA,2.25215
19094,7 day R,2020-03-22,DE,quantile,0.025,2.10215
19094,7 day R,2020-03-22,DE,quantile,0.975,2.4019500000000003
19094,7 day R,2020-03-23,DE,point,NA,2.2554
19094,7 day R,2020-03-23,DE,quantile,0.025,2.1034
19094,7 day R,2020-03-23,DE,quantile,0.975,2.40855
19094,7 day R,2020-03-24,DE,point,NA,2.18605
19094,7 day R,2020-03-24,DE,quantile,0.025,2.0343999999999998
19094,7 day R,2020-03-24,DE,quantile,0.975,2.34145
19094,7 day R,2020-03-25,DE,point,NA,2.0102
19094,7 day R,2020-03-25,DE,quantile,0.025,1.8605
19094,7 day R,2020-03-25,DE,quantile,0.975,2.1611
19094,7 day R,2020-03-26,DE,point,NA,1.81375
19094,7 day R,2020-03-26,DE,quantile,0.025,1.66315
19094,7 day R,2020-03-26,DE,quantile,0.975,1.9633500000000002
19094,7 day R,2020-03-27,DE,point,NA,1.7231
19094,7 day R,2020-03-27,DE,quantile,0.025,1.57195
19094,7 day R,2020-03-27,DE,quantile,0.975,1.8742
19094,7 day R,2020-03-28,DE,point,NA,1.66005
19094,7 day R,2020-03-28,DE,quantile,0.025,1.50935
19094,7 day R,2020-03-28,DE,quantile,0.975,1.8106499999999999
19094,7 day R,2020-03-29,DE,point,NA,1.56305
19094,7 day R,2020-03-29,DE,quantile,0.025,1.41285
19094,7 day R,2020-03-29,DE,quantile,0.975,1.7117
19094,7 day R,2020-03-30,DE,point,NA,1.48385
19094,7 day R,2020-03-30,DE,quantile,0.025,1.3351
19094,7 day R,2020-03-30,DE,quantile,0.975,1.6336
19094,7 day R,2020-03-31,DE,point,NA,1.41775
19094,7 day R,2020-03-31,DE,quantile,0.025,1.2682
19094,7 day R,2020-03-31,DE,quantile,0.975,1.56675
19094,7 day R,2020-04-01,DE,point,NA,1.3483
19094,7 day R,2020-04-01,DE,quantile,0.025,1.1989
19094,7 day R,2020-04-01,DE,quantile,0.975,1.49805
19094,7 day R,2020-04-02,DE,point,NA,1.2519
19094,7 day R,2020-04-02,DE,quantile,0.025,1.1011000000000002
19094,7 day R,2020-04-02,DE,quantile,0.975,1.40155
19094,7 day R,2020-04-03,DE,point,NA,1.1987
19094,7 day R,2020-04-03,DE,quantile,0.025,1.04685
19094,7 day R,2020-04-03,DE,quantile,0.975,1.34815
19094,7 day R,2020-04-04,DE,point,NA,1.1771500000000001
19094,7 day R,2020-04-04,DE,quantile,0.025,1.0279500000000001
19094,7 day R,2020-04-04,DE,quantile,0.975,1.32545
19094,7 day R,2020-04-05,DE,point,NA,1.1489
19094,7 day R,2020-04-05,DE,quantile,0.025,0.9987999999999999
19094,7 day R,2020-04-05,DE,quantile,0.975,1.2986
19094,7 day R,2020-04-06,DE,point,NA,1.0703
19094,7 day R,2020-04-06,DE,quantile,0.025,0.9204
19094,7 day R,2020-04-06,DE,quantile,0.975,1.2208
19094,7 day R,2020-04-07,DE,point,NA,1.00635
19094,7 day R,2020-04-07,DE,quantile,0.025,0.8552500000000001
19094,7 day R,2020-04-07,DE,quantile,0.975,1.1554000000000002
19094,7 day R,2020-04-08,DE,point,NA,0.9434
19094,7 day R,2020-04-08,DE,quantile,0.025,0.7934
19094,7 day R,2020-04-08,DE,quantile,0.975,1.09245
19094,7 day R,2020-04-09,DE,point,NA,0.88525
19094,7 day R,2020-04-09,DE,quantile,0.025,0.73455
19094,7 day R,2020-04-09,DE,quantile,0.975,1.03505
19094,7 day R,2020-04-10,DE,point,NA,0.8492500000000001
19094,7 day R,2020-04-10,DE,quantile,0.025,0.69765
19094,7 day R,2020-04-10,DE,quantile,0.975,0.9995499999999999
19094,7 day R,2020-04-11,DE,point,NA,0.8201
19094,7 day R,2020-04-11,DE,quantile,0.025,0.6696500000000001
19094,7 day R,2020-04-11,DE,quantile,0.975,0.9711000000000001
19094,7 day R,2020-04-12,DE,point,NA,0.7984
19094,7 day R,2020-04-12,DE,quantile,0.025,0.6463
19094,7 day R,2020-04-12,DE,quantile,0.975,0.9508
19094,7 day R,2020-04-13,DE,point,NA,0.7778499999999999
19094,7 day R,2020-04-13,DE,quantile,0.025,0.6263
19094,7 day R,2020-04-13,DE,quantile,0.975,0.9279
19094,7 day R,2020-04-14,DE,point,NA,0.7494000000000001
19094,7 day R,2020-04-14,DE,quantile,0.025,0.59735
19094,7 day R,2020-04-14,DE,quantile,0.975,0.8997999999999999
19094,7 day R,2020-04-15,DE,point,NA,0.72655
19094,7 day R,2020-04-15,DE,quantile,0.025,0.5758000000000001
19094,7 day R,2020-04-15,DE,quantile,0.975,0.8771500000000001
19094,7 day R,2020-04-16,DE,point,NA,0.7149
19094,7 day R,2020-04-16,DE,quantile,0.025,0.56345
19094,7 day R,2020-04-16,DE,quantile,0.975,0.8667
19094,7 day R,2020-04-17,DE,point,NA,0.73255
19094,7 day R,2020-04-17,DE,quantile,0.025,0.583
19094,7 day R,2020-04-17,DE,quantile,0.975,0.8818999999999999
19094,7 day R,2020-04-18,DE,point,NA,0.7618499999999999
19094,7 day R,2020-04-18,DE,quantile,0.025,0.61205
19094,7 day R,2020-04-18,DE,quantile,0.975,0.9110499999999999
19094,7 day R,2020-04-19,DE,point,NA,0.7662
19094,7 day R,2020-04-19,DE,quantile,0.025,0.61765
19094,7 day R,2020-04-19,DE,quantile,0.975,0.9178999999999999
19094,7 day R,2020-04-20,DE,point,NA,0.75525
19094,7 day R,2020-04-20,DE,quantile,0.025,0.6066
19094,7 day R,2020-04-20,DE,quantile,0.975,0.90595
19094,7 day R,2020-04-21,DE,point,NA,0.7366
19094,7 day R,2020-04-21,DE,quantile,0.025,0.5872999999999999
19094,7 day R,2020-04-21,DE,quantile,0.975,0.8864
19094,7 day R,2020-04-22,DE,point,NA,0.71415
19094,7 day R,2020-04-22,DE,quantile,0.025,0.5634
19094,7 day R,2020-04-22,DE,quantile,0.975,0.86505
19094,7 day R,2020-04-23,DE,point,NA,0.6864
19094,7 day R,2020-04-23,DE,quantile,0.025,0.5358499999999999
19094,7 day R,2020-04-23,DE,quantile,0.975,0.83815
19094,7 day R,2020-04-24,DE,point,NA,0.67215
19094,7 day R,2020-04-24,DE,quantile,0.025,0.521
19094,7 day R,2020-04-24,DE,quantile,0.975,0.82385
19094,7 day R,2020-04-25,DE,point,NA,0.6739999999999999
19094,7 day R,2020-04-25,DE,quantile,0.025,0.5225
19094,7 day R,2020-04-25,DE,quantile,0.975,0.8244499999999999
19094,7 day R,2020-04-26,DE,point,NA,0.6782999999999999
19094,7 day R,2020-04-26,DE,quantile,0.025,0.52685
19094,7 day R,2020-04-26,DE,quantile,0.975,0.82765
19094,7 day R,2020-04-27,DE,point,NA,0.6631
19094,7 day R,2020-04-27,DE,quantile,0.025,0.5123
19094,7 day R,2020-04-27,DE,quantile,0.975,0.8129500000000001
19094,7 day R,2020-04-28,DE,point,NA,0.6426499999999999
19094,7 day R,2020-04-28,DE,quantile,0.025,0.49265000000000003
19094,7 day R,2020-04-28,DE,quantile,0.975,0.79285
19094,7 day R,2020-04-29,DE,point,NA,0.62005
19094,7 day R,2020-04-29,DE,quantile,0.025,0.4699
19094,7 day R,2020-04-29,DE,quantile,0.975,0.77085
19094,7 day R,2020-04-30,DE,point,NA,0.60075
19094,7 day R,2020-04-30,DE,quantile,0.025,0.45155
19094,7 day R,2020-04-30,DE,quantile,0.975,0.7503500000000001
19094,7 day R,2020-05-01,DE,point,NA,0.5928
19094,7 day R,2020-05-01,DE,quantile,0.025,0.4418
19094,7 day R,2020-05-01,DE,quantile,0.975,0.7435499999999999
19094,7 day R,2020-05-02,DE,point,NA,0.5868500000000001
19094,7 day R,2020-05-02,DE,quantile,0.025,0.4358
19094,7 day R,2020-05-02,DE,quantile,0.975,0.7372000000000001
19094,7 day R,2020-05-03,DE,point,NA,0.6093999999999999
19094,7 day R,2020-05-03,DE,quantile,0.025,0.458
19094,7 day R,2020-05-03,DE,quantile,0.975,0.75795
19094,7 day R,2020-05-04,DE,point,NA,0.6366499999999999
19094,7 day R,2020-05-04,DE,quantile,0.025,0.48514999999999997
19094,7 day R,2020-05-04,DE,quantile,0.975,0.7867999999999999
19094,7 day R,2020-05-05,DE,point,NA,0.6511
19094,7 day R,2020-05-05,DE,quantile,0.025,0.50025
19094,7 day R,2020-05-05,DE,quantile,0.975,0.7993
19094,7 day R,2020-05-06,DE,point,NA,0.6756
19094,7 day R,2020-05-06,DE,quantile,0.025,0.52695
19094,7 day R,2020-05-06,DE,quantile,0.975,0.8251999999999999
19094,7 day R,2020-05-07,DE,point,NA,0.70095
19094,7 day R,2020-05-07,DE,quantile,0.025,0.5502499999999999
19094,7 day R,2020-05-07,DE,quantile,0.975,0.85085
19094,7 day R,2020-05-08,DE,point,NA,0.7151000000000001
19094,7 day R,2020-05-08,DE,quantile,0.025,0.5661
19094,7 day R,2020-05-08,DE,quantile,0.975,0.8653500000000001
19094,7 day R,2020-05-09,DE,point,NA,0.7297499999999999
19094,7 day R,2020-05-09,DE,quantile,0.025,0.57985
19094,7 day R,2020-05-09,DE,quantile,0.975,0.8799
19094,7 day R,2020-05-10,DE,point,NA,0.7236499999999999
19094,7 day R,2020-05-10,DE,quantile,0.025,0.57395
19094,7 day R,2020-05-10,DE,quantile,0.975,0.8733
19094,7 day R,2020-05-11,DE,point,NA,0.7274499999999999
19094,7 day R,2020-05-11,DE,quantile,0.025,0.5796
19094,7 day R,2020-05-11,DE,quantile,0.975,0.87785
19094,7 day R,2020-05-12,DE,point,NA,0.7464999999999999
19094,7 day R,2020-05-12,DE,quantile,0.025,0.5954999999999999
19094,7 day R,2020-05-12,DE,quantile,0.975,0.8976500000000001
19094,7 day R,2020-05-13,DE,point,NA,0.7318
19094,7 day R,2020-05-13,DE,quantile,0.025,0.5807
19094,7 day R,2020-05-13,DE,quantile,0.975,0.88035
19094,7 day R,2020-05-14,DE,point,NA,0.7182999999999999
19094,7 day R,2020-05-14,DE,quantile,0.025,0.5686
19094,7 day R,2020-05-14,DE,quantile,0.975,0.8675999999999999
19094,7 day R,2020-05-15,DE,point,NA,0.7048
19094,7 day R,2020-05-15,DE,quantile,0.025,0.55545
19094,7 day R,2020-05-15,DE,quantile,0.975,0.8538
19094,7 day R,2020-05-16,DE,point,NA,0.6934499999999999
19094,7 day R,2020-05-16,DE,quantile,0.025,0.54365
19094,7 day R,2020-05-16,DE,quantile,0.975,0.84145
19094,7 day R,2020-05-17,DE,point,NA,0.71285
19094,7 day R,2020-05-17,DE,quantile,0.025,0.56185
19094,7 day R,2020-05-17,DE,quantile,0.975,0.86415
19094,7 day R,2020-05-18,DE,point,NA,0.7254
19094,7 day R,2020-05-18,DE,quantile,0.025,0.5768500000000001
19094,7 day R,2020-05-18,DE,quantile,0.975,0.87585
19094,7 day R,2020-05-19,DE,point,NA,0.7389
19094,7 day R,2020-05-19,DE,quantile,0.025,0.58905
19094,7 day R,2020-05-19,DE,quantile,0.975,0.8886499999999999
19094,7 day R,2020-05-20,DE,point,NA,0.75345
19094,7 day R,2020-05-20,DE,quantile,0.025,0.6031
19094,7 day R,2020-05-20,DE,quantile,0.975,0.9041
19094,7 day R,2020-05-21,DE,point,NA,0.7296499999999999
19094,7 day R,2020-05-21,DE,quantile,0.025,0.5802499999999999
19094,7 day R,2020-05-21,DE,quantile,0.975,0.87825
19094,7 day R,2020-05-22,DE,point,NA,0.6961999999999999
19094,7 day R,2020-05-22,DE,quantile,0.025,0.54495
19094,7 day R,2020-05-22,DE,quantile,0.975,0.8452999999999999
19094,7 day R,2020-05-23,DE,point,NA,0.7119500000000001
19094,7 day R,2020-05-23,DE,quantile,0.025,0.5609500000000001
19094,7 day R,2020-05-23,DE,quantile,0.975,0.86185
19094,7 day R,2020-05-24,DE,point,NA,0.7284999999999999
19094,7 day R,2020-05-24,DE,quantile,0.025,0.5796
19094,7 day R,2020-05-24,DE,quantile,0.975,0.8785000000000001
19094,7 day R,2020-05-25,DE,point,NA,0.73485
19094,7 day R,2020-05-25,DE,quantile,0.025,0.5846
19094,7 day R,2020-05-25,DE,quantile,0.975,0.884
19094,7 day R,2020-05-26,DE,point,NA,0.73905
19094,7 day R,2020-05-26,DE,quantile,0.025,0.5891500000000001
19094,7 day R,2020-05-26,DE,quantile,0.975,0.88925
19094,7 day R,2020-05-27,DE,point,NA,0.7363999999999999
19094,7 day R,2020-05-27,DE,quantile,0.025,0.58435
19094,7 day R,2020-05-27,DE,quantile,0.975,0.88535
19094,7 day R,2020-05-28,DE,point,NA,0.7617499999999999
19094,7 day R,2020-05-28,DE,quantile,0.025,0.6109
19094,7 day R,2020-05-28,DE,quantile,0.975,0.911
19094,7 day R,2020-05-29,DE,point,NA,0.8305
19094,7 day R,2020-05-29,DE,quantile,0.025,0.6796500000000001
19094,7 day R,2020-05-29,DE,quantile,0.975,0.97965
19094,7 day R,2020-05-30,DE,point,NA,0.8472500000000001
19094,7 day R,2020-05-30,DE,quantile,0.025,0.6980999999999999
19094,7 day R,2020-05-30,DE,quantile,0.975,0.99865
19094,7 day R,2020-05-31,DE,point,NA,0.8140499999999999
19094,7 day R,2020-05-31,DE,quantile,0.025,0.6653500000000001
19094,7 day R,2020-05-31,DE,quantile,0.975,0.9639
19094,7 day R,2020-06-01,DE,point,NA,0.7939499999999999
19094,7 day R,2020-06-01,DE,quantile,0.025,0.64575
19094,7 day R,2020-06-01,DE,quantile,0.975,0.9431499999999999
19094,7 day R,2020-06-02,DE,point,NA,0.7575000000000001
19094,7 day R,2020-06-02,DE,quantile,0.025,0.6066
19094,7 day R,2020-06-02,DE,quantile,0.975,0.9073
19094,7 day R,2020-06-03,DE,point,NA,0.76
19094,7 day R,2020-06-03,DE,quantile,0.025,0.61035
19094,7 day R,2020-06-03,DE,quantile,0.975,0.91075
19094,7 day R,2020-06-04,DE,point,NA,0.7714000000000001
19094,7 day R,2020-06-04,DE,quantile,0.025,0.61895
19094,7 day R,2020-06-04,DE,quantile,0.975,0.92125
19094,7 day R,2020-06-05,DE,point,NA,0.80115
19094,7 day R,2020-06-05,DE,quantile,0.025,0.65015
19094,7 day R,2020-06-05,DE,quantile,0.975,0.9514
19094,7 day R,2020-06-06,DE,point,NA,0.8160499999999999
19094,7 day R,2020-06-06,DE,quantile,0.025,0.6657500000000001
19094,7 day R,2020-06-06,DE,quantile,0.975,0.9663999999999999
19094,7 day R,2020-06-07,DE,point,NA,0.83955
19094,7 day R,2020-06-07,DE,quantile,0.025,0.6904
19094,7 day R,2020-06-07,DE,quantile,0.975,0.9893000000000001
19094,7 day R,2020-06-08,DE,point,NA,0.85485
19094,7 day R,2020-06-08,DE,quantile,0.025,0.7053
19094,7 day R,2020-06-08,DE,quantile,0.975,1.00515
19094,7 day R,2020-06-09,DE,point,NA,0.87295
19094,7 day R,2020-06-09,DE,quantile,0.025,0.72235
19094,7 day R,2020-06-09,DE,quantile,0.975,1.02245
19094,7 day R,2020-06-10,DE,point,NA,0.87925
19094,7 day R,2020-06-10,DE,quantile,0.025,0.7288
19094,7 day R,2020-06-10,DE,quantile,0.975,1.02995
19094,7 day R,2020-06-11,DE,point,NA,0.8866
19094,7 day R,2020-06-11,DE,quantile,0.025,0.73625
19094,7 day R,2020-06-11,DE,quantile,0.975,1.03695
19094,7 day R,2020-06-12,DE,point,NA,0.8538
19094,7 day R,2020-06-12,DE,quantile,0.025,0.70185
19094,7 day R,2020-06-12,DE,quantile,0.975,1.0049000000000001
19094,7 day R,2020-06-13,DE,point,NA,0.88705
19094,7 day R,2020-06-13,DE,quantile,0.025,0.7343999999999999
19094,7 day R,2020-06-13,DE,quantile,0.975,1.0402
19094,7 day R,2020-06-14,DE,point,NA,0.9391
19094,7 day R,2020-06-14,DE,quantile,0.025,0.7882
19094,7 day R,2020-06-14,DE,quantile,0.975,1.0911
19094,7 day R,2020-06-15,DE,point,NA,1.008
19094,7 day R,2020-06-15,DE,quantile,0.025,0.85775
19094,7 day R,2020-06-15,DE,quantile,0.975,1.1593
19094,7 day R,2020-06-16,DE,point,NA,1.09415
19094,7 day R,2020-06-16,DE,quantile,0.025,0.9440500000000001
19094,7 day R,2020-06-16,DE,quantile,0.975,1.2439
19094,7 day R,2020-06-17,DE,point,NA,1.1731
19094,7 day R,2020-06-17,DE,quantile,0.025,1.0211000000000001
19094,7 day R,2020-06-17,DE,quantile,0.975,1.3235999999999999
19094,7 day R,2020-06-18,DE,point,NA,1.2713
19094,7 day R,2020-06-18,DE,quantile,0.025,1.1179000000000001
19094,7 day R,2020-06-18,DE,quantile,0.975,1.4246500000000002
19094,7 day R,2020-06-19,DE,point,NA,1.3495
19094,7 day R,2020-06-19,DE,quantile,0.025,1.1918000000000002
19094,7 day R,2020-06-19,DE,quantile,0.975,1.508
19094,7 day R,2020-06-20,DE,point,NA,1.34775
19094,7 day R,2020-06-20,DE,quantile,0.025,1.19295
19094,7 day R,2020-06-20,DE,quantile,0.975,1.50435
19094,7 day R,2020-06-21,DE,point,NA,1.3487
19094,7 day R,2020-06-21,DE,quantile,0.025,1.1931
19094,7 day R,2020-06-21,DE,quantile,0.975,1.5051
19094,7 day R,2020-06-22,DE,point,NA,1.286
19094,7 day R,2020-06-22,DE,quantile,0.025,1.1326999999999998
19094,7 day R,2020-06-22,DE,quantile,0.975,1.43865
19094,7 day R,2020-06-23,DE,point,NA,1.1914500000000001
19094,7 day R,2020-06-23,DE,quantile,0.025,1.0422
19094,7 day R,2020-06-23,DE,quantile,0.975,1.34245
19094,7 day R,2020-06-24,DE,point,NA,1.1211
19094,7 day R,2020-06-24,DE,quantile,0.025,0.97175
19094,7 day R,2020-06-24,DE,quantile,0.975,1.2707000000000002
19094,7 day R,2020-06-25,DE,point,NA,1.04555
19094,7 day R,2020-06-25,DE,quantile,0.025,0.8953
19094,7 day R,2020-06-25,DE,quantile,0.975,1.1949
19094,7 day R,2020-06-26,DE,point,NA,0.99
19094,7 day R,2020-06-26,DE,quantile,0.025,0.8389
19094,7 day R,2020-06-26,DE,quantile,0.975,1.1389
19094,7 day R,2020-06-27,DE,point,NA,0.9793000000000001
19094,7 day R,2020-06-27,DE,quantile,0.025,0.829
19094,7 day R,2020-06-27,DE,quantile,0.975,1.1284
19094,7 day R,2020-06-28,DE,point,NA,0.9425
19094,7 day R,2020-06-28,DE,quantile,0.025,0.79175
19094,7 day R,2020-06-28,DE,quantile,0.975,1.09205
19094,7 day R,2020-06-29,DE,point,NA,0.9313
19094,7 day R,2020-06-29,DE,quantile,0.025,0.7822
19094,7 day R,2020-06-29,DE,quantile,0.975,1.08045
19094,7 day R,2020-06-30,DE,point,NA,0.9228000000000001
19094,7 day R,2020-06-30,DE,quantile,0.025,0.77295
19094,7 day R,2020-06-30,DE,quantile,0.975,1.07195
19094,7 day R,2020-07-01,DE,point,NA,0.89635
19094,7 day R,2020-07-01,DE,quantile,0.025,0.74525
19094,7 day R,2020-07-01,DE,quantile,0.975,1.0470000000000002
19094,7 day R,2020-07-02,DE,point,NA,0.86145
19094,7 day R,2020-07-02,DE,quantile,0.025,0.7102999999999999
19094,7 day R,2020-07-02,DE,quantile,0.975,1.0135
19094,7 day R,2020-07-03,DE,point,NA,0.8407
19094,7 day R,2020-07-03,DE,quantile,0.025,0.6893
19094,7 day R,2020-07-03,DE,quantile,0.975,0.9918
19094,7 day R,2020-07-04,DE,point,NA,0.8388
19094,7 day R,2020-07-04,DE,quantile,0.025,0.6872499999999999
19094,7 day R,2020-07-04,DE,quantile,0.975,0.9888
19094,7 day R,2020-07-05,DE,point,NA,0.8568
19094,7 day R,2020-07-05,DE,quantile,0.025,0.7072
19094,7 day R,2020-07-05,DE,quantile,0.975,1.00485
19094,7 day R,2020-07-06,DE,point,NA,0.8725
19094,7 day R,2020-07-06,DE,quantile,0.025,0.72295
19094,7 day R,2020-07-06,DE,quantile,0.975,1.02115
19094,7 day R,2020-07-07,DE,point,NA,0.8766499999999999
19094,7 day R,2020-07-07,DE,quantile,0.025,0.72815
19094,7 day R,2020-07-07,DE,quantile,0.975,1.0270000000000001
19094,7 day R,2020-07-08,DE,point,NA,0.8783000000000001
19094,7 day R,2020-07-08,DE,quantile,0.025,0.7300500000000001
19094,7 day R,2020-07-08,DE,quantile,0.975,1.0265499999999999
19094,7 day R,2020-07-09,DE,point,NA,0.8675999999999999
19094,7 day R,2020-07-09,DE,quantile,0.025,0.71855
19094,7 day R,2020-07-09,DE,quantile,0.975,1.0152999999999999
19094,7 day R,2020-07-10,DE,point,NA,0.86585
19094,7 day R,2020-07-10,DE,quantile,0.025,0.71515
19094,7 day R,2020-07-10,DE,quantile,0.975,1.0155
19094,7 day R,2020-07-11,DE,point,NA,0.8897999999999999
19094,7 day R,2020-07-11,DE,quantile,0.025,0.7404999999999999
19094,7 day R,2020-07-11,DE,quantile,0.975,1.0391
19094,7 day R,2020-07-12,DE,point,NA,0.93435
19094,7 day R,2020-07-12,DE,quantile,0.025,0.7847500000000001
19094,7 day R,2020-07-12,DE,quantile,0.975,1.08445
19094,7 day R,2020-07-13,DE,point,NA,0.9639
19094,7 day R,2020-07-13,DE,quantile,0.025,0.81345
19094,7 day R,2020-07-13,DE,quantile,0.975,1.11145
19094,7 day R,2020-07-14,DE,point,NA,1.0035500000000002
19094,7 day R,2020-07-14,DE,quantile,0.025,0.8561000000000001
19094,7 day R,2020-07-14,DE,quantile,0.975,1.15305
19094,7 day R,2020-07-15,DE,point,NA,1.0377
19094,7 day R,2020-07-15,DE,quantile,0.025,0.88745
19094,7 day R,2020-07-15,DE,quantile,0.975,1.18875
19094,7 day R,2020-07-16,DE,point,NA,1.0806
19094,7 day R,2020-07-16,DE,quantile,0.025,0.9315
19094,7 day R,2020-07-16,DE,quantile,0.975,1.23075
19094,7 day R,2020-07-17,DE,point,NA,1.10255
19094,7 day R,2020-07-17,DE,quantile,0.025,0.9514
19094,7 day R,2020-07-17,DE,quantile,0.975,1.2504499999999998
19094,7 day R,2020-07-18,DE,point,NA,1.1062500000000002
19094,7 day R,2020-07-18,DE,quantile,0.025,0.9569000000000001
19094,7 day R,2020-07-18,DE,quantile,0.975,1.2565
19094,7 day R,2020-07-19,DE,point,NA,1.1127500000000001
19094,7 day R,2020-07-19,DE,quantile,0.025,0.9636
19094,7 day R,2020-07-19,DE,quantile,0.975,1.26275
19094,7 day R,2020-07-20,DE,point,NA,1.1397499999999998
19094,7 day R,2020-07-20,DE,quantile,0.025,0.9908
19094,7 day R,2020-07-20,DE,quantile,0.975,1.2884
19094,7 day R,2020-07-21,DE,point,NA,1.1704
19094,7 day R,2020-07-21,DE,quantile,0.025,1.0196
19094,7 day R,2020-07-21,DE,quantile,0.975,1.3202500000000001
19094,7 day R,2020-07-22,DE,point,NA,1.1924
19094,7 day R,2020-07-22,DE,quantile,0.025,1.04385
19094,7 day R,2020-07-22,DE,quantile,0.975,1.3404500000000001
19094,7 day R,2020-07-23,DE,point,NA,1.22315
19094,7 day R,2020-07-23,DE,quantile,0.025,1.0725500000000001
19094,7 day R,2020-07-23,DE,quantile,0.975,1.37305
19094,7 day R,2020-07-24,DE,point,NA,1.27
19094,7 day R,2020-07-24,DE,quantile,0.025,1.1203
19094,7 day R,2020-07-24,DE,quantile,0.975,1.42
19094,7 day R,2020-07-25,DE,point,NA,1.27095
19094,7 day R,2020-07-25,DE,quantile,0.025,1.1209
19094,7 day R,2020-07-25,DE,quantile,0.975,1.4213
19094,7 day R,2020-07-26,DE,point,NA,1.2530999999999999
19094,7 day R,2020-07-26,DE,quantile,0.025,1.10325
19094,7 day R,2020-07-26,DE,quantile,0.975,1.4035000000000002
19094,7 day R,2020-07-27,DE,point,NA,1.24515
19094,7 day R,2020-07-27,DE,quantile,0.025,1.09435
19094,7 day R,2020-07-27,DE,quantile,0.975,1.3970500000000001
19094,7 day R,2020-07-28,DE,point,NA,1.24945
19094,7 day R,2020-07-28,DE,quantile,0.025,1.0988
19094,7 day R,2020-07-28,DE,quantile,0.975,1.3988
19094,7 day R,2020-07-29,DE,point,NA,1.2651
19094,7 day R,2020-07-29,DE,quantile,0.025,1.1151499999999999
19094,7 day R,2020-07-29,DE,quantile,0.975,1.4152
19094,7 day R,2020-07-30,DE,point,NA,1.267
19094,7 day R,2020-07-30,DE,quantile,0.025,1.1170499999999999
19094,7 day R,2020-07-30,DE,quantile,0.975,1.41595
19094,7 day R,2020-07-31,DE,point,NA,1.24615
19094,7 day R,2020-07-31,DE,quantile,0.025,1.09755
19094,7 day R,2020-07-31,DE,quantile,0.975,1.395
19094,7 day R,2020-08-01,DE,point,NA,1.2355
19094,7 day R,2020-08-01,DE,quantile,0.025,1.0859
19094,7 day R,2020-08-01,DE,quantile,0.975,1.3850500000000001
19094,7 day R,2020-08-02,DE,point,NA,1.2199499999999999
19094,7 day R,2020-08-02,DE,quantile,0.025,1.0686499999999999
19094,7 day R,2020-08-02,DE,quantile,0.975,1.37085
19094,7 day R,2020-08-03,DE,point,NA,1.2396
19094,7 day R,2020-08-03,DE,quantile,0.025,1.08925
19094,7 day R,2020-08-03,DE,quantile,0.975,1.38995
19094,7 day R,2020-08-04,DE,point,NA,1.24325
19094,7 day R,2020-08-04,DE,quantile,0.025,1.0944500000000001
19094,7 day R,2020-08-04,DE,quantile,0.975,1.392
19094,7 day R,2020-08-05,DE,point,NA,1.23285
19094,7 day R,2020-08-05,DE,quantile,0.025,1.0845
19094,7 day R,2020-08-05,DE,quantile,0.975,1.3824
19094,7 day R,2020-08-06,DE,point,NA,1.24345
19094,7 day R,2020-08-06,DE,quantile,0.025,1.0934
19094,7 day R,2020-08-06,DE,quantile,0.975,1.3942
19094,7 day R,2020-08-07,DE,point,NA,1.2503
19094,7 day R,2020-08-07,DE,quantile,0.025,1.10145
19094,7 day R,2020-08-07,DE,quantile,0.975,1.3998499999999998
19094,7 day R,2020-08-08,DE,point,NA,1.2438
19094,7 day R,2020-08-08,DE,quantile,0.025,1.0941
19094,7 day R,2020-08-08,DE,quantile,0.975,1.3941
19094,7 day R,2020-08-09,DE,point,NA,1.2434
19094,7 day R,2020-08-09,DE,quantile,0.025,1.0935000000000001
19094,7 day R,2020-08-09,DE,quantile,0.975,1.3940000000000001
19094,7 day R,2020-08-10,DE,point,NA,1.2396
19094,7 day R,2020-08-10,DE,quantile,0.025,1.0907499999999999
19094,7 day R,2020-08-10,DE,quantile,0.975,1.39055
19094,7 day R,2020-08-11,DE,point,NA,1.2582499999999999
19094,7 day R,2020-08-11,DE,quantile,0.025,1.10805
19094,7 day R,2020-08-11,DE,quantile,0.975,1.4087999999999998
19094,7 day R,2020-08-12,DE,point,NA,1.28895
19094,7 day R,2020-08-12,DE,quantile,0.025,1.1387
19094,7 day R,2020-08-12,DE,quantile,0.975,1.43885
19094,7 day R,2020-08-13,DE,point,NA,1.29125
19094,7 day R,2020-08-13,DE,quantile,0.025,1.14185
19094,7 day R,2020-08-13,DE,quantile,0.975,1.44275
19094,7 day R,2020-08-14,DE,point,NA,1.2722
19094,7 day R,2020-08-14,DE,quantile,0.025,1.1225999999999998
19094,7 day R,2020-08-14,DE,quantile,0.975,1.4234
19094,7 day R,2020-08-15,DE,point,NA,1.2426
19094,7 day R,2020-08-15,DE,quantile,0.025,1.0919
19094,7 day R,2020-08-15,DE,quantile,0.975,1.39195
19094,7 day R,2020-08-16,DE,point,NA,1.2282
19094,7 day R,2020-08-16,DE,quantile,0.025,1.0781
19094,7 day R,2020-08-16,DE,quantile,0.975,1.3780999999999999
19094,7 day R,2020-08-17,DE,point,NA,1.22895
19094,7 day R,2020-08-17,DE,quantile,0.025,1.07925
19094,7 day R,2020-08-17,DE,quantile,0.975,1.3785500000000002
19094,7 day R,2020-08-18,DE,point,NA,1.24585
19094,7 day R,2020-08-18,DE,quantile,0.025,1.09615
19094,7 day R,2020-08-18,DE,quantile,0.975,1.39635
19094,7 day R,2020-08-19,DE,point,NA,1.2433999999999998
19094,7 day R,2020-08-19,DE,quantile,0.025,1.0941999999999998
19094,7 day R,2020-08-19,DE,quantile,0.975,1.395
19094,7 day R,2020-08-20,DE,point,NA,1.2235999999999998
19094,7 day R,2020-08-20,DE,quantile,0.025,1.07465
19094,7 day R,2020-08-20,DE,quantile,0.975,1.37455
19094,7 day R,2020-08-21,DE,point,NA,1.1953
19094,7 day R,2020-08-21,DE,quantile,0.025,1.0455
19094,7 day R,2020-08-21,DE,quantile,0.975,1.3451
19094,7 day R,2020-08-22,DE,point,NA,1.19045
19094,7 day R,2020-08-22,DE,quantile,0.025,1.0415
19094,7 day R,2020-08-22,DE,quantile,0.975,1.34045
19094,7 day R,2020-08-23,DE,point,NA,1.1505999999999998
19094,7 day R,2020-08-23,DE,quantile,0.025,1.00025
19094,7 day R,2020-08-23,DE,quantile,0.975,1.3007499999999999
19094,7 day R,2020-08-24,DE,point,NA,1.11605
19094,7 day R,2020-08-24,DE,quantile,0.025,0.9662999999999999
19094,7 day R,2020-08-24,DE,quantile,0.975,1.26545
19094,7 day R,2020-08-25,DE,point,NA,1.0834000000000001
19094,7 day R,2020-08-25,DE,quantile,0.025,0.9336
19094,7 day R,2020-08-25,DE,quantile,0.975,1.2332999999999998
19094,7 day R,2020-08-26,DE,point,NA,1.06325
19094,7 day R,2020-08-26,DE,quantile,0.025,0.9135500000000001
19094,7 day R,2020-08-26,DE,quantile,0.975,1.2137
19094,7 day R,2020-08-27,DE,point,NA,1.0297999999999998
19094,7 day R,2020-08-27,DE,quantile,0.025,0.8809
19094,7 day R,2020-08-27,DE,quantile,0.975,1.17945
19094,7 day R,2020-08-28,DE,point,NA,1.01245
19094,7 day R,2020-08-28,DE,quantile,0.025,0.8614999999999999
19094,7 day R,2020-08-28,DE,quantile,0.975,1.1627999999999998
19094,7 day R,2020-08-29,DE,point,NA,0.9938
19094,7 day R,2020-08-29,DE,quantile,0.025,0.8442000000000001
19094,7 day R,2020-08-29,DE,quantile,0.975,1.14365
19094,7 day R,2020-08-30,DE,point,NA,0.99205
19094,7 day R,2020-08-30,DE,quantile,0.025,0.84215
19094,7 day R,2020-08-30,DE,quantile,0.975,1.1417000000000002
19094,7 day R,2020-08-31,DE,point,NA,0.98475
19094,7 day R,2020-08-31,DE,quantile,0.025,0.83405
19094,7 day R,2020-08-31,DE,quantile,0.975,1.1341
19094,7 day R,2020-09-01,DE,point,NA,0.9739
19094,7 day R,2020-09-01,DE,quantile,0.025,0.823
19094,7 day R,2020-09-01,DE,quantile,0.975,1.1248
19094,7 day R,2020-09-02,DE,point,NA,0.96575
19094,7 day R,2020-09-02,DE,quantile,0.025,0.8141499999999999
19094,7 day R,2020-09-02,DE,quantile,0.975,1.11605
19094,7 day R,2020-09-03,DE,point,NA,0.9638
19094,7 day R,2020-09-03,DE,quantile,0.025,0.81305
19094,7 day R,2020-09-03,DE,quantile,0.975,1.11455
19094,7 day R,2020-09-04,DE,point,NA,0.99
19094,7 day R,2020-09-04,DE,quantile,0.025,0.83995
19094,7 day R,2020-09-04,DE,quantile,0.975,1.1417000000000002
19094,7 day R,2020-09-05,DE,point,NA,1.0161
19094,7 day R,2020-09-05,DE,quantile,0.025,0.8665
19094,7 day R,2020-09-05,DE,quantile,0.975,1.1668
19094,7 day R,2020-09-06,DE,point,NA,1.05825
19094,7 day R,2020-09-06,DE,quantile,0.025,0.90905
19094,7 day R,2020-09-06,DE,quantile,0.975,1.2075
19094,7 day R,2020-09-07,DE,point,NA,1.08075
19094,7 day R,2020-09-07,DE,quantile,0.025,0.93245
19094,7 day R,2020-09-07,DE,quantile,0.975,1.23115
19094,7 day R,2020-09-08,DE,point,NA,1.0857
19094,7 day R,2020-09-08,DE,quantile,0.025,0.93665
19094,7 day R,2020-09-08,DE,quantile,0.975,1.2357
19094,7 day R,2020-09-09,DE,point,NA,1.0704
19094,7 day R,2020-09-09,DE,quantile,0.025,0.92205
19094,7 day R,2020-09-09,DE,quantile,0.975,1.2198
19094,7 day R,2020-09-10,DE,point,NA,1.08185
19094,7 day R,2020-09-10,DE,quantile,0.025,0.9337
19094,7 day R,2020-09-10,DE,quantile,0.975,1.2309
19094,7 day R,2020-09-11,DE,point,NA,1.07535
19094,7 day R,2020-09-11,DE,quantile,0.025,0.9256500000000001
19094,7 day R,2020-09-11,DE,quantile,0.975,1.22395
19094,7 day R,2020-09-12,DE,point,NA,1.0850499999999998
19094,7 day R,2020-09-12,DE,quantile,0.025,0.93625
19094,7 day R,2020-09-12,DE,quantile,0.975,1.2357
19094,7 day R,2020-09-13,DE,point,NA,1.10915
19094,7 day R,2020-09-13,DE,quantile,0.025,0.9592499999999999
19094,7 day R,2020-09-13,DE,quantile,0.975,1.25995
19094,7 day R,2020-09-14,DE,point,NA,1.1407
19094,7 day R,2020-09-14,DE,quantile,0.025,0.9923
19094,7 day R,2020-09-14,DE,quantile,0.975,1.2905
19094,7 day R,2020-09-15,DE,point,NA,1.1616499999999998
19094,7 day R,2020-09-15,DE,quantile,0.025,1.0144
19094,7 day R,2020-09-15,DE,quantile,0.975,1.31145
19094,7 day R,2020-09-16,DE,point,NA,1.1944
19094,7 day R,2020-09-16,DE,quantile,0.025,1.0448
19094,7 day R,2020-09-16,DE,quantile,0.975,1.3449
19094,7 day R,2020-09-17,DE,point,NA,1.1917499999999999
19094,7 day R,2020-09-17,DE,quantile,0.025,1.0423
19094,7 day R,2020-09-17,DE,quantile,0.975,1.3419500000000002
19094,7 day R,2020-09-18,DE,point,NA,1.17875
19094,7 day R,2020-09-18,DE,quantile,0.025,1.02915
19094,7 day R,2020-09-18,DE,quantile,0.975,1.3298
19094,7 day R,2020-09-19,DE,point,NA,1.17405
19094,7 day R,2020-09-19,DE,quantile,0.025,1.0257
19094,7 day R,2020-09-19,DE,quantile,0.975,1.32405
19094,7 day R,2020-09-20,DE,point,NA,1.1590500000000001
19094,7 day R,2020-09-20,DE,quantile,0.025,1.0097
19094,7 day R,2020-09-20,DE,quantile,0.975,1.30815
19094,7 day R,2020-09-21,DE,point,NA,1.1428
19094,7 day R,2020-09-21,DE,quantile,0.025,0.9939
19094,7 day R,2020-09-21,DE,quantile,0.975,1.2920500000000001
19094,7 day R,2020-09-22,DE,point,NA,1.1333
19094,7 day R,2020-09-22,DE,quantile,0.025,0.98355
19094,7 day R,2020-09-22,DE,quantile,0.975,1.2827000000000002
19094,7 day R,2020-09-23,DE,point,NA,1.119
19094,7 day R,2020-09-23,DE,quantile,0.025,0.97005
19094,7 day R,2020-09-23,DE,quantile,0.975,1.2696
19094,7 day R,2020-09-24,DE,point,NA,1.1105
19094,7 day R,2020-09-24,DE,quantile,0.025,0.9613499999999999
19094,7 day R,2020-09-24,DE,quantile,0.975,1.26145
19094,7 day R,2020-09-25,DE,point,NA,1.11905
19094,7 day R,2020-09-25,DE,quantile,0.025,0.968
19094,7 day R,2020-09-25,DE,quantile,0.975,1.2694
19094,7 day R,2020-09-26,DE,point,NA,1.1332499999999999
19094,7 day R,2020-09-26,DE,quantile,0.025,0.98185
19094,7 day R,2020-09-26,DE,quantile,0.975,1.2824
19094,7 day R,2020-09-27,DE,point,NA,1.1366
19094,7 day R,2020-09-27,DE,quantile,0.025,0.9857499999999999
19094,7 day R,2020-09-27,DE,quantile,0.975,1.2877
19094,7 day R,2020-09-28,DE,point,NA,1.1484
19094,7 day R,2020-09-28,DE,quantile,0.025,0.9969
19094,7 day R,2020-09-28,DE,quantile,0.975,1.29775
19094,7 day R,2020-09-29,DE,point,NA,1.14815
19094,7 day R,2020-09-29,DE,quantile,0.025,0.99935
19094,7 day R,2020-09-29,DE,quantile,0.975,1.2969
19094,7 day R,2020-09-30,DE,point,NA,1.14035
19094,7 day R,2020-09-30,DE,quantile,0.025,0.9893000000000001
19094,7 day R,2020-09-30,DE,quantile,0.975,1.2915
19094,7 day R,2020-10-01,DE,point,NA,1.15295
19094,7 day R,2020-10-01,DE,quantile,0.025,1.0021
19094,7 day R,2020-10-01,DE,quantile,0.975,1.3023
19094,7 day R,2020-10-02,DE,point,NA,1.1795
19094,7 day R,2020-10-02,DE,quantile,0.025,1.02795
19094,7 day R,2020-10-02,DE,quantile,0.975,1.3296000000000001
19094,7 day R,2020-10-03,DE,point,NA,1.20825
19094,7 day R,2020-10-03,DE,quantile,0.025,1.0579999999999998
19094,7 day R,2020-10-03,DE,quantile,0.975,1.3578999999999999
19094,7 day R,2020-10-04,DE,point,NA,1.25785
19094,7 day R,2020-10-04,DE,quantile,0.025,1.10895
19094,7 day R,2020-10-04,DE,quantile,0.975,1.4071500000000001
19094,7 day R,2020-10-05,DE,point,NA,1.2893
19094,7 day R,2020-10-05,DE,quantile,0.025,1.1397
19094,7 day R,2020-10-05,DE,quantile,0.975,1.4384000000000001
19094,7 day R,2020-10-06,DE,point,NA,1.3285
19094,7 day R,2020-10-06,DE,quantile,0.025,1.1795499999999999
19094,7 day R,2020-10-06,DE,quantile,0.975,1.4785
19094,7 day R,2020-10-07,DE,point,NA,1.3687
19094,7 day R,2020-10-07,DE,quantile,0.025,1.2196
19094,7 day R,2020-10-07,DE,quantile,0.975,1.5173999999999999
19094,7 day R,2020-10-08,DE,point,NA,1.4116499999999998
19094,7 day R,2020-10-08,DE,quantile,0.025,1.26295
19094,7 day R,2020-10-08,DE,quantile,0.975,1.5609
19094,7 day R,2020-10-09,DE,point,NA,1.4396
19094,7 day R,2020-10-09,DE,quantile,0.025,1.29035
19094,7 day R,2020-10-09,DE,quantile,0.975,1.58895
19094,7 day R,2020-10-10,DE,point,NA,1.44695
19094,7 day R,2020-10-10,DE,quantile,0.025,1.2975500000000002
19094,7 day R,2020-10-10,DE,quantile,0.975,1.5969
19094,7 day R,2020-10-11,DE,point,NA,1.44815
19094,7 day R,2020-10-11,DE,quantile,0.025,1.29985
19094,7 day R,2020-10-11,DE,quantile,0.975,1.5976
19094,7 day R,2020-10-12,DE,point,NA,1.4544000000000001
19094,7 day R,2020-10-12,DE,quantile,0.025,1.30505
19094,7 day R,2020-10-12,DE,quantile,0.975,1.6036
19094,7 day R,2020-10-13,DE,point,NA,1.4746000000000001
19094,7 day R,2020-10-13,DE,quantile,0.025,1.32365
19094,7 day R,2020-10-13,DE,quantile,0.975,1.62365
19094,7 day R,2020-10-14,DE,point,NA,1.50335
19094,7 day R,2020-10-14,DE,quantile,0.025,1.3529499999999999
19094,7 day R,2020-10-14,DE,quantile,0.975,1.6534499999999999
19094,7 day R,2020-10-15,DE,point,NA,1.517
19094,7 day R,2020-10-15,DE,quantile,0.025,1.3675000000000002
19094,7 day R,2020-10-15,DE,quantile,0.975,1.66825
19094,7 day R,2020-10-16,DE,point,NA,1.52145
19094,7 day R,2020-10-16,DE,quantile,0.025,1.37275
19094,7 day R,2020-10-16,DE,quantile,0.975,1.6720000000000002
19094,7 day R,2020-10-17,DE,point,NA,1.5103499999999999
19094,7 day R,2020-10-17,DE,quantile,0.025,1.36025
19094,7 day R,2020-10-17,DE,quantile,0.975,1.6606
19094,7 day R,2020-10-18,DE,point,NA,1.4976500000000001
19094,7 day R,2020-10-18,DE,quantile,0.025,1.3471
19094,7 day R,2020-10-18,DE,quantile,0.975,1.649
19094,7 day R,2020-10-19,DE,point,NA,1.49825
19094,7 day R,2020-10-19,DE,quantile,0.025,1.3483
19094,7 day R,2020-10-19,DE,quantile,0.975,1.64745
19094,7 day R,2020-10-20,DE,point,NA,1.5115500000000002
19094,7 day R,2020-10-20,DE,quantile,0.025,1.36035
19094,7 day R,2020-10-20,DE,quantile,0.975,1.66015
19094,7 day R,2020-10-21,DE,point,NA,1.5286499999999998
19094,7 day R,2020-10-21,DE,quantile,0.025,1.38005
19094,7 day R,2020-10-21,DE,quantile,0.975,1.6790500000000002
19094,7 day R,2020-10-22,DE,point,NA,1.5614
19094,7 day R,2020-10-22,DE,quantile,0.025,1.4107
19094,7 day R,2020-10-22,DE,quantile,0.975,1.71225
19094,7 day R,2020-10-23,DE,point,NA,1.5737999999999999
19094,7 day R,2020-10-23,DE,quantile,0.025,1.4237
19094,7 day R,2020-10-23,DE,quantile,0.975,1.7236
19094,7 day R,2020-10-24,DE,point,NA,1.5907499999999999
19094,7 day R,2020-10-24,DE,quantile,0.025,1.4415499999999999
19094,7 day R,2020-10-24,DE,quantile,0.975,1.74245
19094,7 day R,2020-10-25,DE,point,NA,1.5735000000000001
19094,7 day R,2020-10-25,DE,quantile,0.025,1.4217
19094,7 day R,2020-10-25,DE,quantile,0.975,1.7258
19094,7 day R,2020-10-26,DE,point,NA,1.5428000000000002
19094,7 day R,2020-10-26,DE,quantile,0.025,1.3919000000000001
19094,7 day R,2020-10-26,DE,quantile,0.975,1.6938
19094,7 day R,2020-10-27,DE,point,NA,1.51335
19094,7 day R,2020-10-27,DE,quantile,0.025,1.36425
19094,7 day R,2020-10-27,DE,quantile,0.975,1.66385
19094,7 day R,2020-10-28,DE,point,NA,1.4916999999999998
19094,7 day R,2020-10-28,DE,quantile,0.025,1.3427
19094,7 day R,2020-10-28,DE,quantile,0.975,1.64135
19094,7 day R,2020-10-29,DE,point,NA,1.4524
19094,7 day R,2020-10-29,DE,quantile,0.025,1.3027
19094,7 day R,2020-10-29,DE,quantile,0.975,1.60065
19094,7 day R,2020-10-30,DE,point,NA,1.4227500000000002
19094,7 day R,2020-10-30,DE,quantile,0.025,1.2741
19094,7 day R,2020-10-30,DE,quantile,0.975,1.5707
19094,7 day R,2020-10-31,DE,point,NA,1.3883
19094,7 day R,2020-10-31,DE,quantile,0.025,1.2385000000000002
19094,7 day R,2020-10-31,DE,quantile,0.975,1.53815
19094,7 day R,2020-11-01,DE,point,NA,1.3638499999999998
19094,7 day R,2020-11-01,DE,quantile,0.025,1.21455
19094,7 day R,2020-11-01,DE,quantile,0.975,1.5127000000000002
19094,7 day R,2020-11-02,DE,point,NA,1.33975
19094,7 day R,2020-11-02,DE,quantile,0.025,1.1909
19094,7 day R,2020-11-02,DE,quantile,0.975,1.48815
19094,7 day R,2020-11-03,DE,point,NA,1.3066499999999999
19094,7 day R,2020-11-03,DE,quantile,0.025,1.1587999999999998
19094,7 day R,2020-11-03,DE,quantile,0.975,1.4539499999999999
19094,7 day R,2020-11-04,DE,point,NA,1.2673999999999999
19094,7 day R,2020-11-04,DE,quantile,0.025,1.1177000000000001
19094,7 day R,2020-11-04,DE,quantile,0.975,1.41665
19094,7 day R,2020-11-05,DE,point,NA,1.236
19094,7 day R,2020-11-05,DE,quantile,0.025,1.0869499999999999
19094,7 day R,2020-11-05,DE,quantile,0.975,1.38585
19094,7 day R,2020-11-06,DE,point,NA,1.2178
19094,7 day R,2020-11-06,DE,quantile,0.025,1.068
19094,7 day R,2020-11-06,DE,quantile,0.975,1.36585
19094,7 day R,2020-11-07,DE,point,NA,1.2079
19094,7 day R,2020-11-07,DE,quantile,0.025,1.0598999999999998
19094,7 day R,2020-11-07,DE,quantile,0.975,1.3582
19094,7 day R,2020-11-08,DE,point,NA,1.1915
19094,7 day R,2020-11-08,DE,quantile,0.025,1.0423499999999999
19094,7 day R,2020-11-08,DE,quantile,0.975,1.34155
19094,7 day R,2020-11-09,DE,point,NA,1.1738
19094,7 day R,2020-11-09,DE,quantile,0.025,1.02435
19094,7 day R,2020-11-09,DE,quantile,0.975,1.3239
19094,7 day R,2020-11-10,DE,point,NA,1.14455
19094,7 day R,2020-11-10,DE,quantile,0.025,0.99455
19094,7 day R,2020-11-10,DE,quantile,0.975,1.29495
19094,7 day R,2020-11-11,DE,point,NA,1.11635
19094,7 day R,2020-11-11,DE,quantile,0.025,0.96745
19094,7 day R,2020-11-11,DE,quantile,0.975,1.2649
19094,7 day R,2020-11-12,DE,point,NA,1.09385
19094,7 day R,2020-11-12,DE,quantile,0.025,0.94555
19094,7 day R,2020-11-12,DE,quantile,0.975,1.2434500000000002
19094,7 day R,2020-11-13,DE,point,NA,1.0801500000000002
19094,7 day R,2020-11-13,DE,quantile,0.025,0.9287
19094,7 day R,2020-11-13,DE,quantile,0.975,1.2295500000000001
19094,7 day R,2020-11-14,DE,point,NA,1.0681
19094,7 day R,2020-11-14,DE,quantile,0.025,0.9171
19094,7 day R,2020-11-14,DE,quantile,0.975,1.2192500000000002
19094,7 day R,2020-11-15,DE,point,NA,1.0631
19094,7 day R,2020-11-15,DE,quantile,0.025,0.9132
19094,7 day R,2020-11-15,DE,quantile,0.975,1.21235
19094,7 day R,2020-11-16,DE,point,NA,1.0481500000000001
19094,7 day R,2020-11-16,DE,quantile,0.025,0.89815
19094,7 day R,2020-11-16,DE,quantile,0.975,1.1971
19094,7 day R,2020-11-17,DE,point,NA,1.0366
19094,7 day R,2020-11-17,DE,quantile,0.025,0.8877999999999999
19094,7 day R,2020-11-17,DE,quantile,0.975,1.1868
19094,7 day R,2020-11-18,DE,point,NA,1.0263
19094,7 day R,2020-11-18,DE,quantile,0.025,0.8766
19094,7 day R,2020-11-18,DE,quantile,0.975,1.17575
19094,7 day R,2020-11-19,DE,point,NA,1.0253
19094,7 day R,2020-11-19,DE,quantile,0.025,0.87555
19094,7 day R,2020-11-19,DE,quantile,0.975,1.1755
19094,7 day R,2020-11-20,DE,point,NA,1.02315
19094,7 day R,2020-11-20,DE,quantile,0.025,0.87195
19094,7 day R,2020-11-20,DE,quantile,0.975,1.1742
19094,7 day R,2020-11-21,DE,point,NA,1.02125
19094,7 day R,2020-11-21,DE,quantile,0.025,0.87215
19094,7 day R,2020-11-21,DE,quantile,0.975,1.1713
19094,7 day R,2020-11-22,DE,point,NA,1.0171999999999999
19094,7 day R,2020-11-22,DE,quantile,0.025,0.86755
19094,7 day R,2020-11-22,DE,quantile,0.975,1.1669
19094,7 day R,2020-11-23,DE,point,NA,1.0114
19094,7 day R,2020-11-23,DE,quantile,0.025,0.86265
19094,7 day R,2020-11-23,DE,quantile,0.975,1.16195
19094,7 day R,2020-11-24,DE,point,NA,1.0055
19094,7 day R,2020-11-24,DE,quantile,0.025,0.85535
19094,7 day R,2020-11-24,DE,quantile,0.975,1.15625
19094,7 day R,2020-11-25,DE,point,NA,1.00175
19094,7 day R,2020-11-25,DE,quantile,0.025,0.8522000000000001
19094,7 day R,2020-11-25,DE,quantile,0.975,1.1513
19094,7 day R,2020-11-26,DE,point,NA,0.9964500000000001
19094,7 day R,2020-11-26,DE,quantile,0.025,0.84575
19094,7 day R,2020-11-26,DE,quantile,0.975,1.1455
19094,7 day R,2020-11-27,DE,point,NA,0.9922
19094,7 day R,2020-11-27,DE,quantile,0.025,0.84135
19094,7 day R,2020-11-27,DE,quantile,0.975,1.1421999999999999
19094,7 day R,2020-11-28,DE,point,NA,0.9936
19094,7 day R,2020-11-28,DE,quantile,0.025,0.84365
19094,7 day R,2020-11-28,DE,quantile,0.975,1.14235
19094,7 day R,2020-11-29,DE,point,NA,0.99655
19094,7 day R,2020-11-29,DE,quantile,0.025,0.8479
19094,7 day R,2020-11-29,DE,quantile,0.975,1.1455
19094,7 day R,2020-11-30,DE,point,NA,1.0037
19094,7 day R,2020-11-30,DE,quantile,0.025,0.85355
19094,7 day R,2020-11-30,DE,quantile,0.975,1.1514000000000002
19094,7 day R,2020-12-01,DE,point,NA,1.0069
19094,7 day R,2020-12-01,DE,quantile,0.025,0.8573500000000001
19094,7 day R,2020-12-01,DE,quantile,0.975,1.15615
19094,7 day R,2020-12-02,DE,point,NA,1.00715
19094,7 day R,2020-12-02,DE,quantile,0.025,0.8566499999999999
19094,7 day R,2020-12-02,DE,quantile,0.975,1.1567
19094,7 day R,2020-12-03,DE,point,NA,1.0206499999999998
19094,7 day R,2020-12-03,DE,quantile,0.025,0.8705
19094,7 day R,2020-12-03,DE,quantile,0.975,1.1694499999999999
19094,7 day R,2020-12-04,DE,point,NA,1.0366499999999998
19094,7 day R,2020-12-04,DE,quantile,0.025,0.88705
19094,7 day R,2020-12-04,DE,quantile,0.975,1.1867999999999999
19094,7 day R,2020-12-05,DE,point,NA,1.0584500000000001
19094,7 day R,2020-12-05,DE,quantile,0.025,0.9088499999999999
19094,7 day R,2020-12-05,DE,quantile,0.975,1.20865
19094,7 day R,2020-12-06,DE,point,NA,1.0734
19094,7 day R,2020-12-06,DE,quantile,0.025,0.9232
19094,7 day R,2020-12-06,DE,quantile,0.975,1.2239499999999999
19094,7 day R,2020-12-07,DE,point,NA,1.0772499999999998
19094,7 day R,2020-12-07,DE,quantile,0.025,0.9286
19094,7 day R,2020-12-07,DE,quantile,0.975,1.2290999999999999
19094,7 day R,2020-12-08,DE,point,NA,1.08355
19094,7 day R,2020-12-08,DE,quantile,0.025,0.9339500000000001
19094,7 day R,2020-12-08,DE,quantile,0.975,1.23415
19094,7 day R,2020-12-09,DE,point,NA,1.0933
19094,7 day R,2020-12-09,DE,quantile,0.025,0.94275
19094,7 day R,2020-12-09,DE,quantile,0.975,1.2446000000000002
19094,7 day R,2020-12-10,DE,point,NA,1.11125
19094,7 day R,2020-12-10,DE,quantile,0.025,0.96055
19094,7 day R,2020-12-10,DE,quantile,0.975,1.26245
19094,7 day R,2020-12-11,DE,point,NA,1.1412499999999999
19094,7 day R,2020-12-11,DE,quantile,0.025,0.99165
19094,7 day R,2020-12-11,DE,quantile,0.975,1.2927
19094,7 day R,2020-12-12,DE,point,NA,1.1545
19094,7 day R,2020-12-12,DE,quantile,0.025,1.0047
19094,7 day R,2020-12-12,DE,quantile,0.975,1.30485
19094,7 day R,2020-12-13,DE,point,NA,1.14795
19094,7 day R,2020-12-13,DE,quantile,0.025,0.9973500000000001
19094,7 day R,2020-12-13,DE,quantile,0.975,1.29765
19094,7 day R,2020-12-14,DE,point,NA,1.1376499999999998
19094,7 day R,2020-12-14,DE,quantile,0.025,0.9885999999999999
19094,7 day R,2020-12-14,DE,quantile,0.975,1.287
19094,7 day R,2020-12-15,DE,point,NA,1.1245
19094,7 day R,2020-12-15,DE,quantile,0.025,0.9734499999999999
19094,7 day R,2020-12-15,DE,quantile,0.975,1.2736
19094,7 day R,2020-12-16,DE,point,NA,1.12815
19094,7 day R,2020-12-16,DE,quantile,0.025,0.97775
19094,7 day R,2020-12-16,DE,quantile,0.975,1.2779500000000001
19094,7 day R,2020-12-17,DE,point,NA,1.1170499999999999
19094,7 day R,2020-12-17,DE,quantile,0.025,0.96705
19094,7 day R,2020-12-17,DE,quantile,0.975,1.2662
19094,7 day R,2020-12-18,DE,point,NA,1.1282
19094,7 day R,2020-12-18,DE,quantile,0.025,0.97855
19094,7 day R,2020-12-18,DE,quantile,0.975,1.2781
19094,7 day R,2020-12-19,DE,point,NA,1.127
19094,7 day R,2020-12-19,DE,quantile,0.025,0.97685
19094,7 day R,2020-12-19,DE,quantile,0.975,1.27755
19094,7 day R,2020-12-20,DE,point,NA,1.1031499999999999
19094,7 day R,2020-12-20,DE,quantile,0.025,0.9534
19094,7 day R,2020-12-20,DE,quantile,0.975,1.2528000000000001
19094,7 day R,2020-12-21,DE,point,NA,1.0703
19094,7 day R,2020-12-21,DE,quantile,0.025,0.92015
19094,7 day R,2020-12-21,DE,quantile,0.975,1.2199499999999999
19094,7 day R,2020-12-22,DE,point,NA,1.0341
19094,7 day R,2020-12-22,DE,quantile,0.025,0.8833
19094,7 day R,2020-12-22,DE,quantile,0.975,1.1854
19094,7 day R,2020-12-23,DE,point,NA,0.9803
19094,7 day R,2020-12-23,DE,quantile,0.025,0.8304
19094,7 day R,2020-12-23,DE,quantile,0.975,1.1307
19094,7 day R,2020-12-24,DE,point,NA,0.9316500000000001
19094,7 day R,2020-12-24,DE,quantile,0.025,0.78205
19094,7 day R,2020-12-24,DE,quantile,0.975,1.0802
19094,7 day R,2020-12-25,DE,point,NA,0.87615
19094,7 day R,2020-12-25,DE,quantile,0.025,0.72525
19094,7 day R,2020-12-25,DE,quantile,0.975,1.0252
19094,7 day R,2020-12-26,DE,point,NA,0.84655
19094,7 day R,2020-12-26,DE,quantile,0.025,0.69455
19094,7 day R,2020-12-26,DE,quantile,0.975,0.99745
19094,7 day R,2020-12-27,DE,point,NA,0.86185
19094,7 day R,2020-12-27,DE,quantile,0.025,0.71175
19094,7 day R,2020-12-27,DE,quantile,0.975,1.0128
19094,7 day R,2020-12-28,DE,point,NA,0.88705
19094,7 day R,2020-12-28,DE,quantile,0.025,0.73615
19094,7 day R,2020-12-28,DE,quantile,0.975,1.0368499999999998
19094,7 day R,2020-12-29,DE,point,NA,0.91075
19094,7 day R,2020-12-29,DE,quantile,0.025,0.7616499999999999
19094,7 day R,2020-12-29,DE,quantile,0.975,1.06135
19094,7 day R,2020-12-30,DE,point,NA,0.9279999999999999
19094,7 day R,2020-12-30,DE,quantile,0.025,0.7778
19094,7 day R,2020-12-30,DE,quantile,0.975,1.0789
19094,7 day R,2020-12-31,DE,point,NA,0.9263999999999999
19094,7 day R,2020-12-31,DE,quantile,0.025,0.77765
19094,7 day R,2020-12-31,DE,quantile,0.975,1.0756999999999999
19094,7 day R,2021-01-01,DE,point,NA,0.881
19094,7 day R,2021-01-01,DE,quantile,0.025,0.73055
19094,7 day R,2021-01-01,DE,quantile,0.975,1.02915
19094,7 day R,2021-01-02,DE,point,NA,0.8572
19094,7 day R,2021-01-02,DE,quantile,0.025,0.70475
19094,7 day R,2021-01-02,DE,quantile,0.975,1.00745
19094,7 day R,2021-01-03,DE,point,NA,0.877
19094,7 day R,2021-01-03,DE,quantile,0.025,0.7264
19094,7 day R,2021-01-03,DE,quantile,0.975,1.02655
19094,7 day R,2021-01-04,DE,point,NA,0.9248000000000001
19094,7 day R,2021-01-04,DE,quantile,0.025,0.7738
19094,7 day R,2021-01-04,DE,quantile,0.975,1.0734
19094,7 day R,2021-01-05,DE,point,NA,0.97605
19094,7 day R,2021-01-05,DE,quantile,0.025,0.82585
19094,7 day R,2021-01-05,DE,quantile,0.975,1.1252
19094,7 day R,2021-01-06,DE,point,NA,1.02565
19094,7 day R,2021-01-06,DE,quantile,0.025,0.8745499999999999
19094,7 day R,2021-01-06,DE,quantile,0.975,1.17615
19094,7 day R,2021-01-07,DE,point,NA,1.06045
19094,7 day R,2021-01-07,DE,quantile,0.025,0.91035
19094,7 day R,2021-01-07,DE,quantile,0.975,1.2112
19094,7 day R,2021-01-08,DE,point,NA,1.09245
19094,7 day R,2021-01-08,DE,quantile,0.025,0.94275
19094,7 day R,2021-01-08,DE,quantile,0.975,1.2431999999999999
19094,7 day R,2021-01-09,DE,point,NA,1.0771000000000002
19094,7 day R,2021-01-09,DE,quantile,0.025,0.9272
19094,7 day R,2021-01-09,DE,quantile,0.975,1.2258499999999999
19094,7 day R,2021-01-10,DE,point,NA,1.04135
19094,7 day R,2021-01-10,DE,quantile,0.025,0.89165
19094,7 day R,2021-01-10,DE,quantile,0.975,1.19075
19094,7 day R,2021-01-11,DE,point,NA,1.01055
19094,7 day R,2021-01-11,DE,quantile,0.025,0.86095
19094,7 day R,2021-01-11,DE,quantile,0.975,1.16125
19094,7 day R,2021-01-12,DE,point,NA,0.9783999999999999
19094,7 day R,2021-01-12,DE,quantile,0.025,0.8282
19094,7 day R,2021-01-12,DE,quantile,0.975,1.12675
19094,7 day R,2021-01-13,DE,point,NA,0.9493499999999999
19094,7 day R,2021-01-13,DE,quantile,0.025,0.80055
19094,7 day R,2021-01-13,DE,quantile,0.975,1.09715
19094,7 day R,2021-01-14,DE,point,NA,0.92445
19094,7 day R,2021-01-14,DE,quantile,0.025,0.7758
19094,7 day R,2021-01-14,DE,quantile,0.975,1.0738500000000002
19094,7 day R,2021-01-15,DE,point,NA,0.9037
19094,7 day R,2021-01-15,DE,quantile,0.025,0.75525
19094,7 day R,2021-01-15,DE,quantile,0.975,1.0531000000000001
19094,7 day R,2021-01-16,DE,point,NA,0.8927
19094,7 day R,2021-01-16,DE,quantile,0.025,0.7448
19094,7 day R,2021-01-16,DE,quantile,0.975,1.0443
19094,7 day R,2021-01-17,DE,point,NA,0.8816999999999999
19094,7 day R,2021-01-17,DE,quantile,0.025,0.7337
19094,7 day R,2021-01-17,DE,quantile,0.975,1.0306
19094,7 day R,2021-01-18,DE,point,NA,0.8731500000000001
19094,7 day R,2021-01-18,DE,quantile,0.025,0.72365
19094,7 day R,2021-01-18,DE,quantile,0.975,1.02155
19094,7 day R,2021-01-19,DE,point,NA,0.8734500000000001
19094,7 day R,2021-01-19,DE,quantile,0.025,0.7251000000000001
19094,7 day R,2021-01-19,DE,quantile,0.975,1.0230000000000001
19094,7 day R,2021-01-20,DE,point,NA,0.8587
19094,7 day R,2021-01-20,DE,quantile,0.025,0.7088
19094,7 day R,2021-01-20,DE,quantile,0.975,1.00805
19094,7 day R,2021-01-21,DE,point,NA,0.8452500000000001
19094,7 day R,2021-01-21,DE,quantile,0.025,0.69465
19094,7 day R,2021-01-21,DE,quantile,0.975,0.9944
19094,7 day R,2021-01-22,DE,point,NA,0.8409
19094,7 day R,2021-01-22,DE,quantile,0.025,0.6917
19094,7 day R,2021-01-22,DE,quantile,0.975,0.9916499999999999
19094,7 day R,2021-01-23,DE,point,NA,0.8452
19094,7 day R,2021-01-23,DE,quantile,0.025,0.6963999999999999
19094,7 day R,2021-01-23,DE,quantile,0.975,0.9957
19094,7 day R,2021-01-24,DE,point,NA,0.8416
19094,7 day R,2021-01-24,DE,quantile,0.025,0.6922
19094,7 day R,2021-01-24,DE,quantile,0.975,0.9915499999999999
19094,7 day R,2021-01-25,DE,point,NA,0.83355
19094,7 day R,2021-01-25,DE,quantile,0.025,0.6842
19094,7 day R,2021-01-25,DE,quantile,0.975,0.9824
19094,7 day R,2021-01-26,DE,point,NA,0.82395
19094,7 day R,2021-01-26,DE,quantile,0.025,0.6730499999999999
19094,7 day R,2021-01-26,DE,quantile,0.975,0.9734
19094,7 day R,2021-01-27,DE,point,NA,0.8226
19094,7 day R,2021-01-27,DE,quantile,0.025,0.67345
19094,7 day R,2021-01-27,DE,quantile,0.975,0.9700500000000001
19094,7 day R,2021-01-28,DE,point,NA,0.8173999999999999
19094,7 day R,2021-01-28,DE,quantile,0.025,0.6673
19094,7 day R,2021-01-28,DE,quantile,0.975,0.9651000000000001
19094,7 day R,2021-01-29,DE,point,NA,0.8119000000000001
19094,7 day R,2021-01-29,DE,quantile,0.025,0.6614
19094,7 day R,2021-01-29,DE,quantile,0.975,0.9612499999999999
19094,7 day R,2021-01-30,DE,point,NA,0.81955
19094,7 day R,2021-01-30,DE,quantile,0.025,0.6701999999999999
19094,7 day R,2021-01-30,DE,quantile,0.975,0.9686
19094,7 day R,2021-01-31,DE,point,NA,0.83155
19094,7 day R,2021-01-31,DE,quantile,0.025,0.68285
19094,7 day R,2021-01-31,DE,quantile,0.975,0.9815499999999999
19094,7 day R,2021-02-01,DE,point,NA,0.82945
19094,7 day R,2021-02-01,DE,quantile,0.025,0.67825
19094,7 day R,2021-02-01,DE,quantile,0.975,0.9796
19094,7 day R,2021-02-02,DE,point,NA,0.8236000000000001
19094,7 day R,2021-02-02,DE,quantile,0.025,0.6737
19094,7 day R,2021-02-02,DE,quantile,0.975,0.9731000000000001
19094,7 day R,2021-02-03,DE,point,NA,0.8108
19094,7 day R,2021-02-03,DE,quantile,0.025,0.6588
19094,7 day R,2021-02-03,DE,quantile,0.975,0.96105
19094,7 day R,2021-02-04,DE,point,NA,0.80995
19094,7 day R,2021-02-04,DE,quantile,0.025,0.6597
19094,7 day R,2021-02-04,DE,quantile,0.975,0.96165
19094,7 day R,2021-02-05,DE,point,NA,0.81165
19094,7 day R,2021-02-05,DE,quantile,0.025,0.6623
19094,7 day R,2021-02-05,DE,quantile,0.975,0.9631
19094,7 day R,2021-02-06,DE,point,NA,0.8088500000000001
19094,7 day R,2021-02-06,DE,quantile,0.025,0.65925
19094,7 day R,2021-02-06,DE,quantile,0.975,0.95985
19094,7 day R,2021-02-07,DE,point,NA,0.8068
19094,7 day R,2021-02-07,DE,quantile,0.025,0.6573
19094,7 day R,2021-02-07,DE,quantile,0.975,0.9580500000000001
19094,7 day R,2021-02-08,DE,point,NA,0.79775
19094,7 day R,2021-02-08,DE,quantile,0.025,0.64815
19094,7 day R,2021-02-08,DE,quantile,0.975,0.9484999999999999
19094,7 day R,2021-02-09,DE,point,NA,0.78365
19094,7 day R,2021-02-09,DE,quantile,0.025,0.6329
19094,7 day R,2021-02-09,DE,quantile,0.975,0.9336
19094,7 day R,2021-02-10,DE,point,NA,0.7761
19094,7 day R,2021-02-10,DE,quantile,0.025,0.6252500000000001
19094,7 day R,2021-02-10,DE,quantile,0.975,0.9252
19094,7 day R,2021-02-11,DE,point,NA,0.7743
19094,7 day R,2021-02-11,DE,quantile,0.025,0.6226
19094,7 day R,2021-02-11,DE,quantile,0.975,0.9256
19094,7 day R,2021-02-12,DE,point,NA,0.79135
19094,7 day R,2021-02-12,DE,quantile,0.025,0.6414
19094,7 day R,2021-02-12,DE,quantile,0.975,0.9419500000000001
19094,7 day R,2021-02-13,DE,point,NA,0.8093
19094,7 day R,2021-02-13,DE,quantile,0.025,0.6588
19094,7 day R,2021-02-13,DE,quantile,0.975,0.9601999999999999
19094,7 day R,2021-02-14,DE,point,NA,0.83155
19094,7 day R,2021-02-14,DE,quantile,0.025,0.6807000000000001
19094,7 day R,2021-02-14,DE,quantile,0.975,0.98335
19094,7 day R,2021-02-15,DE,point,NA,0.86165
19094,7 day R,2021-02-15,DE,quantile,0.025,0.7119
19094,7 day R,2021-02-15,DE,quantile,0.975,1.0112
19094,7 day R,2021-02-16,DE,point,NA,0.8806499999999999
19094,7 day R,2021-02-16,DE,quantile,0.025,0.7303
19094,7 day R,2021-02-16,DE,quantile,0.975,1.0312999999999999
19094,7 day R,2021-02-17,DE,point,NA,0.89235
19094,7 day R,2021-02-17,DE,quantile,0.025,0.7413000000000001
19094,7 day R,2021-02-17,DE,quantile,0.975,1.0428
19094,7 day R,2021-02-18,DE,point,NA,0.90675
19094,7 day R,2021-02-18,DE,quantile,0.025,0.7562500000000001
19094,7 day R,2021-02-18,DE,quantile,0.975,1.0586
19094,7 day R,2021-02-19,DE,point,NA,0.9299999999999999
19094,7 day R,2021-02-19,DE,quantile,0.025,0.78
19094,7 day R,2021-02-19,DE,quantile,0.975,1.07965
19094,7 day R,2021-02-20,DE,point,NA,0.95865
19094,7 day R,2021-02-20,DE,quantile,0.025,0.8069
19094,7 day R,2021-02-20,DE,quantile,0.975,1.10965
19094,7 day R,2021-02-21,DE,point,NA,0.9796
19094,7 day R,2021-02-21,DE,quantile,0.025,0.8303499999999999
19094,7 day R,2021-02-21,DE,quantile,0.975,1.13045
19094,7 day R,2021-02-22,DE,point,NA,0.9901500000000001
19094,7 day R,2021-02-22,DE,quantile,0.025,0.8424
19094,7 day R,2021-02-22,DE,quantile,0.975,1.1391499999999999
19094,7 day R,2021-02-23,DE,point,NA,1.0023499999999999
19094,7 day R,2021-02-23,DE,quantile,0.025,0.8533999999999999
19094,7 day R,2021-02-23,DE,quantile,0.975,1.1509
19094,7 day R,2021-02-24,DE,point,NA,1.01515
19094,7 day R,2021-02-24,DE,quantile,0.025,0.86635
19094,7 day R,2021-02-24,DE,quantile,0.975,1.1634
19094,7 day R,2021-02-25,DE,point,NA,1.0295999999999998
19094,7 day R,2021-02-25,DE,quantile,0.025,0.87955
19094,7 day R,2021-02-25,DE,quantile,0.975,1.17795
19094,7 day R,2021-02-26,DE,point,NA,1.03295
19094,7 day R,2021-02-26,DE,quantile,0.025,0.8835999999999999
19094,7 day R,2021-02-26,DE,quantile,0.975,1.1825
19094,7 day R,2021-02-27,DE,point,NA,1.0385
19094,7 day R,2021-02-27,DE,quantile,0.025,0.8888499999999999
19094,7 day R,2021-02-27,DE,quantile,0.975,1.1878
19094,7 day R,2021-02-28,DE,point,NA,1.0397500000000002
19094,7 day R,2021-02-28,DE,quantile,0.025,0.8909499999999999
19094,7 day R,2021-02-28,DE,quantile,0.975,1.18955
19094,7 day R,2021-03-01,DE,point,NA,1.041
19094,7 day R,2021-03-01,DE,quantile,0.025,0.89185
19094,7 day R,2021-03-01,DE,quantile,0.975,1.1900499999999998
19094,7 day R,2021-03-02,DE,point,NA,1.0441500000000001
19094,7 day R,2021-03-02,DE,quantile,0.025,0.89445
19094,7 day R,2021-03-02,DE,quantile,0.975,1.1942
19094,7 day R,2021-03-03,DE,point,NA,1.049
19094,7 day R,2021-03-03,DE,quantile,0.025,0.9004000000000001
19094,7 day R,2021-03-03,DE,quantile,0.975,1.1990500000000002
19094,7 day R,2021-03-04,DE,point,NA,1.045
19094,7 day R,2021-03-04,DE,quantile,0.025,0.89645
19094,7 day R,2021-03-04,DE,quantile,0.975,1.19415
19094,7 day R,2021-03-05,DE,point,NA,1.0464
19094,7 day R,2021-03-05,DE,quantile,0.025,0.89715
19094,7 day R,2021-03-05,DE,quantile,0.975,1.1953999999999998
19094,7 day R,2021-03-06,DE,point,NA,1.05045
19094,7 day R,2021-03-06,DE,quantile,0.025,0.8997999999999999
19094,7 day R,2021-03-06,DE,quantile,0.975,1.1999499999999999
19094,7 day R,2021-03-07,DE,point,NA,1.06405
19094,7 day R,2021-03-07,DE,quantile,0.025,0.9143
19094,7 day R,2021-03-07,DE,quantile,0.975,1.2128
19094,7 day R,2021-03-08,DE,point,NA,1.0817999999999999
19094,7 day R,2021-03-08,DE,quantile,0.025,0.9324
19094,7 day R,2021-03-08,DE,quantile,0.975,1.2306
19094,7 day R,2021-03-09,DE,point,NA,1.1026
19094,7 day R,2021-03-09,DE,quantile,0.025,0.9529000000000001
19094,7 day R,2021-03-09,DE,quantile,0.975,1.252
19094,7 day R,2021-03-10,DE,point,NA,1.12815
19094,7 day R,2021-03-10,DE,quantile,0.025,0.9780500000000001
19094,7 day R,2021-03-10,DE,quantile,0.975,1.2797999999999998
19094,7 day R,2021-03-11,DE,point,NA,1.1618499999999998
19094,7 day R,2021-03-11,DE,quantile,0.025,1.01305
19094,7 day R,2021-03-11,DE,quantile,0.975,1.3121999999999998
19094,7 day R,2021-03-12,DE,point,NA,1.17835
19094,7 day R,2021-03-12,DE,quantile,0.025,1.028
19094,7 day R,2021-03-12,DE,quantile,0.975,1.3284500000000001
19094,7 day R,2021-03-13,DE,point,NA,1.19235
19094,7 day R,2021-03-13,DE,quantile,0.025,1.0419999999999998
19094,7 day R,2021-03-13,DE,quantile,0.975,1.3418999999999999
19094,7 day R,2021-03-14,DE,point,NA,1.19935
19094,7 day R,2021-03-14,DE,quantile,0.025,1.0483
19094,7 day R,2021-03-14,DE,quantile,0.975,1.34935
19094,7 day R,2021-03-15,DE,point,NA,1.20505
19094,7 day R,2021-03-15,DE,quantile,0.025,1.0542500000000001
19094,7 day R,2021-03-15,DE,quantile,0.975,1.35445
19094,7 day R,2021-03-16,DE,point,NA,1.2177
19094,7 day R,2021-03-16,DE,quantile,0.025,1.06725
19094,7 day R,2021-03-16,DE,quantile,0.975,1.36805
19094,7 day R,2021-03-17,DE,point,NA,1.24245
19094,7 day R,2021-03-17,DE,quantile,0.025,1.09275
19094,7 day R,2021-03-17,DE,quantile,0.975,1.39225
19094,7 day R,2021-03-18,DE,point,NA,1.2483
19094,7 day R,2021-03-18,DE,quantile,0.025,1.0992000000000002
19094,7 day R,2021-03-18,DE,quantile,0.975,1.39935
19094,7 day R,2021-03-19,DE,point,NA,1.25095
19094,7 day R,2021-03-19,DE,quantile,0.025,1.1008
19094,7 day R,2021-03-19,DE,quantile,0.975,1.4002
19094,7 day R,2021-03-20,DE,point,NA,1.2414
19094,7 day R,2021-03-20,DE,quantile,0.025,1.0914
19094,7 day R,2021-03-20,DE,quantile,0.975,1.3917000000000002
19094,7 day R,2021-03-21,DE,point,NA,1.2303
19094,7 day R,2021-03-21,DE,quantile,0.025,1.0794
19094,7 day R,2021-03-21,DE,quantile,0.975,1.3799000000000001
19094,7 day R,2021-03-22,DE,point,NA,1.22075
19094,7 day R,2021-03-22,DE,quantile,0.025,1.07015
19094,7 day R,2021-03-22,DE,quantile,0.975,1.3700999999999999
19094,7 day R,2021-03-23,DE,point,NA,1.2268
19094,7 day R,2021-03-23,DE,quantile,0.025,1.0766499999999999
19094,7 day R,2021-03-23,DE,quantile,0.975,1.37635
19094,7 day R,2021-03-24,DE,point,NA,1.2404000000000002
19094,7 day R,2021-03-24,DE,quantile,0.025,1.0912
19094,7 day R,2021-03-24,DE,quantile,0.975,1.3908
19094,7 day R,2021-03-25,DE,point,NA,1.2468
19094,7 day R,2021-03-25,DE,quantile,0.025,1.0970499999999999
19094,7 day R,2021-03-25,DE,quantile,0.975,1.3966
19094,7 day R,2021-03-26,DE,point,NA,1.23855
19094,7 day R,2021-03-26,DE,quantile,0.025,1.0891
19094,7 day R,2021-03-26,DE,quantile,0.975,1.38875
19094,7 day R,2021-03-27,DE,point,NA,1.22295
19094,7 day R,2021-03-27,DE,quantile,0.025,1.07225
19094,7 day R,2021-03-27,DE,quantile,0.975,1.37465
19094,7 day R,2021-03-28,DE,point,NA,1.19875
19094,7 day R,2021-03-28,DE,quantile,0.025,1.0483
19094,7 day R,2021-03-28,DE,quantile,0.975,1.34945
19094,7 day R,2021-03-29,DE,point,NA,1.16595
19094,7 day R,2021-03-29,DE,quantile,0.025,1.0161
19094,7 day R,2021-03-29,DE,quantile,0.975,1.3157999999999999
19094,7 day R,2021-03-30,DE,point,NA,1.1393499999999999
19094,7 day R,2021-03-30,DE,quantile,0.025,0.991
19094,7 day R,2021-03-30,DE,quantile,0.975,1.2898
19094,7 day R,2021-03-31,DE,point,NA,1.1106500000000001
19094,7 day R,2021-03-31,DE,quantile,0.025,0.96045
19094,7 day R,2021-03-31,DE,quantile,0.975,1.2608000000000001
19094,7 day R,2021-04-01,DE,point,NA,1.07885
19094,7 day R,2021-04-01,DE,quantile,0.025,0.92885
19094,7 day R,2021-04-01,DE,quantile,0.975,1.229
19094,7 day R,2021-04-02,DE,point,NA,1.0425
19094,7 day R,2021-04-02,DE,quantile,0.025,0.8935
19094,7 day R,2021-04-02,DE,quantile,0.975,1.1914
19094,7 day R,2021-04-03,DE,point,NA,1.01045
19094,7 day R,2021-04-03,DE,quantile,0.025,0.8599
19094,7 day R,2021-04-03,DE,quantile,0.975,1.1605
19094,7 day R,2021-04-04,DE,point,NA,0.9895499999999999
19094,7 day R,2021-04-04,DE,quantile,0.025,0.8394999999999999
19094,7 day R,2021-04-04,DE,quantile,0.975,1.1392000000000002
19094,7 day R,2021-04-05,DE,point,NA,0.9864999999999999
19094,7 day R,2021-04-05,DE,quantile,0.025,0.8348
19094,7 day R,2021-04-05,DE,quantile,0.975,1.138
19094,7 day R,2021-04-06,DE,point,NA,0.98485
19094,7 day R,2021-04-06,DE,quantile,0.025,0.83265
19094,7 day R,2021-04-06,DE,quantile,0.975,1.1354000000000002
19094,7 day R,2021-04-07,DE,point,NA,0.9922
19094,7 day R,2021-04-07,DE,quantile,0.025,0.8393999999999999
19094,7 day R,2021-04-07,DE,quantile,0.975,1.1436000000000002
19094,7 day R,2021-04-08,DE,point,NA,1.0614
19094,7 day R,2021-04-08,DE,quantile,0.025,0.9099999999999999
19094,7 day R,2021-04-08,DE,quantile,0.975,1.21255
19094,7 day R,2021-04-09,DE,point,NA,1.1440000000000001
19094,7 day R,2021-04-09,DE,quantile,0.025,0.9935
19094,7 day R,2021-04-09,DE,quantile,0.975,1.2938
19094,7 day R,2021-04-10,DE,point,NA,1.1827999999999999
19094,7 day R,2021-04-10,DE,quantile,0.025,1.0324499999999999
19094,7 day R,2021-04-10,DE,quantile,0.975,1.33435
19094,7 day R,2021-04-11,DE,point,NA,1.1873
19094,7 day R,2021-04-11,DE,quantile,0.025,1.03765
19094,7 day R,2021-04-11,DE,quantile,0.975,1.3385500000000001
19094,7 day R,2021-04-12,DE,point,NA,1.1863
19094,7 day R,2021-04-12,DE,quantile,0.025,1.03745
19094,7 day R,2021-04-12,DE,quantile,0.975,1.3357
19094,7 day R,2021-04-13,DE,point,NA,1.1797499999999999
19094,7 day R,2021-04-13,DE,quantile,0.025,1.02885
19094,7 day R,2021-04-13,DE,quantile,0.975,1.33075
19094,7 day R,2021-04-14,DE,point,NA,1.17655
19094,7 day R,2021-04-14,DE,quantile,0.025,1.0269
19094,7 day R,2021-04-14,DE,quantile,0.975,1.3269
19094,7 day R,2021-04-15,DE,point,NA,1.1623000000000001
19094,7 day R,2021-04-15,DE,quantile,0.025,1.0121
19094,7 day R,2021-04-15,DE,quantile,0.975,1.3130000000000002
19094,7 day R,2021-04-16,DE,point,NA,1.13455
19094,7 day R,2021-04-16,DE,quantile,0.025,0.98535
19094,7 day R,2021-04-16,DE,quantile,0.975,1.2847499999999998
19094,7 day R,2021-04-17,DE,point,NA,1.1172
19094,7 day R,2021-04-17,DE,quantile,0.025,0.9669
19094,7 day R,2021-04-17,DE,quantile,0.975,1.2667000000000002
19094,7 day R,2021-04-18,DE,point,NA,1.10175
19094,7 day R,2021-04-18,DE,quantile,0.025,0.95195
19094,7 day R,2021-04-18,DE,quantile,0.975,1.2526
19094,7 day R,2021-04-19,DE,point,NA,1.08775
19094,7 day R,2021-04-19,DE,quantile,0.025,0.9372499999999999
19094,7 day R,2021-04-19,DE,quantile,0.975,1.23645
19094,7 day R,2021-04-20,DE,point,NA,1.0848499999999999
19094,7 day R,2021-04-20,DE,quantile,0.025,0.93535
19094,7 day R,2021-04-20,DE,quantile,0.975,1.2352
19094,7 day R,2021-04-21,DE,point,NA,1.093
19094,7 day R,2021-04-21,DE,quantile,0.025,0.94345
19094,7 day R,2021-04-21,DE,quantile,0.975,1.24235
19094,7 day R,2021-04-22,DE,point,NA,1.07985
19094,7 day R,2021-04-22,DE,quantile,0.025,0.92945
19094,7 day R,2021-04-22,DE,quantile,0.975,1.2295500000000001
19094,7 day R,2021-04-23,DE,point,NA,1.0602
19094,7 day R,2021-04-23,DE,quantile,0.025,0.9109
19094,7 day R,2021-04-23,DE,quantile,0.975,1.2102
19094,7 day R,2021-04-24,DE,point,NA,1.0388
19094,7 day R,2021-04-24,DE,quantile,0.025,0.8884
19094,7 day R,2021-04-24,DE,quantile,0.975,1.1897
19094,7 day R,2021-04-25,DE,point,NA,1.0189
19094,7 day R,2021-04-25,DE,quantile,0.025,0.8711500000000001
19094,7 day R,2021-04-25,DE,quantile,0.975,1.1678
19094,7 day R,2021-04-26,DE,point,NA,1.002
19094,7 day R,2021-04-26,DE,quantile,0.025,0.85375
19094,7 day R,2021-04-26,DE,quantile,0.975,1.1512
19094,7 day R,2021-04-27,DE,point,NA,0.9857
19094,7 day R,2021-04-27,DE,quantile,0.025,0.8367
19094,7 day R,2021-04-27,DE,quantile,0.975,1.13425
19094,7 day R,2021-04-28,DE,point,NA,0.9618
19094,7 day R,2021-04-28,DE,quantile,0.025,0.81385
19094,7 day R,2021-04-28,DE,quantile,0.975,1.1103
19094,7 day R,2021-04-29,DE,point,NA,0.93545
19094,7 day R,2021-04-29,DE,quantile,0.025,0.78485
19094,7 day R,2021-04-29,DE,quantile,0.975,1.08375
19094,7 day R,2021-04-30,DE,point,NA,0.9237
19094,7 day R,2021-04-30,DE,quantile,0.025,0.77525
19094,7 day R,2021-04-30,DE,quantile,0.975,1.07385
19094,7 day R,2021-05-01,DE,point,NA,0.9077
19094,7 day R,2021-05-01,DE,quantile,0.025,0.7578
19094,7 day R,2021-05-01,DE,quantile,0.975,1.05805
19094,7 day R,2021-05-02,DE,point,NA,0.8962
19094,7 day R,2021-05-02,DE,quantile,0.025,0.7441
19094,7 day R,2021-05-02,DE,quantile,0.975,1.0466
19094,7 day R,2021-05-03,DE,point,NA,0.8832
19094,7 day R,2021-05-03,DE,quantile,0.025,0.73335
19094,7 day R,2021-05-03,DE,quantile,0.975,1.0345499999999999
19094,7 day R,2021-05-04,DE,point,NA,0.8705
19094,7 day R,2021-05-04,DE,quantile,0.025,0.72
19094,7 day R,2021-05-04,DE,quantile,0.975,1.0224
19094,7 day R,2021-05-05,DE,point,NA,0.8597999999999999
19094,7 day R,2021-05-05,DE,quantile,0.025,0.7099
19094,7 day R,2021-05-05,DE,quantile,0.975,1.01055
19094,7 day R,2021-05-06,DE,point,NA,0.8497
19094,7 day R,2021-05-06,DE,quantile,0.025,0.70025
19094,7 day R,2021-05-06,DE,quantile,0.975,0.9982500000000001
19094,7 day R,2021-05-07,DE,point,NA,0.83885
19094,7 day R,2021-05-07,DE,quantile,0.025,0.6896500000000001
19094,7 day R,2021-05-07,DE,quantile,0.975,0.9873000000000001
19094,7 day R,2021-05-08,DE,point,NA,0.8309
19094,7 day R,2021-05-08,DE,quantile,0.025,0.6804
19094,7 day R,2021-05-08,DE,quantile,0.975,0.98195
19094,7 day R,2021-05-09,DE,point,NA,0.8181
19094,7 day R,2021-05-09,DE,quantile,0.025,0.6674500000000001
19094,7 day R,2021-05-09,DE,quantile,0.975,0.96855
19094,7 day R,2021-05-10,DE,point,NA,0.8057
19094,7 day R,2021-05-10,DE,quantile,0.025,0.6557
19094,7 day R,2021-05-10,DE,quantile,0.975,0.9542999999999999
19094,7 day R,2021-05-11,DE,point,NA,0.79335
19094,7 day R,2021-05-11,DE,quantile,0.025,0.6443
19094,7 day R,2021-05-11,DE,quantile,0.975,0.9420999999999999
19094,7 day R,2021-05-12,DE,point,NA,0.7761
19094,7 day R,2021-05-12,DE,quantile,0.025,0.6268
19094,7 day R,2021-05-12,DE,quantile,0.975,0.9269499999999999
19094,7 day R,2021-05-13,DE,point,NA,0.7476
19094,7 day R,2021-05-13,DE,quantile,0.025,0.59615
19094,7 day R,2021-05-13,DE,quantile,0.975,0.89815
19094,7 day R,2021-05-14,DE,point,NA,0.7131000000000001
19094,7 day R,2021-05-14,DE,quantile,0.025,0.56325
19094,7 day R,2021-05-14,DE,quantile,0.975,0.8646
19094,7 day R,2021-05-15,DE,point,NA,0.7019
19094,7 day R,2021-05-15,DE,quantile,0.025,0.5519499999999999
19094,7 day R,2021-05-15,DE,quantile,0.975,0.8517
19094,7 day R,2021-05-16,DE,point,NA,0.71585
19094,7 day R,2021-05-16,DE,quantile,0.025,0.56795
19094,7 day R,2021-05-16,DE,quantile,0.975,0.8656999999999999
19094,7 day R,2021-05-17,DE,point,NA,0.73065
19094,7 day R,2021-05-17,DE,quantile,0.025,0.5811999999999999
19094,7 day R,2021-05-17,DE,quantile,0.975,0.8815
19094,7 day R,2021-05-18,DE,point,NA,0.7338
19094,7 day R,2021-05-18,DE,quantile,0.025,0.5847
19094,7 day R,2021-05-18,DE,quantile,0.975,0.8834
19094,7 day R,2021-05-19,DE,point,NA,0.7323
19094,7 day R,2021-05-19,DE,quantile,0.025,0.58265
19094,7 day R,2021-05-19,DE,quantile,0.975,0.8826499999999999
19094,7 day R,2021-05-20,DE,point,NA,0.7111000000000001
19094,7 day R,2021-05-20,DE,quantile,0.025,0.5606
19094,7 day R,2021-05-20,DE,quantile,0.975,0.8607
19094,7 day R,2021-05-21,DE,point,NA,0.6844
19094,7 day R,2021-05-21,DE,quantile,0.025,0.53355
19094,7 day R,2021-05-21,DE,quantile,0.975,0.8343
19094,7 day R,2021-05-22,DE,point,NA,0.66995
19094,7 day R,2021-05-22,DE,quantile,0.025,0.51895
19094,7 day R,2021-05-22,DE,quantile,0.975,0.82065
19094,7 day R,2021-05-23,DE,point,NA,0.65325
19094,7 day R,2021-05-23,DE,quantile,0.025,0.50295
19094,7 day R,2021-05-23,DE,quantile,0.975,0.8036
19094,7 day R,2021-05-24,DE,point,NA,0.6233500000000001
19094,7 day R,2021-05-24,DE,quantile,0.025,0.4735
19094,7 day R,2021-05-24,DE,quantile,0.975,0.7742
19094,7 day R,2021-05-25,DE,point,NA,0.589
19094,7 day R,2021-05-25,DE,quantile,0.025,0.43775
19094,7 day R,2021-05-25,DE,quantile,0.975,0.7377
19094,7 day R,2021-05-26,DE,point,NA,0.5613
19094,7 day R,2021-05-26,DE,quantile,0.025,0.40954999999999997
19094,7 day R,2021-05-26,DE,quantile,0.975,0.71055
19094,7 day R,2021-05-27,DE,point,NA,0.5991500000000001
19094,7 day R,2021-05-27,DE,quantile,0.025,0.44889999999999997
19094,7 day R,2021-05-27,DE,quantile,0.975,0.747
19094,7 day R,2021-05-28,DE,point,NA,0.651
19094,7 day R,2021-05-28,DE,quantile,0.025,0.50055
19094,7 day R,2021-05-28,DE,quantile,0.975,0.79965
19094,7 day R,2021-05-29,DE,point,NA,0.6663
19094,7 day R,2021-05-29,DE,quantile,0.025,0.51615
19094,7 day R,2021-05-29,DE,quantile,0.975,0.8156
19094,7 day R,2021-05-30,DE,point,NA,0.6609
19094,7 day R,2021-05-30,DE,quantile,0.025,0.5108999999999999
19094,7 day R,2021-05-30,DE,quantile,0.975,0.81175
19094,7 day R,2021-05-31,DE,point,NA,0.65445
19094,7 day R,2021-05-31,DE,quantile,0.025,0.5052
19094,7 day R,2021-05-31,DE,quantile,0.975,0.8045
19094,7 day R,2021-06-01,DE,point,NA,0.6427499999999999
19094,7 day R,2021-06-01,DE,quantile,0.025,0.49345
19094,7 day R,2021-06-01,DE,quantile,0.975,0.7917
19094,7 day R,2021-06-02,DE,point,NA,0.6293
19094,7 day R,2021-06-02,DE,quantile,0.025,0.4783
19094,7 day R,2021-06-02,DE,quantile,0.975,0.77965
19094,7 day R,2021-06-03,DE,point,NA,0.60025
19094,7 day R,2021-06-03,DE,quantile,0.025,0.45055
19094,7 day R,2021-06-03,DE,quantile,0.975,0.75025
19094,7 day R,2021-06-04,DE,point,NA,0.5789500000000001
19094,7 day R,2021-06-04,DE,quantile,0.025,0.42775
19094,7 day R,2021-06-04,DE,quantile,0.975,0.7291
19094,7 day R,2021-06-05,DE,point,NA,0.5811
19094,7 day R,2021-06-05,DE,quantile,0.025,0.43005
19094,7 day R,2021-06-05,DE,quantile,0.975,0.7312
19094,7 day R,2021-06-06,DE,point,NA,0.5999
19094,7 day R,2021-06-06,DE,quantile,0.025,0.4493
19094,7 day R,2021-06-06,DE,quantile,0.975,0.75065
19094,7 day R,2021-06-07,DE,point,NA,0.61275
19094,7 day R,2021-06-07,DE,quantile,0.025,0.4624
19094,7 day R,2021-06-07,DE,quantile,0.975,0.76375
19094,7 day R,2021-06-08,DE,point,NA,0.61805
19094,7 day R,2021-06-08,DE,quantile,0.025,0.4673
19094,7 day R,2021-06-08,DE,quantile,0.975,0.7683
19094,7 day R,2021-06-09,DE,point,NA,0.6191
19094,7 day R,2021-06-09,DE,quantile,0.025,0.46809999999999996
19094,7 day R,2021-06-09,DE,quantile,0.975,0.7704500000000001
19094,7 day R,2021-06-10,DE,point,NA,0.6066499999999999
19094,7 day R,2021-06-10,DE,quantile,0.025,0.45599999999999996
19094,7 day R,2021-06-10,DE,quantile,0.975,0.75735
19094,7 day R,2021-06-11,DE,point,NA,0.59205
19094,7 day R,2021-06-11,DE,quantile,0.025,0.44155
19094,7 day R,2021-06-11,DE,quantile,0.975,0.7425999999999999
19094,7 day R,2021-06-12,DE,point,NA,0.57915
19094,7 day R,2021-06-12,DE,quantile,0.025,0.42684999999999995
19094,7 day R,2021-06-12,DE,quantile,0.975,0.7293499999999999
19094,7 day R,2021-06-13,DE,point,NA,0.56525
19094,7 day R,2021-06-13,DE,quantile,0.025,0.41535
19094,7 day R,2021-06-13,DE,quantile,0.975,0.7152000000000001
19094,7 day R,2021-06-14,DE,point,NA,0.5466
19094,7 day R,2021-06-14,DE,quantile,0.025,0.3952
19094,7 day R,2021-06-14,DE,quantile,0.975,0.69655
19094,7 day R,2021-06-15,DE,point,NA,0.5166
19094,7 day R,2021-06-15,DE,quantile,0.025,0.36555
19094,7 day R,2021-06-15,DE,quantile,0.975,0.6683
19094,7 day R,2021-06-16,DE,point,NA,0.48235
19094,7 day R,2021-06-16,DE,quantile,0.025,0.33005
19094,7 day R,2021-06-16,DE,quantile,0.975,0.633
19094,7 day R,2021-06-17,DE,point,NA,0.4685
19094,7 day R,2021-06-17,DE,quantile,0.025,0.31575
19094,7 day R,2021-06-17,DE,quantile,0.975,0.61985
19094,7 day R,2021-06-18,DE,point,NA,0.48424999999999996
19094,7 day R,2021-06-18,DE,quantile,0.025,0.3338
19094,7 day R,2021-06-18,DE,quantile,0.975,0.63445
19094,7 day R,2021-06-19,DE,point,NA,0.5157
19094,7 day R,2021-06-19,DE,quantile,0.025,0.36635
19094,7 day R,2021-06-19,DE,quantile,0.975,0.6665
19094,7 day R,2021-06-20,DE,point,NA,0.5392
19094,7 day R,2021-06-20,DE,quantile,0.025,0.38975000000000004
19094,7 day R,2021-06-20,DE,quantile,0.975,0.6901999999999999
19094,7 day R,2021-06-21,DE,point,NA,0.55165
19094,7 day R,2021-06-21,DE,quantile,0.025,0.40205
19094,7 day R,2021-06-21,DE,quantile,0.975,0.7019
19094,7 day R,2021-06-22,DE,point,NA,0.5457000000000001
19094,7 day R,2021-06-22,DE,quantile,0.025,0.3945
19094,7 day R,2021-06-22,DE,quantile,0.975,0.6958500000000001
19094,7 day R,2021-06-23,DE,point,NA,0.5315
19094,7 day R,2021-06-23,DE,quantile,0.025,0.38055
19094,7 day R,2021-06-23,DE,quantile,0.975,0.6819500000000001
19094,7 day R,2021-06-24,DE,point,NA,0.53165
19094,7 day R,2021-06-24,DE,quantile,0.025,0.3809
19094,7 day R,2021-06-24,DE,quantile,0.975,0.68145
19094,7 day R,2021-06-25,DE,point,NA,0.5464
19094,7 day R,2021-06-25,DE,quantile,0.025,0.3965
19094,7 day R,2021-06-25,DE,quantile,0.975,0.6959
19094,7 day R,2021-06-26,DE,point,NA,0.57075
19094,7 day R,2021-06-26,DE,quantile,0.025,0.42169999999999996
19094,7 day R,2021-06-26,DE,quantile,0.975,0.72055
19094,7 day R,2021-06-27,DE,point,NA,0.6113
19094,7 day R,2021-06-27,DE,quantile,0.025,0.462
19094,7 day R,2021-06-27,DE,quantile,0.975,0.7596499999999999
19094,7 day R,2021-06-28,DE,point,NA,0.64945
19094,7 day R,2021-06-28,DE,quantile,0.025,0.5001
19094,7 day R,2021-06-28,DE,quantile,0.975,0.7998
19094,7 day R,2021-06-29,DE,point,NA,0.67275
19094,7 day R,2021-06-29,DE,quantile,0.025,0.524
19094,7 day R,2021-06-29,DE,quantile,0.975,0.82195
19094,7 day R,2021-06-30,DE,point,NA,0.6865
19094,7 day R,2021-06-30,DE,quantile,0.025,0.53725
19094,7 day R,2021-06-30,DE,quantile,0.975,0.8353999999999999
19094,7 day R,2021-07-01,DE,point,NA,0.7171
19094,7 day R,2021-07-01,DE,quantile,0.025,0.56735
19094,7 day R,2021-07-01,DE,quantile,0.975,0.86685
19094,7 day R,2021-07-02,DE,point,NA,0.74895
19094,7 day R,2021-07-02,DE,quantile,0.025,0.5986
19094,7 day R,2021-07-02,DE,quantile,0.975,0.8983
19094,7 day R,2021-07-03,DE,point,NA,0.7967
19094,7 day R,2021-07-03,DE,quantile,0.025,0.6467499999999999
19094,7 day R,2021-07-03,DE,quantile,0.975,0.9475
19094,7 day R,2021-07-04,DE,point,NA,0.8490500000000001
19094,7 day R,2021-07-04,DE,quantile,0.025,0.6990000000000001
19094,7 day R,2021-07-04,DE,quantile,0.975,0.9995499999999999
19094,7 day R,2021-07-05,DE,point,NA,0.8992
19094,7 day R,2021-07-05,DE,quantile,0.025,0.7498499999999999
19094,7 day R,2021-07-05,DE,quantile,0.975,1.04885
19094,7 day R,2021-07-06,DE,point,NA,0.95035
19094,7 day R,2021-07-06,DE,quantile,0.025,0.8006
19094,7 day R,2021-07-06,DE,quantile,0.975,1.1008499999999999
19094,7 day R,2021-07-07,DE,point,NA,1.0018
19094,7 day R,2021-07-07,DE,quantile,0.025,0.85105
19094,7 day R,2021-07-07,DE,quantile,0.975,1.15135
19094,7 day R,2021-07-08,DE,point,NA,1.0488499999999998
19094,7 day R,2021-07-08,DE,quantile,0.025,0.89805
19094,7 day R,2021-07-08,DE,quantile,0.975,1.1998
19094,7 day R,2021-07-09,DE,point,NA,1.1
19094,7 day R,2021-07-09,DE,quantile,0.025,0.9488000000000001
19094,7 day R,2021-07-09,DE,quantile,0.975,1.2511
19094,7 day R,2021-07-10,DE,point,NA,1.1395499999999998
19094,7 day R,2021-07-10,DE,quantile,0.025,0.9903500000000001
19094,7 day R,2021-07-10,DE,quantile,0.975,1.2897
19094,7 day R,2021-07-11,DE,point,NA,1.1752
19094,7 day R,2021-07-11,DE,quantile,0.025,1.0262
19094,7 day R,2021-07-11,DE,quantile,0.975,1.32415
19094,7 day R,2021-07-12,DE,point,NA,1.2202
19094,7 day R,2021-07-12,DE,quantile,0.025,1.0721500000000002
19094,7 day R,2021-07-12,DE,quantile,0.975,1.3686
19094,7 day R,2021-07-13,DE,point,NA,1.2841
19094,7 day R,2021-07-13,DE,quantile,0.025,1.13565
19094,7 day R,2021-07-13,DE,quantile,0.975,1.43225
19094,7 day R,2021-07-14,DE,point,NA,1.35845
19094,7 day R,2021-07-14,DE,quantile,0.025,1.2084
19094,7 day R,2021-07-14,DE,quantile,0.975,1.5124
19094,7 day R,2021-07-15,DE,point,NA,1.39465
19094,7 day R,2021-07-15,DE,quantile,0.025,1.2441499999999999
19094,7 day R,2021-07-15,DE,quantile,0.975,1.54695
19094,7 day R,2021-07-16,DE,point,NA,1.3949500000000001
19094,7 day R,2021-07-16,DE,quantile,0.025,1.24485
19094,7 day R,2021-07-16,DE,quantile,0.975,1.5467
19094,7 day R,2021-07-17,DE,point,NA,1.3932
19094,7 day R,2021-07-17,DE,quantile,0.025,1.24335
19094,7 day R,2021-07-17,DE,quantile,0.975,1.54315
19094,7 day R,2021-07-18,DE,point,NA,1.37435
19094,7 day R,2021-07-18,DE,quantile,0.025,1.2243
19094,7 day R,2021-07-18,DE,quantile,0.975,1.525
19094,7 day R,2021-07-19,DE,point,NA,1.3551
19094,7 day R,2021-07-19,DE,quantile,0.025,1.2046999999999999
19094,7 day R,2021-07-19,DE,quantile,0.975,1.5037
19094,7 day R,2021-07-20,DE,point,NA,1.3552499999999998
19094,7 day R,2021-07-20,DE,quantile,0.025,1.2048
19094,7 day R,2021-07-20,DE,quantile,0.975,1.5057
19094,7 day R,2021-07-21,DE,point,NA,1.3432499999999998
19094,7 day R,2021-07-21,DE,quantile,0.025,1.19345
19094,7 day R,2021-07-21,DE,quantile,0.975,1.4941499999999999
19094,7 day R,2021-07-22,DE,point,NA,1.3176999999999999
19094,7 day R,2021-07-22,DE,quantile,0.025,1.168
19094,7 day R,2021-07-22,DE,quantile,0.975,1.4689
19094,7 day R,2021-07-23,DE,point,NA,1.3193000000000001
19094,7 day R,2021-07-23,DE,quantile,0.025,1.1679
19094,7 day R,2021-07-23,DE,quantile,0.975,1.4686
19094,7 day R,2021-07-24,DE,point,NA,1.30755
19094,7 day R,2021-07-24,DE,quantile,0.025,1.157
19094,7 day R,2021-07-24,DE,quantile,0.975,1.4571
19094,7 day R,2021-07-25,DE,point,NA,1.3026499999999999
19094,7 day R,2021-07-25,DE,quantile,0.025,1.15215
19094,7 day R,2021-07-25,DE,quantile,0.975,1.4516
19094,7 day R,2021-07-26,DE,point,NA,1.3221500000000002
19094,7 day R,2021-07-26,DE,quantile,0.025,1.1705
19094,7 day R,2021-07-26,DE,quantile,0.975,1.4731
19094,7 day R,2021-07-27,DE,point,NA,1.3282
19094,7 day R,2021-07-27,DE,quantile,0.025,1.18025
19094,7 day R,2021-07-27,DE,quantile,0.975,1.477
19094,7 day R,2021-07-28,DE,point,NA,1.3230499999999998
19094,7 day R,2021-07-28,DE,quantile,0.025,1.17505
19094,7 day R,2021-07-28,DE,quantile,0.975,1.4741499999999998
19094,7 day R,2021-07-29,DE,point,NA,1.31825
19094,7 day R,2021-07-29,DE,quantile,0.025,1.16875
19094,7 day R,2021-07-29,DE,quantile,0.975,1.46915
19094,7 day R,2021-07-30,DE,point,NA,1.2842500000000001
19094,7 day R,2021-07-30,DE,quantile,0.025,1.1348
19094,7 day R,2021-07-30,DE,quantile,0.975,1.4351
19094,7 day R,2021-07-31,DE,point,NA,1.2694
19094,7 day R,2021-07-31,DE,quantile,0.025,1.1193499999999998
19094,7 day R,2021-07-31,DE,quantile,0.975,1.42065
19094,7 day R,2021-08-01,DE,point,NA,1.2668
19094,7 day R,2021-08-01,DE,quantile,0.025,1.1165500000000002
19094,7 day R,2021-08-01,DE,quantile,0.975,1.4152
19094,7 day R,2021-08-02,DE,point,NA,1.2681499999999999
19094,7 day R,2021-08-02,DE,quantile,0.025,1.1166999999999998
19094,7 day R,2021-08-02,DE,quantile,0.975,1.4172500000000001
19094,7 day R,2021-08-03,DE,point,NA,1.2778
19094,7 day R,2021-08-03,DE,quantile,0.025,1.12645
19094,7 day R,2021-08-03,DE,quantile,0.975,1.4274499999999999
19094,7 day R,2021-08-04,DE,point,NA,1.28825
19094,7 day R,2021-08-04,DE,quantile,0.025,1.1391499999999999
19094,7 day R,2021-08-04,DE,quantile,0.975,1.4382
19094,7 day R,2021-08-05,DE,point,NA,1.2936999999999999
19094,7 day R,2021-08-05,DE,quantile,0.025,1.1431
19094,7 day R,2021-08-05,DE,quantile,0.975,1.4436
19094,7 day R,2021-08-06,DE,point,NA,1.3077
19094,7 day R,2021-08-06,DE,quantile,0.025,1.15645
19094,7 day R,2021-08-06,DE,quantile,0.975,1.4576
19094,7 day R,2021-08-07,DE,point,NA,1.32185
19094,7 day R,2021-08-07,DE,quantile,0.025,1.1719
19094,7 day R,2021-08-07,DE,quantile,0.975,1.47125
19094,7 day R,2021-08-08,DE,point,NA,1.3427
19094,7 day R,2021-08-08,DE,quantile,0.025,1.19375
19094,7 day R,2021-08-08,DE,quantile,0.975,1.49295
19094,7 day R,2021-08-09,DE,point,NA,1.35595
19094,7 day R,2021-08-09,DE,quantile,0.025,1.20435
19094,7 day R,2021-08-09,DE,quantile,0.975,1.5056
19094,7 day R,2021-08-10,DE,point,NA,1.3820999999999999
19094,7 day R,2021-08-10,DE,quantile,0.025,1.2309999999999999
19094,7 day R,2021-08-10,DE,quantile,0.975,1.5326
19094,7 day R,2021-08-11,DE,point,NA,1.4135499999999999
19094,7 day R,2021-08-11,DE,quantile,0.025,1.2657
19094,7 day R,2021-08-11,DE,quantile,0.975,1.5627
19094,7 day R,2021-08-12,DE,point,NA,1.4451
19094,7 day R,2021-08-12,DE,quantile,0.025,1.29525
19094,7 day R,2021-08-12,DE,quantile,0.975,1.59535
19094,7 day R,2021-08-13,DE,point,NA,1.4592
19094,7 day R,2021-08-13,DE,quantile,0.025,1.30985
19094,7 day R,2021-08-13,DE,quantile,0.975,1.60915
19094,7 day R,2021-08-14,DE,point,NA,1.46425
19094,7 day R,2021-08-14,DE,quantile,0.025,1.31495
19094,7 day R,2021-08-14,DE,quantile,0.975,1.6157
19094,7 day R,2021-08-15,DE,point,NA,1.4524
19094,7 day R,2021-08-15,DE,quantile,0.025,1.30265
19094,7 day R,2021-08-15,DE,quantile,0.975,1.60355
19094,7 day R,2021-08-16,DE,point,NA,1.4453
19094,7 day R,2021-08-16,DE,quantile,0.025,1.29495
19094,7 day R,2021-08-16,DE,quantile,0.975,1.5958999999999999
19094,7 day R,2021-08-17,DE,point,NA,1.4562
19094,7 day R,2021-08-17,DE,quantile,0.025,1.3067
19094,7 day R,2021-08-17,DE,quantile,0.975,1.6063
19094,7 day R,2021-08-18,DE,point,NA,1.47215
19094,7 day R,2021-08-18,DE,quantile,0.025,1.3223
19094,7 day R,2021-08-18,DE,quantile,0.975,1.6242
19094,7 day R,2021-08-19,DE,point,NA,1.4701499999999998
19094,7 day R,2021-08-19,DE,quantile,0.025,1.3211
19094,7 day R,2021-08-19,DE,quantile,0.975,1.61935
19094,7 day R,2021-08-20,DE,point,NA,1.4681
19094,7 day R,2021-08-20,DE,quantile,0.025,1.3188499999999999
19094,7 day R,2021-08-20,DE,quantile,0.975,1.6174499999999998
19094,7 day R,2021-08-21,DE,point,NA,1.4449999999999998
19094,7 day R,2021-08-21,DE,quantile,0.025,1.2959
19094,7 day R,2021-08-21,DE,quantile,0.975,1.59505
19094,7 day R,2021-08-22,DE,point,NA,1.4209
19094,7 day R,2021-08-22,DE,quantile,0.025,1.2717
19094,7 day R,2021-08-22,DE,quantile,0.975,1.5716999999999999
19094,7 day R,2021-08-23,DE,point,NA,1.40145
19094,7 day R,2021-08-23,DE,quantile,0.025,1.25145
19094,7 day R,2021-08-23,DE,quantile,0.975,1.5507
19094,7 day R,2021-08-24,DE,point,NA,1.3889
19094,7 day R,2021-08-24,DE,quantile,0.025,1.23885
19094,7 day R,2021-08-24,DE,quantile,0.975,1.53925
19094,7 day R,2021-08-25,DE,point,NA,1.3768500000000001
19094,7 day R,2021-08-25,DE,quantile,0.025,1.22765
19094,7 day R,2021-08-25,DE,quantile,0.975,1.52705
19094,7 day R,2021-08-26,DE,point,NA,1.36035
19094,7 day R,2021-08-26,DE,quantile,0.025,1.2118000000000002
19094,7 day R,2021-08-26,DE,quantile,0.975,1.51045
19094,7 day R,2021-08-27,DE,point,NA,1.3289499999999999
19094,7 day R,2021-08-27,DE,quantile,0.025,1.17815
19094,7 day R,2021-08-27,DE,quantile,0.975,1.4768
19094,7 day R,2021-08-28,DE,point,NA,1.2961
19094,7 day R,2021-08-28,DE,quantile,0.025,1.14615
19094,7 day R,2021-08-28,DE,quantile,0.975,1.4449
19094,7 day R,2021-08-29,DE,point,NA,1.26395
19094,7 day R,2021-08-29,DE,quantile,0.025,1.11565
19094,7 day R,2021-08-29,DE,quantile,0.975,1.412
19094,7 day R,2021-08-30,DE,point,NA,1.2391999999999999
19094,7 day R,2021-08-30,DE,quantile,0.025,1.0885
19094,7 day R,2021-08-30,DE,quantile,0.975,1.3893
19094,7 day R,2021-08-31,DE,point,NA,1.21555
19094,7 day R,2021-08-31,DE,quantile,0.025,1.0650499999999998
19094,7 day R,2021-08-31,DE,quantile,0.975,1.3653
19094,7 day R,2021-09-01,DE,point,NA,1.2056
19094,7 day R,2021-09-01,DE,quantile,0.025,1.0566
19094,7 day R,2021-09-01,DE,quantile,0.975,1.3552
19094,7 day R,2021-09-02,DE,point,NA,1.19445
19094,7 day R,2021-09-02,DE,quantile,0.025,1.04535
19094,7 day R,2021-09-02,DE,quantile,0.975,1.34405
19094,7 day R,2021-09-03,DE,point,NA,1.18975
19094,7 day R,2021-09-03,DE,quantile,0.025,1.0392000000000001
19094,7 day R,2021-09-03,DE,quantile,0.975,1.33895
19094,7 day R,2021-09-04,DE,point,NA,1.17205
19094,7 day R,2021-09-04,DE,quantile,0.025,1.02345
19094,7 day R,2021-09-04,DE,quantile,0.975,1.3215
19094,7 day R,2021-09-05,DE,point,NA,1.1593499999999999
19094,7 day R,2021-09-05,DE,quantile,0.025,1.00965
19094,7 day R,2021-09-05,DE,quantile,0.975,1.3089499999999998
19094,7 day R,2021-09-06,DE,point,NA,1.1308
19094,7 day R,2021-09-06,DE,quantile,0.025,0.9806999999999999
19094,7 day R,2021-09-06,DE,quantile,0.975,1.2804
19094,7 day R,2021-09-07,DE,point,NA,1.1033
19094,7 day R,2021-09-07,DE,quantile,0.025,0.951
19094,7 day R,2021-09-07,DE,quantile,0.975,1.2532
19094,7 day R,2021-09-08,DE,point,NA,1.0758999999999999
19094,7 day R,2021-09-08,DE,quantile,0.025,0.9256
19094,7 day R,2021-09-08,DE,quantile,0.975,1.2255
19094,7 day R,2021-09-09,DE,point,NA,1.0608499999999998
19094,7 day R,2021-09-09,DE,quantile,0.025,0.91045
19094,7 day R,2021-09-09,DE,quantile,0.975,1.2115
19094,7 day R,2021-09-10,DE,point,NA,1.03895
19094,7 day R,2021-09-10,DE,quantile,0.025,0.88965
19094,7 day R,2021-09-10,DE,quantile,0.975,1.1885
19094,7 day R,2021-09-11,DE,point,NA,1.02525
19094,7 day R,2021-09-11,DE,quantile,0.025,0.8762000000000001
19094,7 day R,2021-09-11,DE,quantile,0.975,1.1755499999999999
19094,7 day R,2021-09-12,DE,point,NA,1.0068000000000001
19094,7 day R,2021-09-12,DE,quantile,0.025,0.8575999999999999
19094,7 day R,2021-09-12,DE,quantile,0.975,1.1543
19094,7 day R,2021-09-13,DE,point,NA,1.0028
19094,7 day R,2021-09-13,DE,quantile,0.025,0.85345
19094,7 day R,2021-09-13,DE,quantile,0.975,1.1536499999999998
19094,7 day R,2021-09-14,DE,point,NA,0.9768
19094,7 day R,2021-09-14,DE,quantile,0.025,0.82735
19094,7 day R,2021-09-14,DE,quantile,0.975,1.1274
19094,7 day R,2021-09-15,DE,point,NA,0.94045
19094,7 day R,2021-09-15,DE,quantile,0.025,0.79155
19094,7 day R,2021-09-15,DE,quantile,0.975,1.0882999999999998
19094,7 day R,2021-09-16,DE,point,NA,0.91675
19094,7 day R,2021-09-16,DE,quantile,0.025,0.7667
19094,7 day R,2021-09-16,DE,quantile,0.975,1.0655999999999999
19094,7 day R,2021-09-17,DE,point,NA,0.9072
19094,7 day R,2021-09-17,DE,quantile,0.025,0.75685
19094,7 day R,2021-09-17,DE,quantile,0.975,1.0563
19094,7 day R,2021-09-18,DE,point,NA,0.90865
19094,7 day R,2021-09-18,DE,quantile,0.025,0.75945
19094,7 day R,2021-09-18,DE,quantile,0.975,1.0585
19094,7 day R,2021-09-19,DE,point,NA,0.9124
19094,7 day R,2021-09-19,DE,quantile,0.025,0.76295
19094,7 day R,2021-09-19,DE,quantile,0.975,1.063
19094,7 day R,2021-09-20,DE,point,NA,0.9104
19094,7 day R,2021-09-20,DE,quantile,0.025,0.761
19094,7 day R,2021-09-20,DE,quantile,0.975,1.06115
19094,7 day R,2021-09-21,DE,point,NA,0.89465
19094,7 day R,2021-09-21,DE,quantile,0.025,0.7435
19094,7 day R,2021-09-21,DE,quantile,0.975,1.04575
19094,7 day R,2021-09-22,DE,point,NA,0.8738
19094,7 day R,2021-09-22,DE,quantile,0.025,0.72185
19094,7 day R,2021-09-22,DE,quantile,0.975,1.02305
19094,7 day R,2021-09-23,DE,point,NA,0.87155
19094,7 day R,2021-09-23,DE,quantile,0.025,0.7214
19094,7 day R,2021-09-23,DE,quantile,0.975,1.0205
19094,7 day R,2021-09-24,DE,point,NA,0.88875
19094,7 day R,2021-09-24,DE,quantile,0.025,0.7384
19094,7 day R,2021-09-24,DE,quantile,0.975,1.03965
19094,7 day R,2021-09-25,DE,point,NA,0.91365
19094,7 day R,2021-09-25,DE,quantile,0.025,0.7636499999999999
19094,7 day R,2021-09-25,DE,quantile,0.975,1.0624
19094,7 day R,2021-09-26,DE,point,NA,0.95105
19094,7 day R,2021-09-26,DE,quantile,0.025,0.8012
19094,7 day R,2021-09-26,DE,quantile,0.975,1.10065
19094,7 day R,2021-09-27,DE,point,NA,0.9664999999999999
19094,7 day R,2021-09-27,DE,quantile,0.025,0.81585
19094,7 day R,2021-09-27,DE,quantile,0.975,1.11605
19094,7 day R,2021-09-28,DE,point,NA,0.9789
19094,7 day R,2021-09-28,DE,quantile,0.025,0.82925
19094,7 day R,2021-09-28,DE,quantile,0.975,1.129
19094,7 day R,2021-09-29,DE,point,NA,0.994
19094,7 day R,2021-09-29,DE,quantile,0.025,0.843
19094,7 day R,2021-09-29,DE,quantile,0.975,1.1451500000000001
19094,7 day R,2021-09-30,DE,point,NA,0.9952000000000001
19094,7 day R,2021-09-30,DE,quantile,0.025,0.8452
19094,7 day R,2021-09-30,DE,quantile,0.975,1.14595
19094,7 day R,2021-10-01,DE,point,NA,0.9878
19094,7 day R,2021-10-01,DE,quantile,0.025,0.8378
19094,7 day R,2021-10-01,DE,quantile,0.975,1.13815
19094,7 day R,2021-10-02,DE,point,NA,0.9886
19094,7 day R,2021-10-02,DE,quantile,0.025,0.8392999999999999
19094,7 day R,2021-10-02,DE,quantile,0.975,1.13965
19094,7 day R,2021-10-03,DE,point,NA,0.9902
19094,7 day R,2021-10-03,DE,quantile,0.025,0.8402499999999999
19094,7 day R,2021-10-03,DE,quantile,0.975,1.14065
19094,7 day R,2021-10-04,DE,point,NA,1.0049000000000001
19094,7 day R,2021-10-04,DE,quantile,0.025,0.85375
19094,7 day R,2021-10-04,DE,quantile,0.975,1.1557499999999998
19094,7 day R,2021-10-05,DE,point,NA,1.0172
19094,7 day R,2021-10-05,DE,quantile,0.025,0.8673
19094,7 day R,2021-10-05,DE,quantile,0.975,1.16655
19094,7 day R,2021-10-06,DE,point,NA,1.0214
19094,7 day R,2021-10-06,DE,quantile,0.025,0.872
19094,7 day R,2021-10-06,DE,quantile,0.975,1.17195
19094,7 day R,2021-10-07,DE,point,NA,1.0223
19094,7 day R,2021-10-07,DE,quantile,0.025,0.87365
19094,7 day R,2021-10-07,DE,quantile,0.975,1.1726999999999999
19094,7 day R,2021-10-08,DE,point,NA,1.0265
19094,7 day R,2021-10-08,DE,quantile,0.025,0.87655
19094,7 day R,2021-10-08,DE,quantile,0.975,1.1754
19094,7 day R,2021-10-09,DE,point,NA,1.0375
19094,7 day R,2021-10-09,DE,quantile,0.025,0.8867
19094,7 day R,2021-10-09,DE,quantile,0.975,1.1859
19094,7 day R,2021-10-10,DE,point,NA,1.0522
19094,7 day R,2021-10-10,DE,quantile,0.025,0.90245
19094,7 day R,2021-10-10,DE,quantile,0.975,1.20025
19094,7 day R,2021-10-11,DE,point,NA,1.0608
19094,7 day R,2021-10-11,DE,quantile,0.025,0.91025
19094,7 day R,2021-10-11,DE,quantile,0.975,1.21085
19094,7 day R,2021-10-12,DE,point,NA,1.07135
19094,7 day R,2021-10-12,DE,quantile,0.025,0.9216
19094,7 day R,2021-10-12,DE,quantile,0.975,1.2196
19094,7 day R,2021-10-13,DE,point,NA,1.0812
19094,7 day R,2021-10-13,DE,quantile,0.025,0.9299
19094,7 day R,2021-10-13,DE,quantile,0.975,1.2321499999999999
19094,7 day R,2021-10-14,DE,point,NA,1.0967500000000001
19094,7 day R,2021-10-14,DE,quantile,0.025,0.9470000000000001
19094,7 day R,2021-10-14,DE,quantile,0.975,1.24715
19094,7 day R,2021-10-15,DE,point,NA,1.1176
19094,7 day R,2021-10-15,DE,quantile,0.025,0.96905
19094,7 day R,2021-10-15,DE,quantile,0.975,1.2681499999999999
19094,7 day R,2021-10-16,DE,point,NA,1.15265
19094,7 day R,2021-10-16,DE,quantile,0.025,1.0013
19094,7 day R,2021-10-16,DE,quantile,0.975,1.30345
19094,7 day R,2021-10-17,DE,point,NA,1.18085
19094,7 day R,2021-10-17,DE,quantile,0.025,1.0305499999999999
19094,7 day R,2021-10-17,DE,quantile,0.975,1.33035
19094,7 day R,2021-10-18,DE,point,NA,1.2133500000000002
19094,7 day R,2021-10-18,DE,quantile,0.025,1.0617999999999999
19094,7 day R,2021-10-18,DE,quantile,0.975,1.3624
19094,7 day R,2021-10-19,DE,point,NA,1.25675
19094,7 day R,2021-10-19,DE,quantile,0.025,1.105
19094,7 day R,2021-10-19,DE,quantile,0.975,1.40705
19094,7 day R,2021-10-20,DE,point,NA,1.3005
19094,7 day R,2021-10-20,DE,quantile,0.025,1.1488
19094,7 day R,2021-10-20,DE,quantile,0.975,1.4514999999999998
19094,7 day R,2021-10-21,DE,point,NA,1.3128
19094,7 day R,2021-10-21,DE,quantile,0.025,1.1609
19094,7 day R,2021-10-21,DE,quantile,0.975,1.4636
19094,7 day R,2021-10-22,DE,point,NA,1.3399999999999999
19094,7 day R,2021-10-22,DE,quantile,0.025,1.1902
19094,7 day R,2021-10-22,DE,quantile,0.975,1.49115
19094,7 day R,2021-10-23,DE,point,NA,1.3367499999999999
19094,7 day R,2021-10-23,DE,quantile,0.025,1.18675
19094,7 day R,2021-10-23,DE,quantile,0.975,1.4862
19094,7 day R,2021-10-24,DE,point,NA,1.3406
19094,7 day R,2021-10-24,DE,quantile,0.025,1.1911999999999998
19094,7 day R,2021-10-24,DE,quantile,0.975,1.4891
19094,7 day R,2021-10-25,DE,point,NA,1.342
19094,7 day R,2021-10-25,DE,quantile,0.025,1.1915
19094,7 day R,2021-10-25,DE,quantile,0.975,1.49355
19094,7 day R,2021-10-26,DE,point,NA,1.36105
19094,7 day R,2021-10-26,DE,quantile,0.025,1.2103
19094,7 day R,2021-10-26,DE,quantile,0.975,1.5123
19094,7 day R,2021-10-27,DE,point,NA,1.38335
19094,7 day R,2021-10-27,DE,quantile,0.025,1.2337
19094,7 day R,2021-10-27,DE,quantile,0.975,1.5352000000000001
19094,7 day R,2021-10-28,DE,point,NA,1.37745
19094,7 day R,2021-10-28,DE,quantile,0.025,1.2276500000000001
19094,7 day R,2021-10-28,DE,quantile,0.975,1.5284499999999999
19094,7 day R,2021-10-29,DE,point,NA,1.33895
19094,7 day R,2021-10-29,DE,quantile,0.025,1.18925
19094,7 day R,2021-10-29,DE,quantile,0.975,1.48975
19094,7 day R,2021-10-30,DE,point,NA,1.3084500000000001
19094,7 day R,2021-10-30,DE,quantile,0.025,1.15695
19094,7 day R,2021-10-30,DE,quantile,0.975,1.45975
19094,7 day R,2021-10-31,DE,point,NA,1.2845
19094,7 day R,2021-10-31,DE,quantile,0.025,1.13565
19094,7 day R,2021-10-31,DE,quantile,0.975,1.43445
19094,7 day R,2021-11-01,DE,point,NA,1.26605
19094,7 day R,2021-11-01,DE,quantile,0.025,1.1167
19094,7 day R,2021-11-01,DE,quantile,0.975,1.41675
19094,7 day R,2021-11-02,DE,point,NA,1.2535500000000002
19094,7 day R,2021-11-02,DE,quantile,0.025,1.1036000000000001
19094,7 day R,2021-11-02,DE,quantile,0.975,1.4046
19094,7 day R,2021-11-03,DE,point,NA,1.2739
19094,7 day R,2021-11-03,DE,quantile,0.025,1.12185
19094,7 day R,2021-11-03,DE,quantile,0.975,1.4254
19094,7 day R,2021-11-04,DE,point,NA,1.3493499999999998
19094,7 day R,2021-11-04,DE,quantile,0.025,1.1985000000000001
19094,7 day R,2021-11-04,DE,quantile,0.975,1.5004
19094,7 day R,2021-11-05,DE,point,NA,1.40155
19094,7 day R,2021-11-05,DE,quantile,0.025,1.25225
19094,7 day R,2021-11-05,DE,quantile,0.975,1.5524
19094,7 day R,2021-11-06,DE,point,NA,1.4088500000000002
19094,7 day R,2021-11-06,DE,quantile,0.025,1.259
19094,7 day R,2021-11-06,DE,quantile,0.975,1.5598999999999998
19094,7 day R,2021-11-07,DE,point,NA,1.393
19094,7 day R,2021-11-07,DE,quantile,0.025,1.24335
19094,7 day R,2021-11-07,DE,quantile,0.975,1.5438
19094,7 day R,2021-11-08,DE,point,NA,1.3850500000000001
19094,7 day R,2021-11-08,DE,quantile,0.025,1.23515
19094,7 day R,2021-11-08,DE,quantile,0.975,1.5345
19094,7 day R,2021-11-09,DE,point,NA,1.38695
19094,7 day R,2021-11-09,DE,quantile,0.025,1.23605
19094,7 day R,2021-11-09,DE,quantile,0.975,1.53715
19094,7 day R,2021-11-10,DE,point,NA,1.3946999999999998
19094,7 day R,2021-11-10,DE,quantile,0.025,1.2445
19094,7 day R,2021-11-10,DE,quantile,0.975,1.54385
19094,7 day R,2021-11-11,DE,point,NA,1.39535
19094,7 day R,2021-11-11,DE,quantile,0.025,1.2457500000000001
19094,7 day R,2021-11-11,DE,quantile,0.975,1.545
19094,7 day R,2021-11-12,DE,point,NA,1.38735
19094,7 day R,2021-11-12,DE,quantile,0.025,1.2368000000000001
19094,7 day R,2021-11-12,DE,quantile,0.975,1.53705
19094,7 day R,2021-11-13,DE,point,NA,1.3711
19094,7 day R,2021-11-13,DE,quantile,0.025,1.2203499999999998
19094,7 day R,2021-11-13,DE,quantile,0.975,1.52155
19094,7 day R,2021-11-14,DE,point,NA,1.3563
19094,7 day R,2021-11-14,DE,quantile,0.025,1.2055500000000001
19094,7 day R,2021-11-14,DE,quantile,0.975,1.50735
19094,7 day R,2021-11-15,DE,point,NA,1.341
19094,7 day R,2021-11-15,DE,quantile,0.025,1.1902
19094,7 day R,2021-11-15,DE,quantile,0.975,1.4922499999999999
19094,7 day R,2021-11-16,DE,point,NA,1.3255
19094,7 day R,2021-11-16,DE,quantile,0.025,1.1750500000000001
19094,7 day R,2021-11-16,DE,quantile,0.975,1.47565
19094,7 day R,2021-11-17,DE,point,NA,1.3115999999999999
19094,7 day R,2021-11-17,DE,quantile,0.025,1.16175
19094,7 day R,2021-11-17,DE,quantile,0.975,1.46365
19094,7 day R,2021-11-18,DE,point,NA,1.2989000000000002
19094,7 day R,2021-11-18,DE,quantile,0.025,1.1487500000000002
19094,7 day R,2021-11-18,DE,quantile,0.975,1.44925
19094,7 day R,2021-11-19,DE,point,NA,1.28495
19094,7 day R,2021-11-19,DE,quantile,0.025,1.13475
19094,7 day R,2021-11-19,DE,quantile,0.975,1.43555
19094,7 day R,2021-11-20,DE,point,NA,1.2999
19094,7 day R,2021-11-20,DE,quantile,0.025,1.1512
19094,7 day R,2021-11-20,DE,quantile,0.975,1.4487999999999999
19094,7 day R,2021-11-21,DE,point,NA,1.29325
19094,7 day R,2021-11-21,DE,quantile,0.025,1.1430500000000001
19094,7 day R,2021-11-21,DE,quantile,0.975,1.4427500000000002
19094,7 day R,2021-11-22,DE,point,NA,1.2810000000000001
19094,7 day R,2021-11-22,DE,quantile,0.025,1.1307
19094,7 day R,2021-11-22,DE,quantile,0.975,1.4316
19094,7 day R,2021-11-23,DE,point,NA,1.263
19094,7 day R,2021-11-23,DE,quantile,0.025,1.1143
19094,7 day R,2021-11-23,DE,quantile,0.975,1.4141
19094,7 day R,2021-11-24,DE,point,NA,1.23345
19094,7 day R,2021-11-24,DE,quantile,0.025,1.0851000000000002
19094,7 day R,2021-11-24,DE,quantile,0.975,1.3847999999999998
19094,7 day R,2021-11-25,DE,point,NA,1.2077
19094,7 day R,2021-11-25,DE,quantile,0.025,1.05895
19094,7 day R,2021-11-25,DE,quantile,0.975,1.35585
19094,7 day R,2021-11-26,DE,point,NA,1.1918000000000002
19094,7 day R,2021-11-26,DE,quantile,0.025,1.0432000000000001
19094,7 day R,2021-11-26,DE,quantile,0.975,1.3403
19094,7 day R,2021-11-27,DE,point,NA,1.16675
19094,7 day R,2021-11-27,DE,quantile,0.025,1.0171000000000001
19094,7 day R,2021-11-27,DE,quantile,0.975,1.31635
19094,7 day R,2021-11-28,DE,point,NA,1.1435499999999998
19094,7 day R,2021-11-28,DE,quantile,0.025,0.99455
19094,7 day R,2021-11-28,DE,quantile,0.975,1.2932
19094,7 day R,2021-11-29,DE,point,NA,1.1188
19094,7 day R,2021-11-29,DE,quantile,0.025,0.96915
19094,7 day R,2021-11-29,DE,quantile,0.975,1.26945
19094,7 day R,2021-11-30,DE,point,NA,1.0925500000000001
19094,7 day R,2021-11-30,DE,quantile,0.025,0.94235
19094,7 day R,2021-11-30,DE,quantile,0.975,1.2421
19094,7 day R,2021-12-01,DE,point,NA,1.0585499999999999
19094,7 day R,2021-12-01,DE,quantile,0.025,0.9088
19094,7 day R,2021-12-01,DE,quantile,0.975,1.20715
19094,7 day R,2021-12-02,DE,point,NA,1.0392000000000001
19094,7 day R,2021-12-02,DE,quantile,0.025,0.88915
19094,7 day R,2021-12-02,DE,quantile,0.975,1.1883
19094,7 day R,2021-12-03,DE,point,NA,1.037
19094,7 day R,2021-12-03,DE,quantile,0.025,0.88585
19094,7 day R,2021-12-03,DE,quantile,0.975,1.18575
19094,7 day R,2021-12-04,DE,point,NA,1.0307
19094,7 day R,2021-12-04,DE,quantile,0.025,0.879
19094,7 day R,2021-12-04,DE,quantile,0.975,1.18295
19094,7 day R,2021-12-05,DE,point,NA,1.0204499999999999
19094,7 day R,2021-12-05,DE,quantile,0.025,0.86925
19094,7 day R,2021-12-05,DE,quantile,0.975,1.1711
19094,7 day R,2021-12-06,DE,point,NA,1.0011
19094,7 day R,2021-12-06,DE,quantile,0.025,0.8506
19094,7 day R,2021-12-06,DE,quantile,0.975,1.1527500000000002
19094,7 day R,2021-12-07,DE,point,NA,0.97495
19094,7 day R,2021-12-07,DE,quantile,0.025,0.82535
19094,7 day R,2021-12-07,DE,quantile,0.975,1.1259
19094,7 day R,2021-12-08,DE,point,NA,0.9560500000000001
19094,7 day R,2021-12-08,DE,quantile,0.025,0.8047500000000001
19094,7 day R,2021-12-08,DE,quantile,0.975,1.10575
19094,7 day R,2021-12-09,DE,point,NA,0.9313
19094,7 day R,2021-12-09,DE,quantile,0.025,0.78025
19094,7 day R,2021-12-09,DE,quantile,0.975,1.08045
19094,7 day R,2021-12-10,DE,point,NA,0.915
19094,7 day R,2021-12-10,DE,quantile,0.025,0.7639
19094,7 day R,2021-12-10,DE,quantile,0.975,1.06545
19094,7 day R,2021-12-11,DE,point,NA,0.9104
19094,7 day R,2021-12-11,DE,quantile,0.025,0.75815
19094,7 day R,2021-12-11,DE,quantile,0.975,1.06015
19094,7 day R,2021-12-12,DE,point,NA,0.9030499999999999
19094,7 day R,2021-12-12,DE,quantile,0.025,0.7523
19094,7 day R,2021-12-12,DE,quantile,0.975,1.05315
19094,7 day R,2021-12-13,DE,point,NA,0.88735
19094,7 day R,2021-12-13,DE,quantile,0.025,0.7375
19094,7 day R,2021-12-13,DE,quantile,0.975,1.0390000000000001
19094,7 day R,2021-12-14,DE,point,NA,0.8625
19094,7 day R,2021-12-14,DE,quantile,0.025,0.71285
19094,7 day R,2021-12-14,DE,quantile,0.975,1.0117500000000001
19094,7 day R,2021-12-15,DE,point,NA,0.83575
19094,7 day R,2021-12-15,DE,quantile,0.025,0.685
19094,7 day R,2021-12-15,DE,quantile,0.975,0.98425
19094,7 day R,2021-12-16,DE,point,NA,0.8302
19094,7 day R,2021-12-16,DE,quantile,0.025,0.6791
19094,7 day R,2021-12-16,DE,quantile,0.975,0.9811
19094,7 day R,2021-12-17,DE,point,NA,0.8371
19094,7 day R,2021-12-17,DE,quantile,0.025,0.68825
19094,7 day R,2021-12-17,DE,quantile,0.975,0.9872000000000001
19094,7 day R,2021-12-18,DE,point,NA,0.8493999999999999
19094,7 day R,2021-12-18,DE,quantile,0.025,0.7008
19094,7 day R,2021-12-18,DE,quantile,0.975,0.9980500000000001
19094,7 day R,2021-12-19,DE,point,NA,0.85385
19094,7 day R,2021-12-19,DE,quantile,0.025,0.70555
19094,7 day R,2021-12-19,DE,quantile,0.975,1.0039500000000001
19094,7 day R,2021-12-20,DE,point,NA,0.8331
19094,7 day R,2021-12-20,DE,quantile,0.025,0.6841999999999999
19094,7 day R,2021-12-20,DE,quantile,0.975,0.9823999999999999
19094,7 day R,2021-12-21,DE,point,NA,0.80265
19094,7 day R,2021-12-21,DE,quantile,0.025,0.6534
19094,7 day R,2021-12-21,DE,quantile,0.975,0.9517
19094,7 day R,2021-12-22,DE,point,NA,0.77325
19094,7 day R,2021-12-22,DE,quantile,0.025,0.6225
19094,7 day R,2021-12-22,DE,quantile,0.975,0.9238
19094,7 day R,2021-12-23,DE,point,NA,0.7493
19094,7 day R,2021-12-23,DE,quantile,0.025,0.59905
19094,7 day R,2021-12-23,DE,quantile,0.975,0.8992
19094,7 day R,2021-12-24,DE,point,NA,0.7377
19094,7 day R,2021-12-24,DE,quantile,0.025,0.58665
19094,7 day R,2021-12-24,DE,quantile,0.975,0.8876999999999999
19094,7 day R,2021-12-25,DE,point,NA,0.7488
19094,7 day R,2021-12-25,DE,quantile,0.025,0.59665
19094,7 day R,2021-12-25,DE,quantile,0.975,0.89915
19094,7 day R,2021-12-26,DE,point,NA,0.7872
19094,7 day R,2021-12-26,DE,quantile,0.025,0.63625
19094,7 day R,2021-12-26,DE,quantile,0.975,0.9359
19094,7 day R,2021-12-27,DE,point,NA,0.8383
19094,7 day R,2021-12-27,DE,quantile,0.025,0.6880999999999999
19094,7 day R,2021-12-27,DE,quantile,0.975,0.98655
19094,7 day R,2021-12-28,DE,point,NA,0.87325
19094,7 day R,2021-12-28,DE,quantile,0.025,0.7219
19094,7 day R,2021-12-28,DE,quantile,0.975,1.02285
19094,7 day R,2021-12-29,DE,point,NA,0.90195
19094,7 day R,2021-12-29,DE,quantile,0.025,0.7499
19094,7 day R,2021-12-29,DE,quantile,0.975,1.05175
19094,7 day R,2021-12-30,DE,point,NA,0.9325
19094,7 day R,2021-12-30,DE,quantile,0.025,0.78095
19094,7 day R,2021-12-30,DE,quantile,0.975,1.0836000000000001
19094,7 day R,2021-12-31,DE,point,NA,0.9633
19094,7 day R,2021-12-31,DE,quantile,0.025,0.8141
19094,7 day R,2021-12-31,DE,quantile,0.975,1.11375
19094,7 day R,2022-01-01,DE,point,NA,0.99025
19094,7 day R,2022-01-01,DE,quantile,0.025,0.8404
19094,7 day R,2022-01-01,DE,quantile,0.975,1.14035
19094,7 day R,2022-01-02,DE,point,NA,1.0482999999999998
19094,7 day R,2022-01-02,DE,quantile,0.025,0.89815
19094,7 day R,2022-01-02,DE,quantile,0.975,1.19855
19094,7 day R,2022-01-03,DE,point,NA,1.1384
19094,7 day R,2022-01-03,DE,quantile,0.025,0.9873000000000001
19094,7 day R,2022-01-03,DE,quantile,0.975,1.28795
19094,7 day R,2022-01-04,DE,point,NA,1.22195
19094,7 day R,2022-01-04,DE,quantile,0.025,1.07275
19094,7 day R,2022-01-04,DE,quantile,0.975,1.3724
19094,7 day R,2022-01-05,DE,point,NA,1.2937
19094,7 day R,2022-01-05,DE,quantile,0.025,1.14385
19094,7 day R,2022-01-05,DE,quantile,0.975,1.44515
19094,7 day R,2022-01-06,DE,point,NA,1.3225
19094,7 day R,2022-01-06,DE,quantile,0.025,1.1713
19094,7 day R,2022-01-06,DE,quantile,0.975,1.4742
19094,7 day R,2022-01-07,DE,point,NA,1.32145
19094,7 day R,2022-01-07,DE,quantile,0.025,1.1710500000000001
19094,7 day R,2022-01-07,DE,quantile,0.975,1.4716
19094,7 day R,2022-01-08,DE,point,NA,1.3323999999999998
19094,7 day R,2022-01-08,DE,quantile,0.025,1.1841
19094,7 day R,2022-01-08,DE,quantile,0.975,1.4818
19094,7 day R,2022-01-09,DE,point,NA,1.3344
19094,7 day R,2022-01-09,DE,quantile,0.025,1.1843
19094,7 day R,2022-01-09,DE,quantile,0.975,1.4824
19094,7 day R,2022-01-10,DE,point,NA,1.3364
19094,7 day R,2022-01-10,DE,quantile,0.025,1.1874
19094,7 day R,2022-01-10,DE,quantile,0.975,1.4849
19094,7 day R,2022-01-11,DE,point,NA,1.3533
19094,7 day R,2022-01-11,DE,quantile,0.025,1.2022
19094,7 day R,2022-01-11,DE,quantile,0.975,1.5036
19094,7 day R,2022-01-12,DE,point,NA,1.3769
19094,7 day R,2022-01-12,DE,quantile,0.025,1.228
19094,7 day R,2022-01-12,DE,quantile,0.975,1.5272000000000001
19094,7 day R,2022-01-13,DE,point,NA,1.3823
19094,7 day R,2022-01-13,DE,quantile,0.025,1.2314
19094,7 day R,2022-01-13,DE,quantile,0.975,1.5324
19094,7 day R,2022-01-14,DE,point,NA,1.3952499999999999
19094,7 day R,2022-01-14,DE,quantile,0.025,1.2447
19094,7 day R,2022-01-14,DE,quantile,0.975,1.5452
19094,7 day R,2022-01-15,DE,point,NA,1.3891499999999999
19094,7 day R,2022-01-15,DE,quantile,0.025,1.2389000000000001
19094,7 day R,2022-01-15,DE,quantile,0.975,1.5399
19094,7 day R,2022-01-16,DE,point,NA,1.3888500000000001
19094,7 day R,2022-01-16,DE,quantile,0.025,1.23725
19094,7 day R,2022-01-16,DE,quantile,0.975,1.5401
19094,7 day R,2022-01-17,DE,point,NA,1.3961999999999999
19094,7 day R,2022-01-17,DE,quantile,0.025,1.2445499999999998
19094,7 day R,2022-01-17,DE,quantile,0.975,1.5472000000000001
19094,7 day R,2022-01-18,DE,point,NA,1.4246
19094,7 day R,2022-01-18,DE,quantile,0.025,1.2746499999999998
19094,7 day R,2022-01-18,DE,quantile,0.975,1.57325
19094,7 day R,2022-01-19,DE,point,NA,1.45285
19094,7 day R,2022-01-19,DE,quantile,0.025,1.3035
19094,7 day R,2022-01-19,DE,quantile,0.975,1.6031
19094,7 day R,2022-01-20,DE,point,NA,1.47545
19094,7 day R,2022-01-20,DE,quantile,0.025,1.32575
19094,7 day R,2022-01-20,DE,quantile,0.975,1.6268500000000001
19094,7 day R,2022-01-21,DE,point,NA,1.48225
19094,7 day R,2022-01-21,DE,quantile,0.025,1.33175
19094,7 day R,2022-01-21,DE,quantile,0.975,1.63235
19094,7 day R,2022-01-22,DE,point,NA,1.4742000000000002
19094,7 day R,2022-01-22,DE,quantile,0.025,1.32365
19094,7 day R,2022-01-22,DE,quantile,0.975,1.62485
19094,7 day R,2022-01-23,DE,point,NA,1.45325
19094,7 day R,2022-01-23,DE,quantile,0.025,1.30405
19094,7 day R,2022-01-23,DE,quantile,0.975,1.6006
19094,7 day R,2022-01-24,DE,point,NA,1.44015
19094,7 day R,2022-01-24,DE,quantile,0.025,1.29025
19094,7 day R,2022-01-24,DE,quantile,0.975,1.5885
19094,7 day R,2022-01-25,DE,point,NA,1.43335
19094,7 day R,2022-01-25,DE,quantile,0.025,1.2831
19094,7 day R,2022-01-25,DE,quantile,0.975,1.58225
19094,7 day R,2022-01-26,DE,point,NA,1.4177
19094,7 day R,2022-01-26,DE,quantile,0.025,1.26945
19094,7 day R,2022-01-26,DE,quantile,0.975,1.5671499999999998
19094,7 day R,2022-01-27,DE,point,NA,1.4081000000000001
19094,7 day R,2022-01-27,DE,quantile,0.025,1.2588
19094,7 day R,2022-01-27,DE,quantile,0.975,1.5579
19094,7 day R,2022-01-28,DE,point,NA,1.384
19094,7 day R,2022-01-28,DE,quantile,0.025,1.23525
19094,7 day R,2022-01-28,DE,quantile,0.975,1.53385
19094,7 day R,2022-01-29,DE,point,NA,1.3653
19094,7 day R,2022-01-29,DE,quantile,0.025,1.216
19094,7 day R,2022-01-29,DE,quantile,0.975,1.5146
19094,7 day R,2022-01-30,DE,point,NA,1.33825
19094,7 day R,2022-01-30,DE,quantile,0.025,1.1885
19094,7 day R,2022-01-30,DE,quantile,0.975,1.4875
19094,7 day R,2022-01-31,DE,point,NA,1.3111
19094,7 day R,2022-01-31,DE,quantile,0.025,1.1615
19094,7 day R,2022-01-31,DE,quantile,0.975,1.4610500000000002
19094,7 day R,2022-02-01,DE,point,NA,1.2908
19094,7 day R,2022-02-01,DE,quantile,0.025,1.1427
19094,7 day R,2022-02-01,DE,quantile,0.975,1.44065
19094,7 day R,2022-02-02,DE,point,NA,1.2664499999999999
19094,7 day R,2022-02-02,DE,quantile,0.025,1.1165
19094,7 day R,2022-02-02,DE,quantile,0.975,1.4154
19094,7 day R,2022-02-03,DE,point,NA,1.2504499999999998
19094,7 day R,2022-02-03,DE,quantile,0.025,1.09965
19094,7 day R,2022-02-03,DE,quantile,0.975,1.39995
19094,7 day R,2022-02-04,DE,point,NA,1.24095
19094,7 day R,2022-02-04,DE,quantile,0.025,1.09055
19094,7 day R,2022-02-04,DE,quantile,0.975,1.3913
19094,7 day R,2022-02-05,DE,point,NA,1.2202
19094,7 day R,2022-02-05,DE,quantile,0.025,1.07055
19094,7 day R,2022-02-05,DE,quantile,0.975,1.36955
19094,7 day R,2022-02-06,DE,point,NA,1.196
19094,7 day R,2022-02-06,DE,quantile,0.025,1.0478999999999998
19094,7 day R,2022-02-06,DE,quantile,0.975,1.34685
19094,7 day R,2022-02-07,DE,point,NA,1.1697000000000002
19094,7 day R,2022-02-07,DE,quantile,0.025,1.0215999999999998
19094,7 day R,2022-02-07,DE,quantile,0.975,1.3192
19094,7 day R,2022-02-08,DE,point,NA,1.1369
19094,7 day R,2022-02-08,DE,quantile,0.025,0.98740000000000006
19094,7 day R,2022-02-08,DE,quantile,0.975,1.285
19094,7 day R,2022-02-09,DE,point,NA,1.1065
19094,7 day R,2022-02-09,DE,quantile,0.025,0.9554
19094,7 day R,2022-02-09,DE,quantile,0.975,1.25485
19094,7 day R,2022-02-10,DE,point,NA,1.08035
19094,7 day R,2022-02-10,DE,quantile,0.025,0.9292
19094,7 day R,2022-02-10,DE,quantile,0.975,1.2301
19094,7 day R,2022-02-11,DE,point,NA,1.06435
19094,7 day R,2022-02-11,DE,quantile,0.025,0.91185
19094,7 day R,2022-02-11,DE,quantile,0.975,1.21365
19094,7 day R,2022-02-12,DE,point,NA,1.054
19094,7 day R,2022-02-12,DE,quantile,0.025,0.9033
19094,7 day R,2022-02-12,DE,quantile,0.975,1.2045
19094,7 day R,2022-02-13,DE,point,NA,1.0438
19094,7 day R,2022-02-13,DE,quantile,0.025,0.8935
19094,7 day R,2022-02-13,DE,quantile,0.975,1.1935500000000001
19094,7 day R,2022-02-14,DE,point,NA,1.0274
19094,7 day R,2022-02-14,DE,quantile,0.025,0.87815
19094,7 day R,2022-02-14,DE,quantile,0.975,1.1771
19094,7 day R,2022-02-15,DE,point,NA,1.0084
19094,7 day R,2022-02-15,DE,quantile,0.025,0.8593
19094,7 day R,2022-02-15,DE,quantile,0.975,1.1596000000000002
19094,7 day R,2022-02-16,DE,point,NA,0.98755
19094,7 day R,2022-02-16,DE,quantile,0.025,0.8371999999999999
19094,7 day R,2022-02-16,DE,quantile,0.975,1.13795
19094,7 day R,2022-02-17,DE,point,NA,0.9742999999999999
19094,7 day R,2022-02-17,DE,quantile,0.025,0.82375
19094,7 day R,2022-02-17,DE,quantile,0.975,1.1252
19094,7 day R,2022-02-18,DE,point,NA,0.96885
19094,7 day R,2022-02-18,DE,quantile,0.025,0.8182
19094,7 day R,2022-02-18,DE,quantile,0.975,1.12045
19094,7 day R,2022-02-19,DE,point,NA,0.9706
19094,7 day R,2022-02-19,DE,quantile,0.025,0.82115
19094,7 day R,2022-02-19,DE,quantile,0.975,1.12085
19094,7 day R,2022-02-20,DE,point,NA,0.9738
19094,7 day R,2022-02-20,DE,quantile,0.025,0.8249500000000001
19094,7 day R,2022-02-20,DE,quantile,0.975,1.12465
19094,7 day R,2022-02-21,DE,point,NA,0.9653499999999999
19094,7 day R,2022-02-21,DE,quantile,0.025,0.81495
19094,7 day R,2022-02-21,DE,quantile,0.975,1.1151
19094,7 day R,2022-02-22,DE,point,NA,0.9480500000000001
19094,7 day R,2022-02-22,DE,quantile,0.025,0.7986
19094,7 day R,2022-02-22,DE,quantile,0.975,1.09775
19094,7 day R,2022-02-23,DE,point,NA,0.94415
19094,7 day R,2022-02-23,DE,quantile,0.025,0.7947
19094,7 day R,2022-02-23,DE,quantile,0.975,1.0946
19094,7 day R,2022-02-24,DE,point,NA,0.9417500000000001
19094,7 day R,2022-02-24,DE,quantile,0.025,0.79115
19094,7 day R,2022-02-24,DE,quantile,0.975,1.09165
19094,7 day R,2022-02-25,DE,point,NA,0.9484
19094,7 day R,2022-02-25,DE,quantile,0.025,0.7970999999999999
19094,7 day R,2022-02-25,DE,quantile,0.975,1.09775
19094,7 day R,2022-02-26,DE,point,NA,0.95695
19094,7 day R,2022-02-26,DE,quantile,0.025,0.80735
19094,7 day R,2022-02-26,DE,quantile,0.975,1.1061
19094,7 day R,2022-02-27,DE,point,NA,0.96505
19094,7 day R,2022-02-27,DE,quantile,0.025,0.81645
19094,7 day R,2022-02-27,DE,quantile,0.975,1.11325
19094,7 day R,2022-02-28,DE,point,NA,0.96365
19094,7 day R,2022-02-28,DE,quantile,0.025,0.8143
19094,7 day R,2022-02-28,DE,quantile,0.975,1.1141
19094,7 day R,2022-03-01,DE,point,NA,0.9589
19094,7 day R,2022-03-01,DE,quantile,0.025,0.80995
19094,7 day R,2022-03-01,DE,quantile,0.975,1.10615
19094,7 day R,2022-03-02,DE,point,NA,0.9681
19094,7 day R,2022-03-02,DE,quantile,0.025,0.81945
19094,7 day R,2022-03-02,DE,quantile,0.975,1.1184500000000002
19094,7 day R,2022-03-03,DE,point,NA,0.9921
19094,7 day R,2022-03-03,DE,quantile,0.025,0.8422000000000001
19094,7 day R,2022-03-03,DE,quantile,0.975,1.14175
19094,7 day R,2022-03-04,DE,point,NA,1.02605
19094,7 day R,2022-03-04,DE,quantile,0.025,0.8767
19094,7 day R,2022-03-04,DE,quantile,0.975,1.17465
19094,7 day R,2022-03-05,DE,point,NA,1.05325
19094,7 day R,2022-03-05,DE,quantile,0.025,0.90325
19094,7 day R,2022-03-05,DE,quantile,0.975,1.2021
19094,7 day R,2022-03-06,DE,point,NA,1.072
19094,7 day R,2022-03-06,DE,quantile,0.025,0.92255
19094,7 day R,2022-03-06,DE,quantile,0.975,1.22025
19094,7 day R,2022-03-07,DE,point,NA,1.0843500000000001
19094,7 day R,2022-03-07,DE,quantile,0.025,0.93495
19094,7 day R,2022-03-07,DE,quantile,0.975,1.2336
19094,7 day R,2022-03-08,DE,point,NA,1.09245
19094,7 day R,2022-03-08,DE,quantile,0.025,0.9419500000000001
19094,7 day R,2022-03-08,DE,quantile,0.975,1.24305
19094,7 day R,2022-03-09,DE,point,NA,1.1049
19094,7 day R,2022-03-09,DE,quantile,0.025,0.9561
19094,7 day R,2022-03-09,DE,quantile,0.975,1.2546499999999998
19094,7 day R,2022-03-10,DE,point,NA,1.12825
19094,7 day R,2022-03-10,DE,quantile,0.025,0.97865
19094,7 day R,2022-03-10,DE,quantile,0.975,1.2777
19094,7 day R,2022-03-11,DE,point,NA,1.1467999999999998
19094,7 day R,2022-03-11,DE,quantile,0.025,0.9961
19094,7 day R,2022-03-11,DE,quantile,0.975,1.2964
19094,7 day R,2022-03-12,DE,point,NA,1.15895
19094,7 day R,2022-03-12,DE,quantile,0.025,1.0096
19094,7 day R,2022-03-12,DE,quantile,0.975,1.3090000000000002
19094,7 day R,2022-03-13,DE,point,NA,1.1599
19094,7 day R,2022-03-13,DE,quantile,0.025,1.0098
19094,7 day R,2022-03-13,DE,quantile,0.975,1.3102
19094,7 day R,2022-03-14,DE,point,NA,1.15035
19094,7 day R,2022-03-14,DE,quantile,0.025,1.0013999999999998
19094,7 day R,2022-03-14,DE,quantile,0.975,1.30095
19094,7 day R,2022-03-15,DE,point,NA,1.1409
19094,7 day R,2022-03-15,DE,quantile,0.025,0.99045
19094,7 day R,2022-03-15,DE,quantile,0.975,1.2906
19094,7 day R,2022-03-16,DE,point,NA,1.1315
19094,7 day R,2022-03-16,DE,quantile,0.025,0.9820500000000001
19094,7 day R,2022-03-16,DE,quantile,0.975,1.28225
19094,7 day R,2022-03-17,DE,point,NA,1.12835
19094,7 day R,2022-03-17,DE,quantile,0.025,0.979
19094,7 day R,2022-03-17,DE,quantile,0.975,1.2783
19094,7 day R,2022-03-18,DE,point,NA,1.1360999999999999
19094,7 day R,2022-03-18,DE,quantile,0.025,0.98705
19094,7 day R,2022-03-18,DE,quantile,0.975,1.2858
19094,7 day R,2022-03-19,DE,point,NA,1.1275499999999998
19094,7 day R,2022-03-19,DE,quantile,0.025,0.9781
19094,7 day R,2022-03-19,DE,quantile,0.975,1.27705
19094,7 day R,2022-03-20,DE,point,NA,1.1122999999999998
19094,7 day R,2022-03-20,DE,quantile,0.025,0.9621
19094,7 day R,2022-03-20,DE,quantile,0.975,1.2643499999999999
19094,7 day R,2022-03-21,DE,point,NA,1.10115
19094,7 day R,2022-03-21,DE,quantile,0.025,0.9506
19094,7 day R,2022-03-21,DE,quantile,0.975,1.2505000000000002
19094,7 day R,2022-03-22,DE,point,NA,1.0886
19094,7 day R,2022-03-22,DE,quantile,0.025,0.9378
19094,7 day R,2022-03-22,DE,quantile,0.975,1.23975
19094,7 day R,2022-03-23,DE,point,NA,1.0725500000000001
19094,7 day R,2022-03-23,DE,quantile,0.025,0.92195
19094,7 day R,2022-03-23,DE,quantile,0.975,1.22285
19094,7 day R,2022-03-24,DE,point,NA,1.0650499999999998
19094,7 day R,2022-03-24,DE,quantile,0.025,0.915
19094,7 day R,2022-03-24,DE,quantile,0.975,1.2142
19094,7 day R,2022-03-25,DE,point,NA,1.07515
19094,7 day R,2022-03-25,DE,quantile,0.025,0.9257500000000001
19094,7 day R,2022-03-25,DE,quantile,0.975,1.22415
19094,7 day R,2022-03-26,DE,point,NA,1.0698500000000002
19094,7 day R,2022-03-26,DE,quantile,0.025,0.9188
19094,7 day R,2022-03-26,DE,quantile,0.975,1.2184499999999998
19094,7 day R,2022-03-27,DE,point,NA,1.0681
19094,7 day R,2022-03-27,DE,quantile,0.025,0.92005
19094,7 day R,2022-03-27,DE,quantile,0.975,1.21705
19094,7 day R,2022-03-28,DE,point,NA,1.08365
19094,7 day R,2022-03-28,DE,quantile,0.025,0.9325
19094,7 day R,2022-03-28,DE,quantile,0.975,1.23395
19094,7 day R,2022-03-29,DE,point,NA,1.1120999999999999
19094,7 day R,2022-03-29,DE,quantile,0.025,0.9589000000000001
19094,7 day R,2022-03-29,DE,quantile,0.975,1.2671999999999999
19094,7 day R,2022-03-30,DE,point,NA,1.1366
19094,7 day R,2022-03-30,DE,quantile,0.025,0.97675
19094,7 day R,2022-03-30,DE,quantile,0.975,1.29775
19094,7 day R,2022-03-31,DE,point,NA,1.2073
19094,7 day R,2022-03-31,DE,quantile,0.025,1.03625
19094,7 day R,2022-03-31,DE,quantile,0.975,1.38315
19094,7 day R,2022-04-01,DE,point,NA,1.15275
19094,7 day R,2022-04-01,DE,quantile,0.025,0.9679
19094,7 day R,2022-04-01,DE,quantile,0.975,1.3408
19094,7 day R,2022-04-02,DE,point,NA,1.0989499999999999
19094,7 day R,2022-04-02,DE,quantile,0.025,0.9137500000000001
19094,7 day R,2022-04-02,DE,quantile,0.975,1.2865
19094,7 day R,2022-04-03,DE,point,NA,1.04515
19094,7 day R,2022-04-03,DE,quantile,0.025,0.8746
19094,7 day R,2022-04-03,DE,quantile,0.975,1.2172
19094,7 day R,2022-04-04,DE,point,NA,0.99525
19094,7 day R,2022-04-04,DE,quantile,0.025,0.8347
19094,7 day R,2022-04-04,DE,quantile,0.975,1.1574499999999999
19094,7 day R,2022-04-05,DE,point,NA,0.9982500000000001
19094,7 day R,2022-04-05,DE,quantile,0.025,0.8386
19094,7 day R,2022-04-05,DE,quantile,0.975,1.1594
19094,7 day R,2022-04-06,DE,point,NA,0.99165
19094,7 day R,2022-04-06,DE,quantile,0.025,0.83175
19094,7 day R,2022-04-06,DE,quantile,0.975,1.1524999999999999
19094,7 day R,2022-04-07,DE,point,NA,0.8775
19094,7 day R,2022-04-07,DE,quantile,0.025,0.7091000000000001
19094,7 day R,2022-04-07,DE,quantile,0.975,1.0444499999999999
19094,7 day R,2022-04-08,DE,point,NA,0.8391500000000001
19094,7 day R,2022-04-08,DE,quantile,0.025,0.65845
19094,7 day R,2022-04-08,DE,quantile,0.975,1.0199
19094,7 day R,2020-03-09,AT,point,NA,2.8424
19094,7 day R,2020-03-09,AT,quantile,0.025,2.5588
19094,7 day R,2020-03-09,AT,quantile,0.975,3.1256
19094,7 day R,2020-03-10,AT,point,NA,2.9074
19094,7 day R,2020-03-10,AT,quantile,0.025,2.6544
19094,7 day R,2020-03-10,AT,quantile,0.975,3.1583
19094,7 day R,2020-03-11,AT,point,NA,2.9821
19094,7 day R,2020-03-11,AT,quantile,0.025,2.7468
19094,7 day R,2020-03-11,AT,quantile,0.975,3.2162
19094,7 day R,2020-03-12,AT,point,NA,3.0349
19094,7 day R,2020-03-12,AT,quantile,0.025,2.8056
19094,7 day R,2020-03-12,AT,quantile,0.975,3.2628
19094,7 day R,2020-03-13,AT,point,NA,3.1687
19094,7 day R,2020-03-13,AT,quantile,0.025,2.935
19094,7 day R,2020-03-13,AT,quantile,0.975,3.4059
19094,7 day R,2020-03-14,AT,point,NA,3.0319
19094,7 day R,2020-03-14,AT,quantile,0.025,2.8106
19094,7 day R,2020-03-14,AT,quantile,0.975,3.2581
19094,7 day R,2020-03-15,AT,point,NA,2.8787
19094,7 day R,2020-03-15,AT,quantile,0.025,2.6625
19094,7 day R,2020-03-15,AT,quantile,0.975,3.098
19094,7 day R,2020-03-16,AT,point,NA,2.7392
19094,7 day R,2020-03-16,AT,quantile,0.025,2.5235
19094,7 day R,2020-03-16,AT,quantile,0.975,2.9544
19094,7 day R,2020-03-17,AT,point,NA,2.6668
19094,7 day R,2020-03-17,AT,quantile,0.025,2.4557
19094,7 day R,2020-03-17,AT,quantile,0.975,2.8802
19094,7 day R,2020-03-18,AT,point,NA,2.559
19094,7 day R,2020-03-18,AT,quantile,0.025,2.3436
19094,7 day R,2020-03-18,AT,quantile,0.975,2.7708
19094,7 day R,2020-03-19,AT,point,NA,2.4343
19094,7 day R,2020-03-19,AT,quantile,0.025,2.2211
19094,7 day R,2020-03-19,AT,quantile,0.975,2.6442
19094,7 day R,2020-03-20,AT,point,NA,2.3138
19094,7 day R,2020-03-20,AT,quantile,0.025,2.1025
19094,7 day R,2020-03-20,AT,quantile,0.975,2.5246
19094,7 day R,2020-03-21,AT,point,NA,2.3101
19094,7 day R,2020-03-21,AT,quantile,0.025,2.0976
19094,7 day R,2020-03-21,AT,quantile,0.975,2.5227
19094,7 day R,2020-03-22,AT,point,NA,2.3069
19094,7 day R,2020-03-22,AT,quantile,0.025,2.0921
19094,7 day R,2020-03-22,AT,quantile,0.975,2.5199
19094,7 day R,2020-03-23,AT,point,NA,2.2124
19094,7 day R,2020-03-23,AT,quantile,0.025,1.9979
19094,7 day R,2020-03-23,AT,quantile,0.975,2.4345
19094,7 day R,2020-03-24,AT,point,NA,2.0149
19094,7 day R,2020-03-24,AT,quantile,0.025,1.7999
19094,7 day R,2020-03-24,AT,quantile,0.975,2.2266
19094,7 day R,2020-03-25,AT,point,NA,1.8308
19094,7 day R,2020-03-25,AT,quantile,0.025,1.6162
19094,7 day R,2020-03-25,AT,quantile,0.975,2.0413
19094,7 day R,2020-03-26,AT,point,NA,1.7473
19094,7 day R,2020-03-26,AT,quantile,0.025,1.5324
19094,7 day R,2020-03-26,AT,quantile,0.975,1.9604
19094,7 day R,2020-03-27,AT,point,NA,1.5295
19094,7 day R,2020-03-27,AT,quantile,0.025,1.3177
19094,7 day R,2020-03-27,AT,quantile,0.975,1.7419
19094,7 day R,2020-03-28,AT,point,NA,1.3824
19094,7 day R,2020-03-28,AT,quantile,0.025,1.1692
19094,7 day R,2020-03-28,AT,quantile,0.975,1.5969
19094,7 day R,2020-03-29,AT,point,NA,1.2582
19094,7 day R,2020-03-29,AT,quantile,0.025,1.0433
19094,7 day R,2020-03-29,AT,quantile,0.975,1.4725
19094,7 day R,2020-03-30,AT,point,NA,1.1823
19094,7 day R,2020-03-30,AT,quantile,0.025,0.9674
19094,7 day R,2020-03-30,AT,quantile,0.975,1.3963
19094,7 day R,2020-03-31,AT,point,NA,1.0577
19094,7 day R,2020-03-31,AT,quantile,0.025,0.8409
19094,7 day R,2020-03-31,AT,quantile,0.975,1.2731
19094,7 day R,2020-04-01,AT,point,NA,0.9578
19094,7 day R,2020-04-01,AT,quantile,0.025,0.7423
19094,7 day R,2020-04-01,AT,quantile,0.975,1.169
19094,7 day R,2020-04-02,AT,point,NA,0.8372
19094,7 day R,2020-04-02,AT,quantile,0.025,0.6197
19094,7 day R,2020-04-02,AT,quantile,0.975,1.0521
19094,7 day R,2020-04-03,AT,point,NA,0.7529
19094,7 day R,2020-04-03,AT,quantile,0.025,0.5335
19094,7 day R,2020-04-03,AT,quantile,0.975,0.9691
19094,7 day R,2020-04-04,AT,point,NA,0.7134
19094,7 day R,2020-04-04,AT,quantile,0.025,0.496
19094,7 day R,2020-04-04,AT,quantile,0.975,0.9274
19094,7 day R,2020-04-05,AT,point,NA,0.6933
19094,7 day R,2020-04-05,AT,quantile,0.025,0.479
19094,7 day R,2020-04-05,AT,quantile,0.975,0.9065
19094,7 day R,2020-04-06,AT,point,NA,0.689
19094,7 day R,2020-04-06,AT,quantile,0.025,0.4767
19094,7 day R,2020-04-06,AT,quantile,0.975,0.9007
19094,7 day R,2020-04-07,AT,point,NA,0.6863
19094,7 day R,2020-04-07,AT,quantile,0.025,0.4765
19094,7 day R,2020-04-07,AT,quantile,0.975,0.8976
19094,7 day R,2020-04-08,AT,point,NA,0.6776
19094,7 day R,2020-04-08,AT,quantile,0.025,0.4683
19094,7 day R,2020-04-08,AT,quantile,0.975,0.8889
19094,7 day R,2020-04-09,AT,point,NA,0.642
19094,7 day R,2020-04-09,AT,quantile,0.025,0.4266
19094,7 day R,2020-04-09,AT,quantile,0.975,0.8524
19094,7 day R,2020-04-10,AT,point,NA,0.611
19094,7 day R,2020-04-10,AT,quantile,0.025,0.3951
19094,7 day R,2020-04-10,AT,quantile,0.975,0.8228
19094,7 day R,2020-04-11,AT,point,NA,0.5864
19094,7 day R,2020-04-11,AT,quantile,0.025,0.3737
19094,7 day R,2020-04-11,AT,quantile,0.975,0.7983
19094,7 day R,2020-04-12,AT,point,NA,0.5492
19094,7 day R,2020-04-12,AT,quantile,0.025,0.3365
19094,7 day R,2020-04-12,AT,quantile,0.975,0.7594
19094,7 day R,2020-04-13,AT,point,NA,0.5278
19094,7 day R,2020-04-13,AT,quantile,0.025,0.3162
19094,7 day R,2020-04-13,AT,quantile,0.975,0.7412
19094,7 day R,2020-04-14,AT,point,NA,0.5133
19094,7 day R,2020-04-14,AT,quantile,0.025,0.3027
19094,7 day R,2020-04-14,AT,quantile,0.975,0.7261
19094,7 day R,2020-04-15,AT,point,NA,0.4917
19094,7 day R,2020-04-15,AT,quantile,0.025,0.28
19094,7 day R,2020-04-15,AT,quantile,0.975,0.705
19094,7 day R,2020-04-16,AT,point,NA,0.4627
19094,7 day R,2020-04-16,AT,quantile,0.025,0.2518
19094,7 day R,2020-04-16,AT,quantile,0.975,0.6738
19094,7 day R,2020-04-17,AT,point,NA,0.4414
19094,7 day R,2020-04-17,AT,quantile,0.025,0.2302
19094,7 day R,2020-04-17,AT,quantile,0.975,0.6519
19094,7 day R,2020-04-18,AT,point,NA,0.4341
19094,7 day R,2020-04-18,AT,quantile,0.025,0.2216
19094,7 day R,2020-04-18,AT,quantile,0.975,0.6472
19094,7 day R,2020-04-19,AT,point,NA,0.4412
19094,7 day R,2020-04-19,AT,quantile,0.025,0.2274
19094,7 day R,2020-04-19,AT,quantile,0.975,0.6528
19094,7 day R,2020-04-20,AT,point,NA,0.4508
19094,7 day R,2020-04-20,AT,quantile,0.025,0.2388
19094,7 day R,2020-04-20,AT,quantile,0.975,0.6621
19094,7 day R,2020-04-21,AT,point,NA,0.4602
19094,7 day R,2020-04-21,AT,quantile,0.025,0.245
19094,7 day R,2020-04-21,AT,quantile,0.975,0.675
19094,7 day R,2020-04-22,AT,point,NA,0.4761
19094,7 day R,2020-04-22,AT,quantile,0.025,0.2638
19094,7 day R,2020-04-22,AT,quantile,0.975,0.6888
19094,7 day R,2020-04-23,AT,point,NA,0.4897
19094,7 day R,2020-04-23,AT,quantile,0.025,0.2751
19094,7 day R,2020-04-23,AT,quantile,0.975,0.7005
19094,7 day R,2020-04-24,AT,point,NA,0.512
19094,7 day R,2020-04-24,AT,quantile,0.025,0.2959
19094,7 day R,2020-04-24,AT,quantile,0.975,0.7253
19094,7 day R,2020-04-25,AT,point,NA,0.5482
19094,7 day R,2020-04-25,AT,quantile,0.025,0.3349
19094,7 day R,2020-04-25,AT,quantile,0.975,0.7657
19094,7 day R,2020-04-26,AT,point,NA,0.5811
19094,7 day R,2020-04-26,AT,quantile,0.025,0.3663
19094,7 day R,2020-04-26,AT,quantile,0.975,0.7968
19094,7 day R,2020-04-27,AT,point,NA,0.5974
19094,7 day R,2020-04-27,AT,quantile,0.025,0.3869
19094,7 day R,2020-04-27,AT,quantile,0.975,0.8063
19094,7 day R,2020-04-28,AT,point,NA,0.6027
19094,7 day R,2020-04-28,AT,quantile,0.025,0.3913
19094,7 day R,2020-04-28,AT,quantile,0.975,0.8169
19094,7 day R,2020-04-29,AT,point,NA,0.5919
19094,7 day R,2020-04-29,AT,quantile,0.025,0.3786
19094,7 day R,2020-04-29,AT,quantile,0.975,0.8091
19094,7 day R,2020-04-30,AT,point,NA,0.5762
19094,7 day R,2020-04-30,AT,quantile,0.025,0.3616
19094,7 day R,2020-04-30,AT,quantile,0.975,0.7885
19094,7 day R,2020-05-01,AT,point,NA,0.5833
19094,7 day R,2020-05-01,AT,quantile,0.025,0.3707
19094,7 day R,2020-05-01,AT,quantile,0.975,0.7948
19094,7 day R,2020-05-02,AT,point,NA,0.5611
19094,7 day R,2020-05-02,AT,quantile,0.025,0.3492
19094,7 day R,2020-05-02,AT,quantile,0.975,0.7729
19094,7 day R,2020-05-03,AT,point,NA,0.5819
19094,7 day R,2020-05-03,AT,quantile,0.025,0.3711
19094,7 day R,2020-05-03,AT,quantile,0.975,0.7956
19094,7 day R,2020-05-04,AT,point,NA,0.6041
19094,7 day R,2020-05-04,AT,quantile,0.025,0.3929
19094,7 day R,2020-05-04,AT,quantile,0.975,0.8213
19094,7 day R,2020-05-05,AT,point,NA,0.6257
19094,7 day R,2020-05-05,AT,quantile,0.025,0.4106
19094,7 day R,2020-05-05,AT,quantile,0.975,0.8415
19094,7 day R,2020-05-06,AT,point,NA,0.6828
19094,7 day R,2020-05-06,AT,quantile,0.025,0.4706
19094,7 day R,2020-05-06,AT,quantile,0.975,0.8943
19094,7 day R,2020-05-07,AT,point,NA,0.7287
19094,7 day R,2020-05-07,AT,quantile,0.025,0.5177
19094,7 day R,2020-05-07,AT,quantile,0.975,0.9399
19094,7 day R,2020-05-08,AT,point,NA,0.7395
19094,7 day R,2020-05-08,AT,quantile,0.025,0.5244
19094,7 day R,2020-05-08,AT,quantile,0.975,0.9495
19094,7 day R,2020-05-09,AT,point,NA,0.7939
19094,7 day R,2020-05-09,AT,quantile,0.025,0.5814
19094,7 day R,2020-05-09,AT,quantile,0.975,1.0068
19094,7 day R,2020-05-10,AT,point,NA,0.8361
19094,7 day R,2020-05-10,AT,quantile,0.025,0.6221
19094,7 day R,2020-05-10,AT,quantile,0.975,1.049
19094,7 day R,2020-05-11,AT,point,NA,0.8802
19094,7 day R,2020-05-11,AT,quantile,0.025,0.6682
19094,7 day R,2020-05-11,AT,quantile,0.975,1.0925
19094,7 day R,2020-05-12,AT,point,NA,0.9684
19094,7 day R,2020-05-12,AT,quantile,0.025,0.7566
19094,7 day R,2020-05-12,AT,quantile,0.975,1.1842
19094,7 day R,2020-05-13,AT,point,NA,0.9813
19094,7 day R,2020-05-13,AT,quantile,0.025,0.7681
19094,7 day R,2020-05-13,AT,quantile,0.975,1.1948
19094,7 day R,2020-05-14,AT,point,NA,0.9994
19094,7 day R,2020-05-14,AT,quantile,0.025,0.7847
19094,7 day R,2020-05-14,AT,quantile,0.975,1.2161
19094,7 day R,2020-05-15,AT,point,NA,1.0115
19094,7 day R,2020-05-15,AT,quantile,0.025,0.7998
19094,7 day R,2020-05-15,AT,quantile,0.975,1.2246
19094,7 day R,2020-05-16,AT,point,NA,1.02
19094,7 day R,2020-05-16,AT,quantile,0.025,0.8062
19094,7 day R,2020-05-16,AT,quantile,0.975,1.2345
19094,7 day R,2020-05-17,AT,point,NA,0.9646
19094,7 day R,2020-05-17,AT,quantile,0.025,0.752
19094,7 day R,2020-05-17,AT,quantile,0.975,1.1772
19094,7 day R,2020-05-18,AT,point,NA,0.9177
19094,7 day R,2020-05-18,AT,quantile,0.025,0.7061
19094,7 day R,2020-05-18,AT,quantile,0.975,1.1327
19094,7 day R,2020-05-19,AT,point,NA,0.8932
19094,7 day R,2020-05-19,AT,quantile,0.025,0.6812
19094,7 day R,2020-05-19,AT,quantile,0.975,1.1072
19094,7 day R,2020-05-20,AT,point,NA,0.8614
19094,7 day R,2020-05-20,AT,quantile,0.025,0.6497
19094,7 day R,2020-05-20,AT,quantile,0.975,1.0758
19094,7 day R,2020-05-21,AT,point,NA,0.8345
19094,7 day R,2020-05-21,AT,quantile,0.025,0.6208
19094,7 day R,2020-05-21,AT,quantile,0.975,1.0471
19094,7 day R,2020-05-22,AT,point,NA,0.8037
19094,7 day R,2020-05-22,AT,quantile,0.025,0.5909
19094,7 day R,2020-05-22,AT,quantile,0.975,1.0167
19094,7 day R,2020-05-23,AT,point,NA,0.7892
19094,7 day R,2020-05-23,AT,quantile,0.025,0.5755
19094,7 day R,2020-05-23,AT,quantile,0.975,1.0023
19094,7 day R,2020-05-24,AT,point,NA,0.7739
19094,7 day R,2020-05-24,AT,quantile,0.025,0.5645
19094,7 day R,2020-05-24,AT,quantile,0.975,0.9869
19094,7 day R,2020-05-25,AT,point,NA,0.7873
19094,7 day R,2020-05-25,AT,quantile,0.025,0.5762
19094,7 day R,2020-05-25,AT,quantile,0.975,0.9952
19094,7 day R,2020-05-26,AT,point,NA,0.7746
19094,7 day R,2020-05-26,AT,quantile,0.025,0.5605
19094,7 day R,2020-05-26,AT,quantile,0.975,0.9863
19094,7 day R,2020-05-27,AT,point,NA,0.8022
19094,7 day R,2020-05-27,AT,quantile,0.025,0.5876
19094,7 day R,2020-05-27,AT,quantile,0.975,1.018
19094,7 day R,2020-05-28,AT,point,NA,0.8004
19094,7 day R,2020-05-28,AT,quantile,0.025,0.5865
19094,7 day R,2020-05-28,AT,quantile,0.975,1.0157
19094,7 day R,2020-05-29,AT,point,NA,0.7952
19094,7 day R,2020-05-29,AT,quantile,0.025,0.582
19094,7 day R,2020-05-29,AT,quantile,0.975,1.0075
19094,7 day R,2020-05-30,AT,point,NA,0.8055
19094,7 day R,2020-05-30,AT,quantile,0.025,0.5916
19094,7 day R,2020-05-30,AT,quantile,0.975,1.0184
19094,7 day R,2020-05-31,AT,point,NA,0.8421
19094,7 day R,2020-05-31,AT,quantile,0.025,0.6291
19094,7 day R,2020-05-31,AT,quantile,0.975,1.0528
19094,7 day R,2020-06-01,AT,point,NA,0.8015
19094,7 day R,2020-06-01,AT,quantile,0.025,0.5874
19094,7 day R,2020-06-01,AT,quantile,0.975,1.0161
19094,7 day R,2020-06-02,AT,point,NA,0.8395
19094,7 day R,2020-06-02,AT,quantile,0.025,0.6248
19094,7 day R,2020-06-02,AT,quantile,0.975,1.0558
19094,7 day R,2020-06-03,AT,point,NA,0.8736
19094,7 day R,2020-06-03,AT,quantile,0.025,0.6606
19094,7 day R,2020-06-03,AT,quantile,0.975,1.0849
19094,7 day R,2020-06-04,AT,point,NA,0.9506
19094,7 day R,2020-06-04,AT,quantile,0.025,0.7373
19094,7 day R,2020-06-04,AT,quantile,0.975,1.1639
19094,7 day R,2020-06-05,AT,point,NA,1.009
19094,7 day R,2020-06-05,AT,quantile,0.025,0.7971
19094,7 day R,2020-06-05,AT,quantile,0.975,1.2249
19094,7 day R,2020-06-06,AT,point,NA,1.0462
19094,7 day R,2020-06-06,AT,quantile,0.025,0.8343
19094,7 day R,2020-06-06,AT,quantile,0.975,1.2589
19094,7 day R,2020-06-07,AT,point,NA,1.0186
19094,7 day R,2020-06-07,AT,quantile,0.025,0.8078
19094,7 day R,2020-06-07,AT,quantile,0.975,1.2307
19094,7 day R,2020-06-08,AT,point,NA,1.069
19094,7 day R,2020-06-08,AT,quantile,0.025,0.8576
19094,7 day R,2020-06-08,AT,quantile,0.975,1.2825
19094,7 day R,2020-06-09,AT,point,NA,0.9811
19094,7 day R,2020-06-09,AT,quantile,0.025,0.7652
19094,7 day R,2020-06-09,AT,quantile,0.975,1.1927
19094,7 day R,2020-06-10,AT,point,NA,0.958
19094,7 day R,2020-06-10,AT,quantile,0.025,0.7422
19094,7 day R,2020-06-10,AT,quantile,0.975,1.1693
19094,7 day R,2020-06-11,AT,point,NA,0.9388
19094,7 day R,2020-06-11,AT,quantile,0.025,0.7242
19094,7 day R,2020-06-11,AT,quantile,0.975,1.1499
19094,7 day R,2020-06-12,AT,point,NA,0.9256
19094,7 day R,2020-06-12,AT,quantile,0.025,0.7119
19094,7 day R,2020-06-12,AT,quantile,0.975,1.1385
19094,7 day R,2020-06-13,AT,point,NA,0.9286
19094,7 day R,2020-06-13,AT,quantile,0.025,0.7123
19094,7 day R,2020-06-13,AT,quantile,0.975,1.1444
19094,7 day R,2020-06-14,AT,point,NA,1.0103
19094,7 day R,2020-06-14,AT,quantile,0.025,0.7945
19094,7 day R,2020-06-14,AT,quantile,0.975,1.2249
19094,7 day R,2020-06-15,AT,point,NA,1.0564
19094,7 day R,2020-06-15,AT,quantile,0.025,0.8428
19094,7 day R,2020-06-15,AT,quantile,0.975,1.2707
19094,7 day R,2020-06-16,AT,point,NA,1.1143
19094,7 day R,2020-06-16,AT,quantile,0.025,0.9016
19094,7 day R,2020-06-16,AT,quantile,0.975,1.3282
19094,7 day R,2020-06-17,AT,point,NA,1.063
19094,7 day R,2020-06-17,AT,quantile,0.025,0.8517
19094,7 day R,2020-06-17,AT,quantile,0.975,1.2764
19094,7 day R,2020-06-18,AT,point,NA,1.08
19094,7 day R,2020-06-18,AT,quantile,0.025,0.866
19094,7 day R,2020-06-18,AT,quantile,0.975,1.291
19094,7 day R,2020-06-19,AT,point,NA,1.141
19094,7 day R,2020-06-19,AT,quantile,0.025,0.9276
19094,7 day R,2020-06-19,AT,quantile,0.975,1.3516
19094,7 day R,2020-06-20,AT,point,NA,1.1617
19094,7 day R,2020-06-20,AT,quantile,0.025,0.9488
19094,7 day R,2020-06-20,AT,quantile,0.975,1.374
19094,7 day R,2020-06-21,AT,point,NA,1.139
19094,7 day R,2020-06-21,AT,quantile,0.025,0.9236
19094,7 day R,2020-06-21,AT,quantile,0.975,1.3521
19094,7 day R,2020-06-22,AT,point,NA,1.1699
19094,7 day R,2020-06-22,AT,quantile,0.025,0.9549
19094,7 day R,2020-06-22,AT,quantile,0.975,1.3823
19094,7 day R,2020-06-23,AT,point,NA,1.1856
19094,7 day R,2020-06-23,AT,quantile,0.025,0.9718
19094,7 day R,2020-06-23,AT,quantile,0.975,1.3972
19094,7 day R,2020-06-24,AT,point,NA,1.2184
19094,7 day R,2020-06-24,AT,quantile,0.025,1.0056
19094,7 day R,2020-06-24,AT,quantile,0.975,1.4338
19094,7 day R,2020-06-25,AT,point,NA,1.2529
19094,7 day R,2020-06-25,AT,quantile,0.025,1.0384
19094,7 day R,2020-06-25,AT,quantile,0.975,1.4678
19094,7 day R,2020-06-26,AT,point,NA,1.3289
19094,7 day R,2020-06-26,AT,quantile,0.025,1.1145
19094,7 day R,2020-06-26,AT,quantile,0.975,1.541
19094,7 day R,2020-06-27,AT,point,NA,1.4289
19094,7 day R,2020-06-27,AT,quantile,0.025,1.2153
19094,7 day R,2020-06-27,AT,quantile,0.975,1.6411
19094,7 day R,2020-06-28,AT,point,NA,1.5127
19094,7 day R,2020-06-28,AT,quantile,0.025,1.2998
19094,7 day R,2020-06-28,AT,quantile,0.975,1.7278
19094,7 day R,2020-06-29,AT,point,NA,1.5307
19094,7 day R,2020-06-29,AT,quantile,0.025,1.3182
19094,7 day R,2020-06-29,AT,quantile,0.975,1.7432
19094,7 day R,2020-06-30,AT,point,NA,1.5248
19094,7 day R,2020-06-30,AT,quantile,0.025,1.3125
19094,7 day R,2020-06-30,AT,quantile,0.975,1.7379
19094,7 day R,2020-07-01,AT,point,NA,1.5578
19094,7 day R,2020-07-01,AT,quantile,0.025,1.347
19094,7 day R,2020-07-01,AT,quantile,0.975,1.7727
19094,7 day R,2020-07-02,AT,point,NA,1.5212
19094,7 day R,2020-07-02,AT,quantile,0.025,1.311
19094,7 day R,2020-07-02,AT,quantile,0.975,1.7348
19094,7 day R,2020-07-03,AT,point,NA,1.5088
19094,7 day R,2020-07-03,AT,quantile,0.025,1.2971
19094,7 day R,2020-07-03,AT,quantile,0.975,1.7211
19094,7 day R,2020-07-04,AT,point,NA,1.4782
19094,7 day R,2020-07-04,AT,quantile,0.025,1.2633
19094,7 day R,2020-07-04,AT,quantile,0.975,1.6946
19094,7 day R,2020-07-05,AT,point,NA,1.4192
19094,7 day R,2020-07-05,AT,quantile,0.025,1.2075
19094,7 day R,2020-07-05,AT,quantile,0.975,1.6374
19094,7 day R,2020-07-06,AT,point,NA,1.3337
19094,7 day R,2020-07-06,AT,quantile,0.025,1.1227
19094,7 day R,2020-07-06,AT,quantile,0.975,1.5477
19094,7 day R,2020-07-07,AT,point,NA,1.2544
19094,7 day R,2020-07-07,AT,quantile,0.025,1.0406
19094,7 day R,2020-07-07,AT,quantile,0.975,1.4663
19094,7 day R,2020-07-08,AT,point,NA,1.2075
19094,7 day R,2020-07-08,AT,quantile,0.025,0.9949
19094,7 day R,2020-07-08,AT,quantile,0.975,1.422
19094,7 day R,2020-07-09,AT,point,NA,1.1833
19094,7 day R,2020-07-09,AT,quantile,0.025,0.9701
19094,7 day R,2020-07-09,AT,quantile,0.975,1.3974
19094,7 day R,2020-07-10,AT,point,NA,1.1431
19094,7 day R,2020-07-10,AT,quantile,0.025,0.9273
19094,7 day R,2020-07-10,AT,quantile,0.975,1.3567
19094,7 day R,2020-07-11,AT,point,NA,1.1326
19094,7 day R,2020-07-11,AT,quantile,0.025,0.917
19094,7 day R,2020-07-11,AT,quantile,0.975,1.3462
19094,7 day R,2020-07-12,AT,point,NA,1.1571
19094,7 day R,2020-07-12,AT,quantile,0.025,0.9427
19094,7 day R,2020-07-12,AT,quantile,0.975,1.3718
19094,7 day R,2020-07-13,AT,point,NA,1.1522
19094,7 day R,2020-07-13,AT,quantile,0.025,0.9397
19094,7 day R,2020-07-13,AT,quantile,0.975,1.3675
19094,7 day R,2020-07-14,AT,point,NA,1.1842
19094,7 day R,2020-07-14,AT,quantile,0.025,0.9698
19094,7 day R,2020-07-14,AT,quantile,0.975,1.3995
19094,7 day R,2020-07-15,AT,point,NA,1.2231
19094,7 day R,2020-07-15,AT,quantile,0.025,1.01
19094,7 day R,2020-07-15,AT,quantile,0.975,1.4359
19094,7 day R,2020-07-16,AT,point,NA,1.2303
19094,7 day R,2020-07-16,AT,quantile,0.025,1.0182
19094,7 day R,2020-07-16,AT,quantile,0.975,1.4437
19094,7 day R,2020-07-17,AT,point,NA,1.2296
19094,7 day R,2020-07-17,AT,quantile,0.025,1.0179
19094,7 day R,2020-07-17,AT,quantile,0.975,1.4447
19094,7 day R,2020-07-18,AT,point,NA,1.1882
19094,7 day R,2020-07-18,AT,quantile,0.025,0.9768
19094,7 day R,2020-07-18,AT,quantile,0.975,1.4028
19094,7 day R,2020-07-19,AT,point,NA,1.136
19094,7 day R,2020-07-19,AT,quantile,0.025,0.923
19094,7 day R,2020-07-19,AT,quantile,0.975,1.351
19094,7 day R,2020-07-20,AT,point,NA,1.1228
19094,7 day R,2020-07-20,AT,quantile,0.025,0.9124
19094,7 day R,2020-07-20,AT,quantile,0.975,1.3363
19094,7 day R,2020-07-21,AT,point,NA,1.1099
19094,7 day R,2020-07-21,AT,quantile,0.025,0.8997
19094,7 day R,2020-07-21,AT,quantile,0.975,1.3242
19094,7 day R,2020-07-22,AT,point,NA,1.1094
19094,7 day R,2020-07-22,AT,quantile,0.025,0.8975
19094,7 day R,2020-07-22,AT,quantile,0.975,1.3185
19094,7 day R,2020-07-23,AT,point,NA,1.1362
19094,7 day R,2020-07-23,AT,quantile,0.025,0.9244
19094,7 day R,2020-07-23,AT,quantile,0.975,1.3462
19094,7 day R,2020-07-24,AT,point,NA,1.1052
19094,7 day R,2020-07-24,AT,quantile,0.025,0.8956
19094,7 day R,2020-07-24,AT,quantile,0.975,1.3121
19094,7 day R,2020-07-25,AT,point,NA,1.1112
19094,7 day R,2020-07-25,AT,quantile,0.025,0.901
19094,7 day R,2020-07-25,AT,quantile,0.975,1.3184
19094,7 day R,2020-07-26,AT,point,NA,1.1187
19094,7 day R,2020-07-26,AT,quantile,0.025,0.9096
19094,7 day R,2020-07-26,AT,quantile,0.975,1.3302
19094,7 day R,2020-07-27,AT,point,NA,1.1079
19094,7 day R,2020-07-27,AT,quantile,0.025,0.8981
19094,7 day R,2020-07-27,AT,quantile,0.975,1.3223
19094,7 day R,2020-07-28,AT,point,NA,1.1039
19094,7 day R,2020-07-28,AT,quantile,0.025,0.8917
19094,7 day R,2020-07-28,AT,quantile,0.975,1.3162
19094,7 day R,2020-07-29,AT,point,NA,1.0872
19094,7 day R,2020-07-29,AT,quantile,0.025,0.8758
19094,7 day R,2020-07-29,AT,quantile,0.975,1.3006
19094,7 day R,2020-07-30,AT,point,NA,1.034
19094,7 day R,2020-07-30,AT,quantile,0.025,0.8205
19094,7 day R,2020-07-30,AT,quantile,0.975,1.248
19094,7 day R,2020-07-31,AT,point,NA,1.0096
19094,7 day R,2020-07-31,AT,quantile,0.025,0.7961
19094,7 day R,2020-07-31,AT,quantile,0.975,1.2206
19094,7 day R,2020-08-01,AT,point,NA,0.9657
19094,7 day R,2020-08-01,AT,quantile,0.025,0.7498
19094,7 day R,2020-08-01,AT,quantile,0.975,1.18
19094,7 day R,2020-08-02,AT,point,NA,0.9602
19094,7 day R,2020-08-02,AT,quantile,0.025,0.7478
19094,7 day R,2020-08-02,AT,quantile,0.975,1.1742
19094,7 day R,2020-08-03,AT,point,NA,0.9651
19094,7 day R,2020-08-03,AT,quantile,0.025,0.7481
19094,7 day R,2020-08-03,AT,quantile,0.975,1.1789
19094,7 day R,2020-08-04,AT,point,NA,0.9643
19094,7 day R,2020-08-04,AT,quantile,0.025,0.7508
19094,7 day R,2020-08-04,AT,quantile,0.975,1.1795
19094,7 day R,2020-08-05,AT,point,NA,0.9672
19094,7 day R,2020-08-05,AT,quantile,0.025,0.7559
19094,7 day R,2020-08-05,AT,quantile,0.975,1.1812
19094,7 day R,2020-08-06,AT,point,NA,1.0066
19094,7 day R,2020-08-06,AT,quantile,0.025,0.7962
19094,7 day R,2020-08-06,AT,quantile,0.975,1.216
19094,7 day R,2020-08-07,AT,point,NA,1.0302
19094,7 day R,2020-08-07,AT,quantile,0.025,0.8159
19094,7 day R,2020-08-07,AT,quantile,0.975,1.2453
19094,7 day R,2020-08-08,AT,point,NA,1.0593
19094,7 day R,2020-08-08,AT,quantile,0.025,0.8432
19094,7 day R,2020-08-08,AT,quantile,0.975,1.2754
19094,7 day R,2020-08-09,AT,point,NA,1.1333
19094,7 day R,2020-08-09,AT,quantile,0.025,0.9214
19094,7 day R,2020-08-09,AT,quantile,0.975,1.3495
19094,7 day R,2020-08-10,AT,point,NA,1.1986
19094,7 day R,2020-08-10,AT,quantile,0.025,0.9835
19094,7 day R,2020-08-10,AT,quantile,0.975,1.4099
19094,7 day R,2020-08-11,AT,point,NA,1.2883
19094,7 day R,2020-08-11,AT,quantile,0.025,1.0756
19094,7 day R,2020-08-11,AT,quantile,0.975,1.5005
19094,7 day R,2020-08-12,AT,point,NA,1.3668
19094,7 day R,2020-08-12,AT,quantile,0.025,1.1518
19094,7 day R,2020-08-12,AT,quantile,0.975,1.5799
19094,7 day R,2020-08-13,AT,point,NA,1.4115
19094,7 day R,2020-08-13,AT,quantile,0.025,1.1995
19094,7 day R,2020-08-13,AT,quantile,0.975,1.6235
19094,7 day R,2020-08-14,AT,point,NA,1.4855
19094,7 day R,2020-08-14,AT,quantile,0.025,1.2739
19094,7 day R,2020-08-14,AT,quantile,0.975,1.7019
19094,7 day R,2020-08-15,AT,point,NA,1.4999
19094,7 day R,2020-08-15,AT,quantile,0.025,1.2855
19094,7 day R,2020-08-15,AT,quantile,0.975,1.7193
19094,7 day R,2020-08-16,AT,point,NA,1.4619
19094,7 day R,2020-08-16,AT,quantile,0.025,1.2466
19094,7 day R,2020-08-16,AT,quantile,0.975,1.6758
19094,7 day R,2020-08-17,AT,point,NA,1.4351
19094,7 day R,2020-08-17,AT,quantile,0.025,1.2245
19094,7 day R,2020-08-17,AT,quantile,0.975,1.6489
19094,7 day R,2020-08-18,AT,point,NA,1.4282
19094,7 day R,2020-08-18,AT,quantile,0.025,1.2161
19094,7 day R,2020-08-18,AT,quantile,0.975,1.6399
19094,7 day R,2020-08-19,AT,point,NA,1.3841
19094,7 day R,2020-08-19,AT,quantile,0.025,1.1725
19094,7 day R,2020-08-19,AT,quantile,0.975,1.5964
19094,7 day R,2020-08-20,AT,point,NA,1.3576
19094,7 day R,2020-08-20,AT,quantile,0.025,1.1475
19094,7 day R,2020-08-20,AT,quantile,0.975,1.5685
19094,7 day R,2020-08-21,AT,point,NA,1.3048
19094,7 day R,2020-08-21,AT,quantile,0.025,1.097
19094,7 day R,2020-08-21,AT,quantile,0.975,1.5159
19094,7 day R,2020-08-22,AT,point,NA,1.25
19094,7 day R,2020-08-22,AT,quantile,0.025,1.0418
19094,7 day R,2020-08-22,AT,quantile,0.975,1.462
19094,7 day R,2020-08-23,AT,point,NA,1.214
19094,7 day R,2020-08-23,AT,quantile,0.025,0.999
19094,7 day R,2020-08-23,AT,quantile,0.975,1.4291
19094,7 day R,2020-08-24,AT,point,NA,1.1928
19094,7 day R,2020-08-24,AT,quantile,0.025,0.9774
19094,7 day R,2020-08-24,AT,quantile,0.975,1.4075
19094,7 day R,2020-08-25,AT,point,NA,1.1591
19094,7 day R,2020-08-25,AT,quantile,0.025,0.9441
19094,7 day R,2020-08-25,AT,quantile,0.975,1.3694
19094,7 day R,2020-08-26,AT,point,NA,1.1515
19094,7 day R,2020-08-26,AT,quantile,0.025,0.9379
19094,7 day R,2020-08-26,AT,quantile,0.975,1.3647
19094,7 day R,2020-08-27,AT,point,NA,1.1297
19094,7 day R,2020-08-27,AT,quantile,0.025,0.9157
19094,7 day R,2020-08-27,AT,quantile,0.975,1.343
19094,7 day R,2020-08-28,AT,point,NA,1.1108
19094,7 day R,2020-08-28,AT,quantile,0.025,0.8979
19094,7 day R,2020-08-28,AT,quantile,0.975,1.3255
19094,7 day R,2020-08-29,AT,point,NA,1.1294
19094,7 day R,2020-08-29,AT,quantile,0.025,0.9181
19094,7 day R,2020-08-29,AT,quantile,0.975,1.3407
19094,7 day R,2020-08-30,AT,point,NA,1.1269
19094,7 day R,2020-08-30,AT,quantile,0.025,0.914
19094,7 day R,2020-08-30,AT,quantile,0.975,1.3402
19094,7 day R,2020-08-31,AT,point,NA,1.1378
19094,7 day R,2020-08-31,AT,quantile,0.025,0.9235
19094,7 day R,2020-08-31,AT,quantile,0.975,1.3545
19094,7 day R,2020-09-01,AT,point,NA,1.1289
19094,7 day R,2020-09-01,AT,quantile,0.025,0.915
19094,7 day R,2020-09-01,AT,quantile,0.975,1.3399
19094,7 day R,2020-09-02,AT,point,NA,1.1547
19094,7 day R,2020-09-02,AT,quantile,0.025,0.9421
19094,7 day R,2020-09-02,AT,quantile,0.975,1.3646
19094,7 day R,2020-09-03,AT,point,NA,1.1785
19094,7 day R,2020-09-03,AT,quantile,0.025,0.9643
19094,7 day R,2020-09-03,AT,quantile,0.975,1.3901
19094,7 day R,2020-09-04,AT,point,NA,1.1902
19094,7 day R,2020-09-04,AT,quantile,0.025,0.9789
19094,7 day R,2020-09-04,AT,quantile,0.975,1.404
19094,7 day R,2020-09-05,AT,point,NA,1.2024
19094,7 day R,2020-09-05,AT,quantile,0.025,0.9912
19094,7 day R,2020-09-05,AT,quantile,0.975,1.4156
19094,7 day R,2020-09-06,AT,point,NA,1.245
19094,7 day R,2020-09-06,AT,quantile,0.025,1.0333
19094,7 day R,2020-09-06,AT,quantile,0.975,1.4577
19094,7 day R,2020-09-07,AT,point,NA,1.323
19094,7 day R,2020-09-07,AT,quantile,0.025,1.1116
19094,7 day R,2020-09-07,AT,quantile,0.975,1.5354
19094,7 day R,2020-09-08,AT,point,NA,1.4017
19094,7 day R,2020-09-08,AT,quantile,0.025,1.1909
19094,7 day R,2020-09-08,AT,quantile,0.975,1.6148
19094,7 day R,2020-09-09,AT,point,NA,1.4316
19094,7 day R,2020-09-09,AT,quantile,0.025,1.2178
19094,7 day R,2020-09-09,AT,quantile,0.975,1.6449
19094,7 day R,2020-09-10,AT,point,NA,1.4544
19094,7 day R,2020-09-10,AT,quantile,0.025,1.2394
19094,7 day R,2020-09-10,AT,quantile,0.975,1.6699
19094,7 day R,2020-09-11,AT,point,NA,1.4519
19094,7 day R,2020-09-11,AT,quantile,0.025,1.2334
19094,7 day R,2020-09-11,AT,quantile,0.975,1.668
19094,7 day R,2020-09-12,AT,point,NA,1.4485
19094,7 day R,2020-09-12,AT,quantile,0.025,1.2327
19094,7 day R,2020-09-12,AT,quantile,0.975,1.666
19094,7 day R,2020-09-13,AT,point,NA,1.4025
19094,7 day R,2020-09-13,AT,quantile,0.025,1.1851
19094,7 day R,2020-09-13,AT,quantile,0.975,1.6166
19094,7 day R,2020-09-14,AT,point,NA,1.37
19094,7 day R,2020-09-14,AT,quantile,0.025,1.1557
19094,7 day R,2020-09-14,AT,quantile,0.975,1.5817
19094,7 day R,2020-09-15,AT,point,NA,1.3687
19094,7 day R,2020-09-15,AT,quantile,0.025,1.1536
19094,7 day R,2020-09-15,AT,quantile,0.975,1.5839
19094,7 day R,2020-09-16,AT,point,NA,1.3358
19094,7 day R,2020-09-16,AT,quantile,0.025,1.1263
19094,7 day R,2020-09-16,AT,quantile,0.975,1.5466
19094,7 day R,2020-09-17,AT,point,NA,1.2921
19094,7 day R,2020-09-17,AT,quantile,0.025,1.0823
19094,7 day R,2020-09-17,AT,quantile,0.975,1.5047
19094,7 day R,2020-09-18,AT,point,NA,1.2603
19094,7 day R,2020-09-18,AT,quantile,0.025,1.0493
19094,7 day R,2020-09-18,AT,quantile,0.975,1.4694
19094,7 day R,2020-09-19,AT,point,NA,1.2193
19094,7 day R,2020-09-19,AT,quantile,0.025,1.0095
19094,7 day R,2020-09-19,AT,quantile,0.975,1.4306
19094,7 day R,2020-09-20,AT,point,NA,1.1935
19094,7 day R,2020-09-20,AT,quantile,0.025,0.982
19094,7 day R,2020-09-20,AT,quantile,0.975,1.4067
19094,7 day R,2020-09-21,AT,point,NA,1.1599
19094,7 day R,2020-09-21,AT,quantile,0.025,0.9481
19094,7 day R,2020-09-21,AT,quantile,0.975,1.3729
19094,7 day R,2020-09-22,AT,point,NA,1.1227
19094,7 day R,2020-09-22,AT,quantile,0.025,0.9106
19094,7 day R,2020-09-22,AT,quantile,0.975,1.3368
19094,7 day R,2020-09-23,AT,point,NA,1.0938
19094,7 day R,2020-09-23,AT,quantile,0.025,0.8789
19094,7 day R,2020-09-23,AT,quantile,0.975,1.3063
19094,7 day R,2020-09-24,AT,point,NA,1.0787
19094,7 day R,2020-09-24,AT,quantile,0.025,0.867
19094,7 day R,2020-09-24,AT,quantile,0.975,1.294
19094,7 day R,2020-09-25,AT,point,NA,1.0652
19094,7 day R,2020-09-25,AT,quantile,0.025,0.8509
19094,7 day R,2020-09-25,AT,quantile,0.975,1.2787
19094,7 day R,2020-09-26,AT,point,NA,1.0617
19094,7 day R,2020-09-26,AT,quantile,0.025,0.8454
19094,7 day R,2020-09-26,AT,quantile,0.975,1.2747
19094,7 day R,2020-09-27,AT,point,NA,1.0829
19094,7 day R,2020-09-27,AT,quantile,0.025,0.8681
19094,7 day R,2020-09-27,AT,quantile,0.975,1.2973
19094,7 day R,2020-09-28,AT,point,NA,1.088
19094,7 day R,2020-09-28,AT,quantile,0.025,0.8744
19094,7 day R,2020-09-28,AT,quantile,0.975,1.3036
19094,7 day R,2020-09-29,AT,point,NA,1.0865
19094,7 day R,2020-09-29,AT,quantile,0.025,0.8685
19094,7 day R,2020-09-29,AT,quantile,0.975,1.3007
19094,7 day R,2020-09-30,AT,point,NA,1.0974
19094,7 day R,2020-09-30,AT,quantile,0.025,0.8809
19094,7 day R,2020-09-30,AT,quantile,0.975,1.3138
19094,7 day R,2020-10-01,AT,point,NA,1.1107
19094,7 day R,2020-10-01,AT,quantile,0.025,0.8982
19094,7 day R,2020-10-01,AT,quantile,0.975,1.3246
19094,7 day R,2020-10-02,AT,point,NA,1.13
19094,7 day R,2020-10-02,AT,quantile,0.025,0.9158
19094,7 day R,2020-10-02,AT,quantile,0.975,1.3435
19094,7 day R,2020-10-03,AT,point,NA,1.1702
19094,7 day R,2020-10-03,AT,quantile,0.025,0.954
19094,7 day R,2020-10-03,AT,quantile,0.975,1.3842
19094,7 day R,2020-10-04,AT,point,NA,1.1942
19094,7 day R,2020-10-04,AT,quantile,0.025,0.9803
19094,7 day R,2020-10-04,AT,quantile,0.975,1.4068
19094,7 day R,2020-10-05,AT,point,NA,1.2183
19094,7 day R,2020-10-05,AT,quantile,0.025,1.0076
19094,7 day R,2020-10-05,AT,quantile,0.975,1.4299
19094,7 day R,2020-10-06,AT,point,NA,1.2322
19094,7 day R,2020-10-06,AT,quantile,0.025,1.0221
19094,7 day R,2020-10-06,AT,quantile,0.975,1.4461
19094,7 day R,2020-10-07,AT,point,NA,1.2337
19094,7 day R,2020-10-07,AT,quantile,0.025,1.0197
19094,7 day R,2020-10-07,AT,quantile,0.975,1.4461
19094,7 day R,2020-10-08,AT,point,NA,1.2357
19094,7 day R,2020-10-08,AT,quantile,0.025,1.0213
19094,7 day R,2020-10-08,AT,quantile,0.975,1.4493
19094,7 day R,2020-10-09,AT,point,NA,1.2369
19094,7 day R,2020-10-09,AT,quantile,0.025,1.0234
19094,7 day R,2020-10-09,AT,quantile,0.975,1.449
19094,7 day R,2020-10-10,AT,point,NA,1.2316
19094,7 day R,2020-10-10,AT,quantile,0.025,1.0172
19094,7 day R,2020-10-10,AT,quantile,0.975,1.4439
19094,7 day R,2020-10-11,AT,point,NA,1.2377
19094,7 day R,2020-10-11,AT,quantile,0.025,1.0254
19094,7 day R,2020-10-11,AT,quantile,0.975,1.4484
19094,7 day R,2020-10-12,AT,point,NA,1.2537
19094,7 day R,2020-10-12,AT,quantile,0.025,1.0417
19094,7 day R,2020-10-12,AT,quantile,0.975,1.4652
19094,7 day R,2020-10-13,AT,point,NA,1.2588
19094,7 day R,2020-10-13,AT,quantile,0.025,1.043
19094,7 day R,2020-10-13,AT,quantile,0.975,1.4679
19094,7 day R,2020-10-14,AT,point,NA,1.271
19094,7 day R,2020-10-14,AT,quantile,0.025,1.0592
19094,7 day R,2020-10-14,AT,quantile,0.975,1.4809
19094,7 day R,2020-10-15,AT,point,NA,1.2808
19094,7 day R,2020-10-15,AT,quantile,0.025,1.0711
19094,7 day R,2020-10-15,AT,quantile,0.975,1.494
19094,7 day R,2020-10-16,AT,point,NA,1.2919
19094,7 day R,2020-10-16,AT,quantile,0.025,1.0788
19094,7 day R,2020-10-16,AT,quantile,0.975,1.5052
19094,7 day R,2020-10-17,AT,point,NA,1.3327
19094,7 day R,2020-10-17,AT,quantile,0.025,1.1212
19094,7 day R,2020-10-17,AT,quantile,0.975,1.5452
19094,7 day R,2020-10-18,AT,point,NA,1.3703
19094,7 day R,2020-10-18,AT,quantile,0.025,1.1573
19094,7 day R,2020-10-18,AT,quantile,0.975,1.58
19094,7 day R,2020-10-19,AT,point,NA,1.3829
19094,7 day R,2020-10-19,AT,quantile,0.025,1.1711
19094,7 day R,2020-10-19,AT,quantile,0.975,1.5935
19094,7 day R,2020-10-20,AT,point,NA,1.4152
19094,7 day R,2020-10-20,AT,quantile,0.025,1.2056
19094,7 day R,2020-10-20,AT,quantile,0.975,1.6266
19094,7 day R,2020-10-21,AT,point,NA,1.4568
19094,7 day R,2020-10-21,AT,quantile,0.025,1.2465
19094,7 day R,2020-10-21,AT,quantile,0.975,1.6704
19094,7 day R,2020-10-22,AT,point,NA,1.5034
19094,7 day R,2020-10-22,AT,quantile,0.025,1.293
19094,7 day R,2020-10-22,AT,quantile,0.975,1.7132
19094,7 day R,2020-10-23,AT,point,NA,1.5478
19094,7 day R,2020-10-23,AT,quantile,0.025,1.3376
19094,7 day R,2020-10-23,AT,quantile,0.975,1.7613
19094,7 day R,2020-10-24,AT,point,NA,1.5822
19094,7 day R,2020-10-24,AT,quantile,0.025,1.3706
19094,7 day R,2020-10-24,AT,quantile,0.975,1.7959
19094,7 day R,2020-10-25,AT,point,NA,1.5736
19094,7 day R,2020-10-25,AT,quantile,0.025,1.362
19094,7 day R,2020-10-25,AT,quantile,0.975,1.7865
19094,7 day R,2020-10-26,AT,point,NA,1.5619
19094,7 day R,2020-10-26,AT,quantile,0.025,1.3496
19094,7 day R,2020-10-26,AT,quantile,0.975,1.7708
19094,7 day R,2020-10-27,AT,point,NA,1.5545
19094,7 day R,2020-10-27,AT,quantile,0.025,1.3419
19094,7 day R,2020-10-27,AT,quantile,0.975,1.7652
19094,7 day R,2020-10-28,AT,point,NA,1.5586
19094,7 day R,2020-10-28,AT,quantile,0.025,1.3453
19094,7 day R,2020-10-28,AT,quantile,0.975,1.7689
19094,7 day R,2020-10-29,AT,point,NA,1.583
19094,7 day R,2020-10-29,AT,quantile,0.025,1.3713
19094,7 day R,2020-10-29,AT,quantile,0.975,1.795
19094,7 day R,2020-10-30,AT,point,NA,1.6014
19094,7 day R,2020-10-30,AT,quantile,0.025,1.3898
19094,7 day R,2020-10-30,AT,quantile,0.975,1.818
19094,7 day R,2020-10-31,AT,point,NA,1.5719
19094,7 day R,2020-10-31,AT,quantile,0.025,1.3609
19094,7 day R,2020-10-31,AT,quantile,0.975,1.7852
19094,7 day R,2020-11-01,AT,point,NA,1.5437
19094,7 day R,2020-11-01,AT,quantile,0.025,1.3372
19094,7 day R,2020-11-01,AT,quantile,0.975,1.755
19094,7 day R,2020-11-02,AT,point,NA,1.5079
19094,7 day R,2020-11-02,AT,quantile,0.025,1.2997
19094,7 day R,2020-11-02,AT,quantile,0.975,1.7177
19094,7 day R,2020-11-03,AT,point,NA,1.4787
19094,7 day R,2020-11-03,AT,quantile,0.025,1.268
19094,7 day R,2020-11-03,AT,quantile,0.975,1.692
19094,7 day R,2020-11-04,AT,point,NA,1.473
19094,7 day R,2020-11-04,AT,quantile,0.025,1.2609
19094,7 day R,2020-11-04,AT,quantile,0.975,1.6851
19094,7 day R,2020-11-05,AT,point,NA,1.4438
19094,7 day R,2020-11-05,AT,quantile,0.025,1.2323
19094,7 day R,2020-11-05,AT,quantile,0.975,1.656
19094,7 day R,2020-11-06,AT,point,NA,1.4047
19094,7 day R,2020-11-06,AT,quantile,0.025,1.1922
19094,7 day R,2020-11-06,AT,quantile,0.975,1.6157
19094,7 day R,2020-11-07,AT,point,NA,1.3816
19094,7 day R,2020-11-07,AT,quantile,0.025,1.1733
19094,7 day R,2020-11-07,AT,quantile,0.975,1.5904
19094,7 day R,2020-11-08,AT,point,NA,1.3408
19094,7 day R,2020-11-08,AT,quantile,0.025,1.1279
19094,7 day R,2020-11-08,AT,quantile,0.975,1.5519
19094,7 day R,2020-11-09,AT,point,NA,1.3098
19094,7 day R,2020-11-09,AT,quantile,0.025,1.0966
19094,7 day R,2020-11-09,AT,quantile,0.975,1.5237
19094,7 day R,2020-11-10,AT,point,NA,1.2774
19094,7 day R,2020-11-10,AT,quantile,0.025,1.0621
19094,7 day R,2020-11-10,AT,quantile,0.975,1.4934
19094,7 day R,2020-11-11,AT,point,NA,1.2486
19094,7 day R,2020-11-11,AT,quantile,0.025,1.0344
19094,7 day R,2020-11-11,AT,quantile,0.975,1.4644
19094,7 day R,2020-11-12,AT,point,NA,1.2249
19094,7 day R,2020-11-12,AT,quantile,0.025,1.0117
19094,7 day R,2020-11-12,AT,quantile,0.975,1.4394
19094,7 day R,2020-11-13,AT,point,NA,1.1836
19094,7 day R,2020-11-13,AT,quantile,0.025,0.9744
19094,7 day R,2020-11-13,AT,quantile,0.975,1.3993
19094,7 day R,2020-11-14,AT,point,NA,1.1169
19094,7 day R,2020-11-14,AT,quantile,0.025,0.9063
19094,7 day R,2020-11-14,AT,quantile,0.975,1.3281
19094,7 day R,2020-11-15,AT,point,NA,1.073
19094,7 day R,2020-11-15,AT,quantile,0.025,0.8611
19094,7 day R,2020-11-15,AT,quantile,0.975,1.2833
19094,7 day R,2020-11-16,AT,point,NA,1.0409
19094,7 day R,2020-11-16,AT,quantile,0.025,0.828
19094,7 day R,2020-11-16,AT,quantile,0.975,1.2537
19094,7 day R,2020-11-17,AT,point,NA,1.0146
19094,7 day R,2020-11-17,AT,quantile,0.025,0.8016
19094,7 day R,2020-11-17,AT,quantile,0.975,1.2302
19094,7 day R,2020-11-18,AT,point,NA,0.9833
19094,7 day R,2020-11-18,AT,quantile,0.025,0.7698
19094,7 day R,2020-11-18,AT,quantile,0.975,1.1992
19094,7 day R,2020-11-19,AT,point,NA,0.9528
19094,7 day R,2020-11-19,AT,quantile,0.025,0.7392
19094,7 day R,2020-11-19,AT,quantile,0.975,1.1662
19094,7 day R,2020-11-20,AT,point,NA,0.9322
19094,7 day R,2020-11-20,AT,quantile,0.025,0.717
19094,7 day R,2020-11-20,AT,quantile,0.975,1.1439
19094,7 day R,2020-11-21,AT,point,NA,0.9145
19094,7 day R,2020-11-21,AT,quantile,0.025,0.7031
19094,7 day R,2020-11-21,AT,quantile,0.975,1.1266
19094,7 day R,2020-11-22,AT,point,NA,0.894
19094,7 day R,2020-11-22,AT,quantile,0.025,0.6806
19094,7 day R,2020-11-22,AT,quantile,0.975,1.1071
19094,7 day R,2020-11-23,AT,point,NA,0.8691
19094,7 day R,2020-11-23,AT,quantile,0.025,0.6551
19094,7 day R,2020-11-23,AT,quantile,0.975,1.0816
19094,7 day R,2020-11-24,AT,point,NA,0.8544
19094,7 day R,2020-11-24,AT,quantile,0.025,0.6428
19094,7 day R,2020-11-24,AT,quantile,0.975,1.0661
19094,7 day R,2020-11-25,AT,point,NA,0.8398
19094,7 day R,2020-11-25,AT,quantile,0.025,0.6265
19094,7 day R,2020-11-25,AT,quantile,0.975,1.0525
19094,7 day R,2020-11-26,AT,point,NA,0.822
19094,7 day R,2020-11-26,AT,quantile,0.025,0.6059
19094,7 day R,2020-11-26,AT,quantile,0.975,1.0344
19094,7 day R,2020-11-27,AT,point,NA,0.8095
19094,7 day R,2020-11-27,AT,quantile,0.025,0.5965
19094,7 day R,2020-11-27,AT,quantile,0.975,1.0208
19094,7 day R,2020-11-28,AT,point,NA,0.8009
19094,7 day R,2020-11-28,AT,quantile,0.025,0.5874
19094,7 day R,2020-11-28,AT,quantile,0.975,1.0119
19094,7 day R,2020-11-29,AT,point,NA,0.7951
19094,7 day R,2020-11-29,AT,quantile,0.025,0.5804
19094,7 day R,2020-11-29,AT,quantile,0.975,1.0091
19094,7 day R,2020-11-30,AT,point,NA,0.7817
19094,7 day R,2020-11-30,AT,quantile,0.025,0.5666
19094,7 day R,2020-11-30,AT,quantile,0.975,0.9963
19094,7 day R,2020-12-01,AT,point,NA,0.7665
19094,7 day R,2020-12-01,AT,quantile,0.025,0.5556
19094,7 day R,2020-12-01,AT,quantile,0.975,0.9833
19094,7 day R,2020-12-02,AT,point,NA,0.7557
19094,7 day R,2020-12-02,AT,quantile,0.025,0.5392
19094,7 day R,2020-12-02,AT,quantile,0.975,0.9668
19094,7 day R,2020-12-03,AT,point,NA,0.7511
19094,7 day R,2020-12-03,AT,quantile,0.025,0.5394
19094,7 day R,2020-12-03,AT,quantile,0.975,0.965
19094,7 day R,2020-12-04,AT,point,NA,0.7542
19094,7 day R,2020-12-04,AT,quantile,0.025,0.5392
19094,7 day R,2020-12-04,AT,quantile,0.975,0.9682
19094,7 day R,2020-12-05,AT,point,NA,0.7561
19094,7 day R,2020-12-05,AT,quantile,0.025,0.5428
19094,7 day R,2020-12-05,AT,quantile,0.975,0.9671
19094,7 day R,2020-12-06,AT,point,NA,0.76
19094,7 day R,2020-12-06,AT,quantile,0.025,0.5479
19094,7 day R,2020-12-06,AT,quantile,0.975,0.9697
19094,7 day R,2020-12-07,AT,point,NA,0.7594
19094,7 day R,2020-12-07,AT,quantile,0.025,0.5481
19094,7 day R,2020-12-07,AT,quantile,0.975,0.9709
19094,7 day R,2020-12-08,AT,point,NA,0.7543
19094,7 day R,2020-12-08,AT,quantile,0.025,0.5447
19094,7 day R,2020-12-08,AT,quantile,0.975,0.9633
19094,7 day R,2020-12-09,AT,point,NA,0.7539
19094,7 day R,2020-12-09,AT,quantile,0.025,0.542
19094,7 day R,2020-12-09,AT,quantile,0.975,0.9641
19094,7 day R,2020-12-10,AT,point,NA,0.7617
19094,7 day R,2020-12-10,AT,quantile,0.025,0.5509
19094,7 day R,2020-12-10,AT,quantile,0.975,0.9726
19094,7 day R,2020-12-11,AT,point,NA,0.7936
19094,7 day R,2020-12-11,AT,quantile,0.025,0.5824
19094,7 day R,2020-12-11,AT,quantile,0.975,1.0059
19094,7 day R,2020-12-12,AT,point,NA,0.8253
19094,7 day R,2020-12-12,AT,quantile,0.025,0.6118
19094,7 day R,2020-12-12,AT,quantile,0.975,1.0388
19094,7 day R,2020-12-13,AT,point,NA,0.843
19094,7 day R,2020-12-13,AT,quantile,0.025,0.6306
19094,7 day R,2020-12-13,AT,quantile,0.975,1.0556
19094,7 day R,2020-12-14,AT,point,NA,0.8459
19094,7 day R,2020-12-14,AT,quantile,0.025,0.6321
19094,7 day R,2020-12-14,AT,quantile,0.975,1.0587
19094,7 day R,2020-12-15,AT,point,NA,0.8271
19094,7 day R,2020-12-15,AT,quantile,0.025,0.6125
19094,7 day R,2020-12-15,AT,quantile,0.975,1.0396
19094,7 day R,2020-12-16,AT,point,NA,0.7972
19094,7 day R,2020-12-16,AT,quantile,0.025,0.5855
19094,7 day R,2020-12-16,AT,quantile,0.975,1.008
19094,7 day R,2020-12-17,AT,point,NA,0.7733
19094,7 day R,2020-12-17,AT,quantile,0.025,0.5611
19094,7 day R,2020-12-17,AT,quantile,0.975,0.9846
19094,7 day R,2020-12-18,AT,point,NA,0.7708
19094,7 day R,2020-12-18,AT,quantile,0.025,0.5593
19094,7 day R,2020-12-18,AT,quantile,0.975,0.9837
19094,7 day R,2020-12-19,AT,point,NA,0.7814
19094,7 day R,2020-12-19,AT,quantile,0.025,0.5655
19094,7 day R,2020-12-19,AT,quantile,0.975,0.9934
19094,7 day R,2020-12-20,AT,point,NA,0.7887
19094,7 day R,2020-12-20,AT,quantile,0.025,0.5767
19094,7 day R,2020-12-20,AT,quantile,0.975,1.0016
19094,7 day R,2020-12-21,AT,point,NA,0.8001
19094,7 day R,2020-12-21,AT,quantile,0.025,0.5872
19094,7 day R,2020-12-21,AT,quantile,0.975,1.0144
19094,7 day R,2020-12-22,AT,point,NA,0.8109
19094,7 day R,2020-12-22,AT,quantile,0.025,0.6024
19094,7 day R,2020-12-22,AT,quantile,0.975,1.0228
19094,7 day R,2020-12-23,AT,point,NA,0.8198
19094,7 day R,2020-12-23,AT,quantile,0.025,0.611
19094,7 day R,2020-12-23,AT,quantile,0.975,1.0306
19094,7 day R,2020-12-24,AT,point,NA,0.8318
19094,7 day R,2020-12-24,AT,quantile,0.025,0.6187
19094,7 day R,2020-12-24,AT,quantile,0.975,1.0437
19094,7 day R,2020-12-25,AT,point,NA,0.8279
19094,7 day R,2020-12-25,AT,quantile,0.025,0.6166
19094,7 day R,2020-12-25,AT,quantile,0.975,1.0411
19094,7 day R,2020-12-26,AT,point,NA,0.8345
19094,7 day R,2020-12-26,AT,quantile,0.025,0.6212
19094,7 day R,2020-12-26,AT,quantile,0.975,1.0483
19094,7 day R,2020-12-27,AT,point,NA,0.8671
19094,7 day R,2020-12-27,AT,quantile,0.025,0.6551
19094,7 day R,2020-12-27,AT,quantile,0.975,1.0802
19094,7 day R,2020-12-28,AT,point,NA,0.9067
19094,7 day R,2020-12-28,AT,quantile,0.025,0.6946
19094,7 day R,2020-12-28,AT,quantile,0.975,1.1179
19094,7 day R,2020-12-29,AT,point,NA,0.9398
19094,7 day R,2020-12-29,AT,quantile,0.025,0.7285
19094,7 day R,2020-12-29,AT,quantile,0.975,1.1554
19094,7 day R,2020-12-30,AT,point,NA,0.9664
19094,7 day R,2020-12-30,AT,quantile,0.025,0.7533
19094,7 day R,2020-12-30,AT,quantile,0.975,1.1786
19094,7 day R,2020-12-31,AT,point,NA,0.9687
19094,7 day R,2020-12-31,AT,quantile,0.025,0.7535
19094,7 day R,2020-12-31,AT,quantile,0.975,1.1828
19094,7 day R,2021-01-01,AT,point,NA,0.9519
19094,7 day R,2021-01-01,AT,quantile,0.025,0.738
19094,7 day R,2021-01-01,AT,quantile,0.975,1.1636
19094,7 day R,2021-01-02,AT,point,NA,0.9397
19094,7 day R,2021-01-02,AT,quantile,0.025,0.7224
19094,7 day R,2021-01-02,AT,quantile,0.975,1.1518
19094,7 day R,2021-01-03,AT,point,NA,0.9607
19094,7 day R,2021-01-03,AT,quantile,0.025,0.7451
19094,7 day R,2021-01-03,AT,quantile,0.975,1.1755
19094,7 day R,2021-01-04,AT,point,NA,0.9929
19094,7 day R,2021-01-04,AT,quantile,0.025,0.7791
19094,7 day R,2021-01-04,AT,quantile,0.975,1.2054
19094,7 day R,2021-01-05,AT,point,NA,1.0187
19094,7 day R,2021-01-05,AT,quantile,0.025,0.8028
19094,7 day R,2021-01-05,AT,quantile,0.975,1.2359
19094,7 day R,2021-01-06,AT,point,NA,1.0163
19094,7 day R,2021-01-06,AT,quantile,0.025,0.8006
19094,7 day R,2021-01-06,AT,quantile,0.975,1.2301
19094,7 day R,2021-01-07,AT,point,NA,0.9998
19094,7 day R,2021-01-07,AT,quantile,0.025,0.7877
19094,7 day R,2021-01-07,AT,quantile,0.975,1.2147
19094,7 day R,2021-01-08,AT,point,NA,0.9927
19094,7 day R,2021-01-08,AT,quantile,0.025,0.7802
19094,7 day R,2021-01-08,AT,quantile,0.975,1.2073
19094,7 day R,2021-01-09,AT,point,NA,0.989
19094,7 day R,2021-01-09,AT,quantile,0.025,0.7756
19094,7 day R,2021-01-09,AT,quantile,0.975,1.2022
19094,7 day R,2021-01-10,AT,point,NA,0.9747
19094,7 day R,2021-01-10,AT,quantile,0.025,0.7601
19094,7 day R,2021-01-10,AT,quantile,0.975,1.184
19094,7 day R,2021-01-11,AT,point,NA,0.963
19094,7 day R,2021-01-11,AT,quantile,0.025,0.7471
19094,7 day R,2021-01-11,AT,quantile,0.975,1.1743
19094,7 day R,2021-01-12,AT,point,NA,0.9548
19094,7 day R,2021-01-12,AT,quantile,0.025,0.7398
19094,7 day R,2021-01-12,AT,quantile,0.975,1.1636
19094,7 day R,2021-01-13,AT,point,NA,0.9594
19094,7 day R,2021-01-13,AT,quantile,0.025,0.7487
19094,7 day R,2021-01-13,AT,quantile,0.975,1.1694
19094,7 day R,2021-01-14,AT,point,NA,0.9721
19094,7 day R,2021-01-14,AT,quantile,0.025,0.7606
19094,7 day R,2021-01-14,AT,quantile,0.975,1.1851
19094,7 day R,2021-01-15,AT,point,NA,0.9197
19094,7 day R,2021-01-15,AT,quantile,0.025,0.7051
19094,7 day R,2021-01-15,AT,quantile,0.975,1.1326
19094,7 day R,2021-01-16,AT,point,NA,0.8936
19094,7 day R,2021-01-16,AT,quantile,0.025,0.6822
19094,7 day R,2021-01-16,AT,quantile,0.975,1.1102
19094,7 day R,2021-01-17,AT,point,NA,0.8779
19094,7 day R,2021-01-17,AT,quantile,0.025,0.6645
19094,7 day R,2021-01-17,AT,quantile,0.975,1.0888
19094,7 day R,2021-01-18,AT,point,NA,0.8715
19094,7 day R,2021-01-18,AT,quantile,0.025,0.6581
19094,7 day R,2021-01-18,AT,quantile,0.975,1.0817
19094,7 day R,2021-01-19,AT,point,NA,0.8714
19094,7 day R,2021-01-19,AT,quantile,0.025,0.6595
19094,7 day R,2021-01-19,AT,quantile,0.975,1.0812
19094,7 day R,2021-01-20,AT,point,NA,0.8713
19094,7 day R,2021-01-20,AT,quantile,0.025,0.6599
19094,7 day R,2021-01-20,AT,quantile,0.975,1.0844
19094,7 day R,2021-01-21,AT,point,NA,0.8758
19094,7 day R,2021-01-21,AT,quantile,0.025,0.6631
19094,7 day R,2021-01-21,AT,quantile,0.975,1.0875
19094,7 day R,2021-01-22,AT,point,NA,0.8988
19094,7 day R,2021-01-22,AT,quantile,0.025,0.6875
19094,7 day R,2021-01-22,AT,quantile,0.975,1.1084
19094,7 day R,2021-01-23,AT,point,NA,0.8925
19094,7 day R,2021-01-23,AT,quantile,0.025,0.6776
19094,7 day R,2021-01-23,AT,quantile,0.975,1.1045
19094,7 day R,2021-01-24,AT,point,NA,0.884
19094,7 day R,2021-01-24,AT,quantile,0.025,0.6723
19094,7 day R,2021-01-24,AT,quantile,0.975,1.0961
19094,7 day R,2021-01-25,AT,point,NA,0.8819
19094,7 day R,2021-01-25,AT,quantile,0.025,0.6751
19094,7 day R,2021-01-25,AT,quantile,0.975,1.0976
19094,7 day R,2021-01-26,AT,point,NA,0.8857
19094,7 day R,2021-01-26,AT,quantile,0.025,0.6761
19094,7 day R,2021-01-26,AT,quantile,0.975,1.0988
19094,7 day R,2021-01-27,AT,point,NA,0.8818
19094,7 day R,2021-01-27,AT,quantile,0.025,0.6683
19094,7 day R,2021-01-27,AT,quantile,0.975,1.0935
19094,7 day R,2021-01-28,AT,point,NA,0.8751
19094,7 day R,2021-01-28,AT,quantile,0.025,0.6624
19094,7 day R,2021-01-28,AT,quantile,0.975,1.0888
19094,7 day R,2021-01-29,AT,point,NA,0.8891
19094,7 day R,2021-01-29,AT,quantile,0.025,0.6761
19094,7 day R,2021-01-29,AT,quantile,0.975,1.1046
19094,7 day R,2021-01-30,AT,point,NA,0.9035
19094,7 day R,2021-01-30,AT,quantile,0.025,0.6907
19094,7 day R,2021-01-30,AT,quantile,0.975,1.1168
19094,7 day R,2021-01-31,AT,point,NA,0.9136
19094,7 day R,2021-01-31,AT,quantile,0.025,0.6988
19094,7 day R,2021-01-31,AT,quantile,0.975,1.1263
19094,7 day R,2021-02-01,AT,point,NA,0.9231
19094,7 day R,2021-02-01,AT,quantile,0.025,0.7078
19094,7 day R,2021-02-01,AT,quantile,0.975,1.1374
19094,7 day R,2021-02-02,AT,point,NA,0.92490000000000006
19094,7 day R,2021-02-02,AT,quantile,0.025,0.7102
19094,7 day R,2021-02-02,AT,quantile,0.975,1.1399
19094,7 day R,2021-02-03,AT,point,NA,0.9281
19094,7 day R,2021-02-03,AT,quantile,0.025,0.7129
19094,7 day R,2021-02-03,AT,quantile,0.975,1.1431
19094,7 day R,2021-02-04,AT,point,NA,0.9292
19094,7 day R,2021-02-04,AT,quantile,0.025,0.7184
19094,7 day R,2021-02-04,AT,quantile,0.975,1.1389
19094,7 day R,2021-02-05,AT,point,NA,0.9361
19094,7 day R,2021-02-05,AT,quantile,0.025,0.7248
19094,7 day R,2021-02-05,AT,quantile,0.975,1.1462
19094,7 day R,2021-02-06,AT,point,NA,0.9515
19094,7 day R,2021-02-06,AT,quantile,0.025,0.7396
19094,7 day R,2021-02-06,AT,quantile,0.975,1.1638
19094,7 day R,2021-02-07,AT,point,NA,0.971
19094,7 day R,2021-02-07,AT,quantile,0.025,0.7603
19094,7 day R,2021-02-07,AT,quantile,0.975,1.1839
19094,7 day R,2021-02-08,AT,point,NA,0.9799
19094,7 day R,2021-02-08,AT,quantile,0.025,0.7659
19094,7 day R,2021-02-08,AT,quantile,0.975,1.1905
19094,7 day R,2021-02-09,AT,point,NA,0.9866
19094,7 day R,2021-02-09,AT,quantile,0.025,0.7724
19094,7 day R,2021-02-09,AT,quantile,0.975,1.1967
19094,7 day R,2021-02-10,AT,point,NA,0.9985
19094,7 day R,2021-02-10,AT,quantile,0.025,0.7826
19094,7 day R,2021-02-10,AT,quantile,0.975,1.2107
19094,7 day R,2021-02-11,AT,point,NA,1.0144
19094,7 day R,2021-02-11,AT,quantile,0.025,0.802
19094,7 day R,2021-02-11,AT,quantile,0.975,1.2277
19094,7 day R,2021-02-12,AT,point,NA,1.0337
19094,7 day R,2021-02-12,AT,quantile,0.025,0.8223
19094,7 day R,2021-02-12,AT,quantile,0.975,1.246
19094,7 day R,2021-02-13,AT,point,NA,1.038
19094,7 day R,2021-02-13,AT,quantile,0.025,0.8249
19094,7 day R,2021-02-13,AT,quantile,0.975,1.2487
19094,7 day R,2021-02-14,AT,point,NA,1.0509
19094,7 day R,2021-02-14,AT,quantile,0.025,0.8386
19094,7 day R,2021-02-14,AT,quantile,0.975,1.2636
19094,7 day R,2021-02-15,AT,point,NA,1.0763
19094,7 day R,2021-02-15,AT,quantile,0.025,0.8651
19094,7 day R,2021-02-15,AT,quantile,0.975,1.2881
19094,7 day R,2021-02-16,AT,point,NA,1.0946
19094,7 day R,2021-02-16,AT,quantile,0.025,0.8811
19094,7 day R,2021-02-16,AT,quantile,0.975,1.3082
19094,7 day R,2021-02-17,AT,point,NA,1.1115
19094,7 day R,2021-02-17,AT,quantile,0.025,0.901
19094,7 day R,2021-02-17,AT,quantile,0.975,1.3241
19094,7 day R,2021-02-18,AT,point,NA,1.1275
19094,7 day R,2021-02-18,AT,quantile,0.025,0.9189
19094,7 day R,2021-02-18,AT,quantile,0.975,1.339
19094,7 day R,2021-02-19,AT,point,NA,1.1356
19094,7 day R,2021-02-19,AT,quantile,0.025,0.9257
19094,7 day R,2021-02-19,AT,quantile,0.975,1.3462
19094,7 day R,2021-02-20,AT,point,NA,1.1455
19094,7 day R,2021-02-20,AT,quantile,0.025,0.9367
19094,7 day R,2021-02-20,AT,quantile,0.975,1.3583
19094,7 day R,2021-02-21,AT,point,NA,1.1527
19094,7 day R,2021-02-21,AT,quantile,0.025,0.9423
19094,7 day R,2021-02-21,AT,quantile,0.975,1.3632
19094,7 day R,2021-02-22,AT,point,NA,1.1473
19094,7 day R,2021-02-22,AT,quantile,0.025,0.9338
19094,7 day R,2021-02-22,AT,quantile,0.975,1.3624
19094,7 day R,2021-02-23,AT,point,NA,1.1521
19094,7 day R,2021-02-23,AT,quantile,0.025,0.9379
19094,7 day R,2021-02-23,AT,quantile,0.975,1.3648
19094,7 day R,2021-02-24,AT,point,NA,1.1575
19094,7 day R,2021-02-24,AT,quantile,0.025,0.9462
19094,7 day R,2021-02-24,AT,quantile,0.975,1.3718
19094,7 day R,2021-02-25,AT,point,NA,1.1677
19094,7 day R,2021-02-25,AT,quantile,0.025,0.9545
19094,7 day R,2021-02-25,AT,quantile,0.975,1.3817
19094,7 day R,2021-02-26,AT,point,NA,1.1659
19094,7 day R,2021-02-26,AT,quantile,0.025,0.9504
19094,7 day R,2021-02-26,AT,quantile,0.975,1.3811
19094,7 day R,2021-02-27,AT,point,NA,1.171
19094,7 day R,2021-02-27,AT,quantile,0.025,0.9604
19094,7 day R,2021-02-27,AT,quantile,0.975,1.3823
19094,7 day R,2021-02-28,AT,point,NA,1.1611
19094,7 day R,2021-02-28,AT,quantile,0.025,0.9513
19094,7 day R,2021-02-28,AT,quantile,0.975,1.3727
19094,7 day R,2021-03-01,AT,point,NA,1.1434
19094,7 day R,2021-03-01,AT,quantile,0.025,0.9327
19094,7 day R,2021-03-01,AT,quantile,0.975,1.3556
19094,7 day R,2021-03-02,AT,point,NA,1.1405
19094,7 day R,2021-03-02,AT,quantile,0.025,0.9306
19094,7 day R,2021-03-02,AT,quantile,0.975,1.3521
19094,7 day R,2021-03-03,AT,point,NA,1.1453
19094,7 day R,2021-03-03,AT,quantile,0.025,0.9329
19094,7 day R,2021-03-03,AT,quantile,0.975,1.3543
19094,7 day R,2021-03-04,AT,point,NA,1.14
19094,7 day R,2021-03-04,AT,quantile,0.025,0.9271
19094,7 day R,2021-03-04,AT,quantile,0.975,1.3479
19094,7 day R,2021-03-05,AT,point,NA,1.1472
19094,7 day R,2021-03-05,AT,quantile,0.025,0.9349
19094,7 day R,2021-03-05,AT,quantile,0.975,1.358
19094,7 day R,2021-03-06,AT,point,NA,1.1473
19094,7 day R,2021-03-06,AT,quantile,0.025,0.9376
19094,7 day R,2021-03-06,AT,quantile,0.975,1.3564
19094,7 day R,2021-03-07,AT,point,NA,1.1443
19094,7 day R,2021-03-07,AT,quantile,0.025,0.9309
19094,7 day R,2021-03-07,AT,quantile,0.975,1.3568
19094,7 day R,2021-03-08,AT,point,NA,1.1454
19094,7 day R,2021-03-08,AT,quantile,0.025,0.9351
19094,7 day R,2021-03-08,AT,quantile,0.975,1.3592
19094,7 day R,2021-03-09,AT,point,NA,1.1439
19094,7 day R,2021-03-09,AT,quantile,0.025,0.9329
19094,7 day R,2021-03-09,AT,quantile,0.975,1.3572
19094,7 day R,2021-03-10,AT,point,NA,1.1393
19094,7 day R,2021-03-10,AT,quantile,0.025,0.9283
19094,7 day R,2021-03-10,AT,quantile,0.975,1.3503
19094,7 day R,2021-03-11,AT,point,NA,1.1481
19094,7 day R,2021-03-11,AT,quantile,0.025,0.937
19094,7 day R,2021-03-11,AT,quantile,0.975,1.3595
19094,7 day R,2021-03-12,AT,point,NA,1.1495
19094,7 day R,2021-03-12,AT,quantile,0.025,0.9379
19094,7 day R,2021-03-12,AT,quantile,0.975,1.3613
19094,7 day R,2021-03-13,AT,point,NA,1.1421
19094,7 day R,2021-03-13,AT,quantile,0.025,0.929
19094,7 day R,2021-03-13,AT,quantile,0.975,1.3544
19094,7 day R,2021-03-14,AT,point,NA,1.1312
19094,7 day R,2021-03-14,AT,quantile,0.025,0.9186
19094,7 day R,2021-03-14,AT,quantile,0.975,1.3417
19094,7 day R,2021-03-15,AT,point,NA,1.122
19094,7 day R,2021-03-15,AT,quantile,0.025,0.9076
19094,7 day R,2021-03-15,AT,quantile,0.975,1.3323
19094,7 day R,2021-03-16,AT,point,NA,1.1255
19094,7 day R,2021-03-16,AT,quantile,0.025,0.9105
19094,7 day R,2021-03-16,AT,quantile,0.975,1.3378
19094,7 day R,2021-03-17,AT,point,NA,1.1393
19094,7 day R,2021-03-17,AT,quantile,0.025,0.9257
19094,7 day R,2021-03-17,AT,quantile,0.975,1.3537
19094,7 day R,2021-03-18,AT,point,NA,1.1428
19094,7 day R,2021-03-18,AT,quantile,0.025,0.9287
19094,7 day R,2021-03-18,AT,quantile,0.975,1.3545
19094,7 day R,2021-03-19,AT,point,NA,1.1397
19094,7 day R,2021-03-19,AT,quantile,0.025,0.9284
19094,7 day R,2021-03-19,AT,quantile,0.975,1.3551
19094,7 day R,2021-03-20,AT,point,NA,1.1298
19094,7 day R,2021-03-20,AT,quantile,0.025,0.9193
19094,7 day R,2021-03-20,AT,quantile,0.975,1.3411
19094,7 day R,2021-03-21,AT,point,NA,1.1191
19094,7 day R,2021-03-21,AT,quantile,0.025,0.9084
19094,7 day R,2021-03-21,AT,quantile,0.975,1.3289
19094,7 day R,2021-03-22,AT,point,NA,1.1135
19094,7 day R,2021-03-22,AT,quantile,0.025,0.9012
19094,7 day R,2021-03-22,AT,quantile,0.975,1.3248
19094,7 day R,2021-03-23,AT,point,NA,1.1101
19094,7 day R,2021-03-23,AT,quantile,0.025,0.9001
19094,7 day R,2021-03-23,AT,quantile,0.975,1.3232
19094,7 day R,2021-03-24,AT,point,NA,1.0888
19094,7 day R,2021-03-24,AT,quantile,0.025,0.8772
19094,7 day R,2021-03-24,AT,quantile,0.975,1.2987
19094,7 day R,2021-03-25,AT,point,NA,1.078
19094,7 day R,2021-03-25,AT,quantile,0.025,0.8683
19094,7 day R,2021-03-25,AT,quantile,0.975,1.2879
19094,7 day R,2021-03-26,AT,point,NA,1.0816
19094,7 day R,2021-03-26,AT,quantile,0.025,0.8713
19094,7 day R,2021-03-26,AT,quantile,0.975,1.2958
19094,7 day R,2021-03-27,AT,point,NA,1.0712
19094,7 day R,2021-03-27,AT,quantile,0.025,0.8575
19094,7 day R,2021-03-27,AT,quantile,0.975,1.2841
19094,7 day R,2021-03-28,AT,point,NA,1.0605
19094,7 day R,2021-03-28,AT,quantile,0.025,0.8451
19094,7 day R,2021-03-28,AT,quantile,0.975,1.275
19094,7 day R,2021-03-29,AT,point,NA,1.0574
19094,7 day R,2021-03-29,AT,quantile,0.025,0.8463
19094,7 day R,2021-03-29,AT,quantile,0.975,1.2769
19094,7 day R,2021-03-30,AT,point,NA,1.0369
19094,7 day R,2021-03-30,AT,quantile,0.025,0.8247
19094,7 day R,2021-03-30,AT,quantile,0.975,1.252
19094,7 day R,2021-03-31,AT,point,NA,1.0139
19094,7 day R,2021-03-31,AT,quantile,0.025,0.7977
19094,7 day R,2021-03-31,AT,quantile,0.975,1.2272
19094,7 day R,2021-04-01,AT,point,NA,0.9887
19094,7 day R,2021-04-01,AT,quantile,0.025,0.7749
19094,7 day R,2021-04-01,AT,quantile,0.975,1.2026
19094,7 day R,2021-04-02,AT,point,NA,0.9677
19094,7 day R,2021-04-02,AT,quantile,0.025,0.7512
19094,7 day R,2021-04-02,AT,quantile,0.975,1.1799
19094,7 day R,2021-04-03,AT,point,NA,0.9555
19094,7 day R,2021-04-03,AT,quantile,0.025,0.7422
19094,7 day R,2021-04-03,AT,quantile,0.975,1.1672
19094,7 day R,2021-04-04,AT,point,NA,0.9401
19094,7 day R,2021-04-04,AT,quantile,0.025,0.7265
19094,7 day R,2021-04-04,AT,quantile,0.975,1.1524
19094,7 day R,2021-04-05,AT,point,NA,0.921
19094,7 day R,2021-04-05,AT,quantile,0.025,0.7083
19094,7 day R,2021-04-05,AT,quantile,0.975,1.1326
19094,7 day R,2021-04-06,AT,point,NA,0.904
19094,7 day R,2021-04-06,AT,quantile,0.025,0.69
19094,7 day R,2021-04-06,AT,quantile,0.975,1.1189
19094,7 day R,2021-04-07,AT,point,NA,0.907
19094,7 day R,2021-04-07,AT,quantile,0.025,0.6952
19094,7 day R,2021-04-07,AT,quantile,0.975,1.1205
19094,7 day R,2021-04-08,AT,point,NA,0.9102
19094,7 day R,2021-04-08,AT,quantile,0.025,0.6987
19094,7 day R,2021-04-08,AT,quantile,0.975,1.123
19094,7 day R,2021-04-09,AT,point,NA,0.9125
19094,7 day R,2021-04-09,AT,quantile,0.025,0.6987
19094,7 day R,2021-04-09,AT,quantile,0.975,1.1259
19094,7 day R,2021-04-10,AT,point,NA,0.9214
19094,7 day R,2021-04-10,AT,quantile,0.025,0.7017
19094,7 day R,2021-04-10,AT,quantile,0.975,1.1363
19094,7 day R,2021-04-11,AT,point,NA,0.915
19094,7 day R,2021-04-11,AT,quantile,0.025,0.7003
19094,7 day R,2021-04-11,AT,quantile,0.975,1.1238
19094,7 day R,2021-04-12,AT,point,NA,0.9122
19094,7 day R,2021-04-12,AT,quantile,0.025,0.6972
19094,7 day R,2021-04-12,AT,quantile,0.975,1.123
19094,7 day R,2021-04-13,AT,point,NA,0.913
19094,7 day R,2021-04-13,AT,quantile,0.025,0.6994
19094,7 day R,2021-04-13,AT,quantile,0.975,1.1263
19094,7 day R,2021-04-14,AT,point,NA,0.9067
19094,7 day R,2021-04-14,AT,quantile,0.025,0.6909
19094,7 day R,2021-04-14,AT,quantile,0.975,1.1215
19094,7 day R,2021-04-15,AT,point,NA,0.8979
19094,7 day R,2021-04-15,AT,quantile,0.025,0.681
19094,7 day R,2021-04-15,AT,quantile,0.975,1.1154
19094,7 day R,2021-04-16,AT,point,NA,0.8871
19094,7 day R,2021-04-16,AT,quantile,0.025,0.671
19094,7 day R,2021-04-16,AT,quantile,0.975,1.1018
19094,7 day R,2021-04-17,AT,point,NA,0.8836
19094,7 day R,2021-04-17,AT,quantile,0.025,0.6687
19094,7 day R,2021-04-17,AT,quantile,0.975,1.0984
19094,7 day R,2021-04-18,AT,point,NA,0.8975
19094,7 day R,2021-04-18,AT,quantile,0.025,0.6853
19094,7 day R,2021-04-18,AT,quantile,0.975,1.1112
19094,7 day R,2021-04-19,AT,point,NA,0.9112
19094,7 day R,2021-04-19,AT,quantile,0.025,0.699
19094,7 day R,2021-04-19,AT,quantile,0.975,1.1232
19094,7 day R,2021-04-20,AT,point,NA,0.9087
19094,7 day R,2021-04-20,AT,quantile,0.025,0.6996
19094,7 day R,2021-04-20,AT,quantile,0.975,1.1188
19094,7 day R,2021-04-21,AT,point,NA,0.9038
19094,7 day R,2021-04-21,AT,quantile,0.025,0.6944
19094,7 day R,2021-04-21,AT,quantile,0.975,1.1149
19094,7 day R,2021-04-22,AT,point,NA,0.9003
19094,7 day R,2021-04-22,AT,quantile,0.025,0.6883
19094,7 day R,2021-04-22,AT,quantile,0.975,1.114
19094,7 day R,2021-04-23,AT,point,NA,0.8953
19094,7 day R,2021-04-23,AT,quantile,0.025,0.684
19094,7 day R,2021-04-23,AT,quantile,0.975,1.1096
19094,7 day R,2021-04-24,AT,point,NA,0.8923
19094,7 day R,2021-04-24,AT,quantile,0.025,0.6789
19094,7 day R,2021-04-24,AT,quantile,0.975,1.1036
19094,7 day R,2021-04-25,AT,point,NA,0.8897
19094,7 day R,2021-04-25,AT,quantile,0.025,0.6775
19094,7 day R,2021-04-25,AT,quantile,0.975,1.1038
19094,7 day R,2021-04-26,AT,point,NA,0.8826
19094,7 day R,2021-04-26,AT,quantile,0.025,0.6714
19094,7 day R,2021-04-26,AT,quantile,0.975,1.095
19094,7 day R,2021-04-27,AT,point,NA,0.8767
19094,7 day R,2021-04-27,AT,quantile,0.025,0.6631
19094,7 day R,2021-04-27,AT,quantile,0.975,1.0883
19094,7 day R,2021-04-28,AT,point,NA,0.8751
19094,7 day R,2021-04-28,AT,quantile,0.025,0.6614
19094,7 day R,2021-04-28,AT,quantile,0.975,1.0833
19094,7 day R,2021-04-29,AT,point,NA,0.8662
19094,7 day R,2021-04-29,AT,quantile,0.025,0.6512
19094,7 day R,2021-04-29,AT,quantile,0.975,1.0754
19094,7 day R,2021-04-30,AT,point,NA,0.8469
19094,7 day R,2021-04-30,AT,quantile,0.025,0.6369
19094,7 day R,2021-04-30,AT,quantile,0.975,1.0567
19094,7 day R,2021-05-01,AT,point,NA,0.8209
19094,7 day R,2021-05-01,AT,quantile,0.025,0.6076
19094,7 day R,2021-05-01,AT,quantile,0.975,1.0349
19094,7 day R,2021-05-02,AT,point,NA,0.8046
19094,7 day R,2021-05-02,AT,quantile,0.025,0.5886
19094,7 day R,2021-05-02,AT,quantile,0.975,1.0175
19094,7 day R,2021-05-03,AT,point,NA,0.785
19094,7 day R,2021-05-03,AT,quantile,0.025,0.5683
19094,7 day R,2021-05-03,AT,quantile,0.975,1.0028
19094,7 day R,2021-05-04,AT,point,NA,0.7694
19094,7 day R,2021-05-04,AT,quantile,0.025,0.5539
19094,7 day R,2021-05-04,AT,quantile,0.975,0.9832
19094,7 day R,2021-05-05,AT,point,NA,0.7472
19094,7 day R,2021-05-05,AT,quantile,0.025,0.5355
19094,7 day R,2021-05-05,AT,quantile,0.975,0.9604
19094,7 day R,2021-05-06,AT,point,NA,0.727
19094,7 day R,2021-05-06,AT,quantile,0.025,0.515
19094,7 day R,2021-05-06,AT,quantile,0.975,0.9416
19094,7 day R,2021-05-07,AT,point,NA,0.7183
19094,7 day R,2021-05-07,AT,quantile,0.025,0.5048
19094,7 day R,2021-05-07,AT,quantile,0.975,0.9287
19094,7 day R,2021-05-08,AT,point,NA,0.7145
19094,7 day R,2021-05-08,AT,quantile,0.025,0.5005
19094,7 day R,2021-05-08,AT,quantile,0.975,0.9283
19094,7 day R,2021-05-09,AT,point,NA,0.708
19094,7 day R,2021-05-09,AT,quantile,0.025,0.4949
19094,7 day R,2021-05-09,AT,quantile,0.975,0.9224
19094,7 day R,2021-05-10,AT,point,NA,0.703
19094,7 day R,2021-05-10,AT,quantile,0.025,0.4859
19094,7 day R,2021-05-10,AT,quantile,0.975,0.9139
19094,7 day R,2021-05-11,AT,point,NA,0.6936
19094,7 day R,2021-05-11,AT,quantile,0.025,0.4799
19094,7 day R,2021-05-11,AT,quantile,0.975,0.9066
19094,7 day R,2021-05-12,AT,point,NA,0.682
19094,7 day R,2021-05-12,AT,quantile,0.025,0.4657
19094,7 day R,2021-05-12,AT,quantile,0.975,0.8956
19094,7 day R,2021-05-13,AT,point,NA,0.6657
19094,7 day R,2021-05-13,AT,quantile,0.025,0.4509
19094,7 day R,2021-05-13,AT,quantile,0.975,0.8806
19094,7 day R,2021-05-14,AT,point,NA,0.6513
19094,7 day R,2021-05-14,AT,quantile,0.025,0.4363
19094,7 day R,2021-05-14,AT,quantile,0.975,0.8655
19094,7 day R,2021-05-15,AT,point,NA,0.6429
19094,7 day R,2021-05-15,AT,quantile,0.025,0.4293
19094,7 day R,2021-05-15,AT,quantile,0.975,0.8555
19094,7 day R,2021-05-16,AT,point,NA,0.65
19094,7 day R,2021-05-16,AT,quantile,0.025,0.4366
19094,7 day R,2021-05-16,AT,quantile,0.975,0.8606
19094,7 day R,2021-05-17,AT,point,NA,0.6582
19094,7 day R,2021-05-17,AT,quantile,0.025,0.4464
19094,7 day R,2021-05-17,AT,quantile,0.975,0.871
19094,7 day R,2021-05-18,AT,point,NA,0.6679
19094,7 day R,2021-05-18,AT,quantile,0.025,0.4569
19094,7 day R,2021-05-18,AT,quantile,0.975,0.883
19094,7 day R,2021-05-19,AT,point,NA,0.6743
19094,7 day R,2021-05-19,AT,quantile,0.025,0.4644
19094,7 day R,2021-05-19,AT,quantile,0.975,0.8854
19094,7 day R,2021-05-20,AT,point,NA,0.6656
19094,7 day R,2021-05-20,AT,quantile,0.025,0.4508
19094,7 day R,2021-05-20,AT,quantile,0.975,0.8769
19094,7 day R,2021-05-21,AT,point,NA,0.6685
19094,7 day R,2021-05-21,AT,quantile,0.025,0.4521
19094,7 day R,2021-05-21,AT,quantile,0.975,0.8831
19094,7 day R,2021-05-22,AT,point,NA,0.6704
19094,7 day R,2021-05-22,AT,quantile,0.025,0.456
19094,7 day R,2021-05-22,AT,quantile,0.975,0.8836
19094,7 day R,2021-05-23,AT,point,NA,0.6724
19094,7 day R,2021-05-23,AT,quantile,0.025,0.4591
19094,7 day R,2021-05-23,AT,quantile,0.975,0.8856
19094,7 day R,2021-05-24,AT,point,NA,0.6762
19094,7 day R,2021-05-24,AT,quantile,0.025,0.4594
19094,7 day R,2021-05-24,AT,quantile,0.975,0.8874
19094,7 day R,2021-05-25,AT,point,NA,0.6786
19094,7 day R,2021-05-25,AT,quantile,0.025,0.4683
19094,7 day R,2021-05-25,AT,quantile,0.975,0.8914
19094,7 day R,2021-05-26,AT,point,NA,0.6832
19094,7 day R,2021-05-26,AT,quantile,0.025,0.469
19094,7 day R,2021-05-26,AT,quantile,0.975,0.8945
19094,7 day R,2021-05-27,AT,point,NA,0.7071
19094,7 day R,2021-05-27,AT,quantile,0.025,0.4964
19094,7 day R,2021-05-27,AT,quantile,0.975,0.9203
19094,7 day R,2021-05-28,AT,point,NA,0.7117
19094,7 day R,2021-05-28,AT,quantile,0.025,0.4969
19094,7 day R,2021-05-28,AT,quantile,0.975,0.9225
19094,7 day R,2021-05-29,AT,point,NA,0.7094
19094,7 day R,2021-05-29,AT,quantile,0.025,0.4959
19094,7 day R,2021-05-29,AT,quantile,0.975,0.9206
19094,7 day R,2021-05-30,AT,point,NA,0.6958
19094,7 day R,2021-05-30,AT,quantile,0.025,0.4805
19094,7 day R,2021-05-30,AT,quantile,0.975,0.9115
19094,7 day R,2021-05-31,AT,point,NA,0.6873
19094,7 day R,2021-05-31,AT,quantile,0.025,0.4749
19094,7 day R,2021-05-31,AT,quantile,0.975,0.9017
19094,7 day R,2021-06-01,AT,point,NA,0.6877
19094,7 day R,2021-06-01,AT,quantile,0.025,0.4735
19094,7 day R,2021-06-01,AT,quantile,0.975,0.9017
19094,7 day R,2021-06-02,AT,point,NA,0.6789
19094,7 day R,2021-06-02,AT,quantile,0.025,0.4656
19094,7 day R,2021-06-02,AT,quantile,0.975,0.8922
19094,7 day R,2021-06-03,AT,point,NA,0.6726
19094,7 day R,2021-06-03,AT,quantile,0.025,0.4599
19094,7 day R,2021-06-03,AT,quantile,0.975,0.8851
19094,7 day R,2021-06-04,AT,point,NA,0.686
19094,7 day R,2021-06-04,AT,quantile,0.025,0.4739
19094,7 day R,2021-06-04,AT,quantile,0.975,0.8982
19094,7 day R,2021-06-05,AT,point,NA,0.7018
19094,7 day R,2021-06-05,AT,quantile,0.025,0.4866
19094,7 day R,2021-06-05,AT,quantile,0.975,0.9142
19094,7 day R,2021-06-06,AT,point,NA,0.731
19094,7 day R,2021-06-06,AT,quantile,0.025,0.5175
19094,7 day R,2021-06-06,AT,quantile,0.975,0.9461
19094,7 day R,2021-06-07,AT,point,NA,0.7404
19094,7 day R,2021-06-07,AT,quantile,0.025,0.5282
19094,7 day R,2021-06-07,AT,quantile,0.975,0.9561
19094,7 day R,2021-06-08,AT,point,NA,0.7307
19094,7 day R,2021-06-08,AT,quantile,0.025,0.5185
19094,7 day R,2021-06-08,AT,quantile,0.975,0.9426
19094,7 day R,2021-06-09,AT,point,NA,0.7161
19094,7 day R,2021-06-09,AT,quantile,0.025,0.503
19094,7 day R,2021-06-09,AT,quantile,0.975,0.9304
19094,7 day R,2021-06-10,AT,point,NA,0.687
19094,7 day R,2021-06-10,AT,quantile,0.025,0.4742
19094,7 day R,2021-06-10,AT,quantile,0.975,0.9017
19094,7 day R,2021-06-11,AT,point,NA,0.6562
19094,7 day R,2021-06-11,AT,quantile,0.025,0.4403
19094,7 day R,2021-06-11,AT,quantile,0.975,0.868
19094,7 day R,2021-06-12,AT,point,NA,0.6395
19094,7 day R,2021-06-12,AT,quantile,0.025,0.4258
19094,7 day R,2021-06-12,AT,quantile,0.975,0.854
19094,7 day R,2021-06-13,AT,point,NA,0.6337
19094,7 day R,2021-06-13,AT,quantile,0.025,0.4223
19094,7 day R,2021-06-13,AT,quantile,0.975,0.8464
19094,7 day R,2021-06-14,AT,point,NA,0.6137
19094,7 day R,2021-06-14,AT,quantile,0.025,0.4019
19094,7 day R,2021-06-14,AT,quantile,0.975,0.8263
19094,7 day R,2021-06-15,AT,point,NA,0.5982
19094,7 day R,2021-06-15,AT,quantile,0.025,0.3834
19094,7 day R,2021-06-15,AT,quantile,0.975,0.811
19094,7 day R,2021-06-16,AT,point,NA,0.5851
19094,7 day R,2021-06-16,AT,quantile,0.025,0.3726
19094,7 day R,2021-06-16,AT,quantile,0.975,0.8017
19094,7 day R,2021-06-17,AT,point,NA,0.5894
19094,7 day R,2021-06-17,AT,quantile,0.025,0.3769
19094,7 day R,2021-06-17,AT,quantile,0.975,0.8007
19094,7 day R,2021-06-18,AT,point,NA,0.5833
19094,7 day R,2021-06-18,AT,quantile,0.025,0.3681
19094,7 day R,2021-06-18,AT,quantile,0.975,0.8001
19094,7 day R,2021-06-19,AT,point,NA,0.5889
19094,7 day R,2021-06-19,AT,quantile,0.025,0.3776
19094,7 day R,2021-06-19,AT,quantile,0.975,0.8039
19094,7 day R,2021-06-20,AT,point,NA,0.6025
19094,7 day R,2021-06-20,AT,quantile,0.025,0.3882
19094,7 day R,2021-06-20,AT,quantile,0.975,0.8151
19094,7 day R,2021-06-21,AT,point,NA,0.6026
19094,7 day R,2021-06-21,AT,quantile,0.025,0.3894
19094,7 day R,2021-06-21,AT,quantile,0.975,0.8168
19094,7 day R,2021-06-22,AT,point,NA,0.5943
19094,7 day R,2021-06-22,AT,quantile,0.025,0.3808
19094,7 day R,2021-06-22,AT,quantile,0.975,0.8052
19094,7 day R,2021-06-23,AT,point,NA,0.5986
19094,7 day R,2021-06-23,AT,quantile,0.025,0.3843
19094,7 day R,2021-06-23,AT,quantile,0.975,0.8125
19094,7 day R,2021-06-24,AT,point,NA,0.6089
19094,7 day R,2021-06-24,AT,quantile,0.025,0.395
19094,7 day R,2021-06-24,AT,quantile,0.975,0.8219
19094,7 day R,2021-06-25,AT,point,NA,0.6401
19094,7 day R,2021-06-25,AT,quantile,0.025,0.4276
19094,7 day R,2021-06-25,AT,quantile,0.975,0.8544
19094,7 day R,2021-06-26,AT,point,NA,0.6788
19094,7 day R,2021-06-26,AT,quantile,0.025,0.4667
19094,7 day R,2021-06-26,AT,quantile,0.975,0.8967
19094,7 day R,2021-06-27,AT,point,NA,0.664
19094,7 day R,2021-06-27,AT,quantile,0.025,0.4528
19094,7 day R,2021-06-27,AT,quantile,0.975,0.8778
19094,7 day R,2021-06-28,AT,point,NA,0.6548
19094,7 day R,2021-06-28,AT,quantile,0.025,0.4382
19094,7 day R,2021-06-28,AT,quantile,0.975,0.87
19094,7 day R,2021-06-29,AT,point,NA,0.6461
19094,7 day R,2021-06-29,AT,quantile,0.025,0.4318
19094,7 day R,2021-06-29,AT,quantile,0.975,0.8628
19094,7 day R,2021-06-30,AT,point,NA,0.6668
19094,7 day R,2021-06-30,AT,quantile,0.025,0.4531
19094,7 day R,2021-06-30,AT,quantile,0.975,0.8774
19094,7 day R,2021-07-01,AT,point,NA,0.7247
19094,7 day R,2021-07-01,AT,quantile,0.025,0.5095
19094,7 day R,2021-07-01,AT,quantile,0.975,0.9395
19094,7 day R,2021-07-02,AT,point,NA,0.8024
19094,7 day R,2021-07-02,AT,quantile,0.025,0.5881
19094,7 day R,2021-07-02,AT,quantile,0.975,1.0146
19094,7 day R,2021-07-03,AT,point,NA,0.8716
19094,7 day R,2021-07-03,AT,quantile,0.025,0.6558
19094,7 day R,2021-07-03,AT,quantile,0.975,1.0866
19094,7 day R,2021-07-04,AT,point,NA,0.9456
19094,7 day R,2021-07-04,AT,quantile,0.025,0.7308
19094,7 day R,2021-07-04,AT,quantile,0.975,1.1603
19094,7 day R,2021-07-05,AT,point,NA,1.0235
19094,7 day R,2021-07-05,AT,quantile,0.025,0.8107
19094,7 day R,2021-07-05,AT,quantile,0.975,1.237
19094,7 day R,2021-07-06,AT,point,NA,1.098
19094,7 day R,2021-07-06,AT,quantile,0.025,0.8879
19094,7 day R,2021-07-06,AT,quantile,0.975,1.3095
19094,7 day R,2021-07-07,AT,point,NA,1.1722
19094,7 day R,2021-07-07,AT,quantile,0.025,0.9585
19094,7 day R,2021-07-07,AT,quantile,0.975,1.3831
19094,7 day R,2021-07-08,AT,point,NA,1.2686
19094,7 day R,2021-07-08,AT,quantile,0.025,1.0585
19094,7 day R,2021-07-08,AT,quantile,0.975,1.4826
19094,7 day R,2021-07-09,AT,point,NA,1.3688
19094,7 day R,2021-07-09,AT,quantile,0.025,1.1548
19094,7 day R,2021-07-09,AT,quantile,0.975,1.5833
19094,7 day R,2021-07-10,AT,point,NA,1.4434
19094,7 day R,2021-07-10,AT,quantile,0.025,1.2304
19094,7 day R,2021-07-10,AT,quantile,0.975,1.6543
19094,7 day R,2021-07-11,AT,point,NA,1.523
19094,7 day R,2021-07-11,AT,quantile,0.025,1.3096
19094,7 day R,2021-07-11,AT,quantile,0.975,1.7405
19094,7 day R,2021-07-12,AT,point,NA,1.6006
19094,7 day R,2021-07-12,AT,quantile,0.025,1.3885
19094,7 day R,2021-07-12,AT,quantile,0.975,1.8159
19094,7 day R,2021-07-13,AT,point,NA,1.6529
19094,7 day R,2021-07-13,AT,quantile,0.025,1.4355
19094,7 day R,2021-07-13,AT,quantile,0.975,1.8708
19094,7 day R,2021-07-14,AT,point,NA,1.6805
19094,7 day R,2021-07-14,AT,quantile,0.025,1.4624
19094,7 day R,2021-07-14,AT,quantile,0.975,1.9001
19094,7 day R,2021-07-15,AT,point,NA,1.6603
19094,7 day R,2021-07-15,AT,quantile,0.025,1.4441
19094,7 day R,2021-07-15,AT,quantile,0.975,1.8742
19094,7 day R,2021-07-16,AT,point,NA,1.6301
19094,7 day R,2021-07-16,AT,quantile,0.025,1.4177
19094,7 day R,2021-07-16,AT,quantile,0.975,1.8449
19094,7 day R,2021-07-17,AT,point,NA,1.593
19094,7 day R,2021-07-17,AT,quantile,0.025,1.3785
19094,7 day R,2021-07-17,AT,quantile,0.975,1.8059
19094,7 day R,2021-07-18,AT,point,NA,1.5262
19094,7 day R,2021-07-18,AT,quantile,0.025,1.3141
19094,7 day R,2021-07-18,AT,quantile,0.975,1.7386
19094,7 day R,2021-07-19,AT,point,NA,1.466
19094,7 day R,2021-07-19,AT,quantile,0.025,1.2546
19094,7 day R,2021-07-19,AT,quantile,0.975,1.6773
19094,7 day R,2021-07-20,AT,point,NA,1.4254
19094,7 day R,2021-07-20,AT,quantile,0.025,1.2138
19094,7 day R,2021-07-20,AT,quantile,0.975,1.6365
19094,7 day R,2021-07-21,AT,point,NA,1.3869
19094,7 day R,2021-07-21,AT,quantile,0.025,1.1752
19094,7 day R,2021-07-21,AT,quantile,0.975,1.597
19094,7 day R,2021-07-22,AT,point,NA,1.3494
19094,7 day R,2021-07-22,AT,quantile,0.025,1.1355
19094,7 day R,2021-07-22,AT,quantile,0.975,1.5601
19094,7 day R,2021-07-23,AT,point,NA,1.2944
19094,7 day R,2021-07-23,AT,quantile,0.025,1.0802
19094,7 day R,2021-07-23,AT,quantile,0.975,1.5061
19094,7 day R,2021-07-24,AT,point,NA,1.2549
19094,7 day R,2021-07-24,AT,quantile,0.025,1.0404
19094,7 day R,2021-07-24,AT,quantile,0.975,1.4697
19094,7 day R,2021-07-25,AT,point,NA,1.2481
19094,7 day R,2021-07-25,AT,quantile,0.025,1.0328
19094,7 day R,2021-07-25,AT,quantile,0.975,1.4602
19094,7 day R,2021-07-26,AT,point,NA,1.2541
19094,7 day R,2021-07-26,AT,quantile,0.025,1.0447
19094,7 day R,2021-07-26,AT,quantile,0.975,1.4666
19094,7 day R,2021-07-27,AT,point,NA,1.2633
19094,7 day R,2021-07-27,AT,quantile,0.025,1.0489
19094,7 day R,2021-07-27,AT,quantile,0.975,1.4763
19094,7 day R,2021-07-28,AT,point,NA,1.2675
19094,7 day R,2021-07-28,AT,quantile,0.025,1.0538
19094,7 day R,2021-07-28,AT,quantile,0.975,1.4804
19094,7 day R,2021-07-29,AT,point,NA,1.2584
19094,7 day R,2021-07-29,AT,quantile,0.025,1.0456
19094,7 day R,2021-07-29,AT,quantile,0.975,1.4709
19094,7 day R,2021-07-30,AT,point,NA,1.2429
19094,7 day R,2021-07-30,AT,quantile,0.025,1.0316
19094,7 day R,2021-07-30,AT,quantile,0.975,1.4545
19094,7 day R,2021-07-31,AT,point,NA,1.2274
19094,7 day R,2021-07-31,AT,quantile,0.025,1.0173
19094,7 day R,2021-07-31,AT,quantile,0.975,1.4384
19094,7 day R,2021-08-01,AT,point,NA,1.2087
19094,7 day R,2021-08-01,AT,quantile,0.025,0.9977
19094,7 day R,2021-08-01,AT,quantile,0.975,1.4191
19094,7 day R,2021-08-02,AT,point,NA,1.1927
19094,7 day R,2021-08-02,AT,quantile,0.025,0.9789
19094,7 day R,2021-08-02,AT,quantile,0.975,1.4078
19094,7 day R,2021-08-03,AT,point,NA,1.1829
19094,7 day R,2021-08-03,AT,quantile,0.025,0.9704
19094,7 day R,2021-08-03,AT,quantile,0.975,1.3957
19094,7 day R,2021-08-04,AT,point,NA,1.1825
19094,7 day R,2021-08-04,AT,quantile,0.025,0.9699
19094,7 day R,2021-08-04,AT,quantile,0.975,1.3953
19094,7 day R,2021-08-05,AT,point,NA,1.1887
19094,7 day R,2021-08-05,AT,quantile,0.025,0.9766
19094,7 day R,2021-08-05,AT,quantile,0.975,1.4004
19094,7 day R,2021-08-06,AT,point,NA,1.2075
19094,7 day R,2021-08-06,AT,quantile,0.025,0.9951
19094,7 day R,2021-08-06,AT,quantile,0.975,1.4218
19094,7 day R,2021-08-07,AT,point,NA,1.2353
19094,7 day R,2021-08-07,AT,quantile,0.025,1.0273
19094,7 day R,2021-08-07,AT,quantile,0.975,1.4489
19094,7 day R,2021-08-08,AT,point,NA,1.2628
19094,7 day R,2021-08-08,AT,quantile,0.025,1.0501
19094,7 day R,2021-08-08,AT,quantile,0.975,1.4768
19094,7 day R,2021-08-09,AT,point,NA,1.2936
19094,7 day R,2021-08-09,AT,quantile,0.025,1.0828
19094,7 day R,2021-08-09,AT,quantile,0.975,1.5064
19094,7 day R,2021-08-10,AT,point,NA,1.3332
19094,7 day R,2021-08-10,AT,quantile,0.025,1.1173
19094,7 day R,2021-08-10,AT,quantile,0.975,1.5465
19094,7 day R,2021-08-11,AT,point,NA,1.3631
19094,7 day R,2021-08-11,AT,quantile,0.025,1.1503
19094,7 day R,2021-08-11,AT,quantile,0.975,1.5765
19094,7 day R,2021-08-12,AT,point,NA,1.3792
19094,7 day R,2021-08-12,AT,quantile,0.025,1.1635
19094,7 day R,2021-08-12,AT,quantile,0.975,1.5924
19094,7 day R,2021-08-13,AT,point,NA,1.389
19094,7 day R,2021-08-13,AT,quantile,0.025,1.1739
19094,7 day R,2021-08-13,AT,quantile,0.975,1.6034
19094,7 day R,2021-08-14,AT,point,NA,1.3797
19094,7 day R,2021-08-14,AT,quantile,0.025,1.1645
19094,7 day R,2021-08-14,AT,quantile,0.975,1.5944
19094,7 day R,2021-08-15,AT,point,NA,1.3709
19094,7 day R,2021-08-15,AT,quantile,0.025,1.1581
19094,7 day R,2021-08-15,AT,quantile,0.975,1.5891
19094,7 day R,2021-08-16,AT,point,NA,1.3632
19094,7 day R,2021-08-16,AT,quantile,0.025,1.1501
19094,7 day R,2021-08-16,AT,quantile,0.975,1.5795
19094,7 day R,2021-08-17,AT,point,NA,1.3534
19094,7 day R,2021-08-17,AT,quantile,0.025,1.1413
19094,7 day R,2021-08-17,AT,quantile,0.975,1.5692
19094,7 day R,2021-08-18,AT,point,NA,1.3431
19094,7 day R,2021-08-18,AT,quantile,0.025,1.1294
19094,7 day R,2021-08-18,AT,quantile,0.975,1.5582
19094,7 day R,2021-08-19,AT,point,NA,1.3361
19094,7 day R,2021-08-19,AT,quantile,0.025,1.123
19094,7 day R,2021-08-19,AT,quantile,0.975,1.5499
19094,7 day R,2021-08-20,AT,point,NA,1.3214
19094,7 day R,2021-08-20,AT,quantile,0.025,1.1065
19094,7 day R,2021-08-20,AT,quantile,0.975,1.5342
19094,7 day R,2021-08-21,AT,point,NA,1.3094
19094,7 day R,2021-08-21,AT,quantile,0.025,1.0922
19094,7 day R,2021-08-21,AT,quantile,0.975,1.5225
19094,7 day R,2021-08-22,AT,point,NA,1.2896
19094,7 day R,2021-08-22,AT,quantile,0.025,1.0781
19094,7 day R,2021-08-22,AT,quantile,0.975,1.5013
19094,7 day R,2021-08-23,AT,point,NA,1.2789
19094,7 day R,2021-08-23,AT,quantile,0.025,1.0642
19094,7 day R,2021-08-23,AT,quantile,0.975,1.4927
19094,7 day R,2021-08-24,AT,point,NA,1.2546
19094,7 day R,2021-08-24,AT,quantile,0.025,1.0413
19094,7 day R,2021-08-24,AT,quantile,0.975,1.4667
19094,7 day R,2021-08-25,AT,point,NA,1.24
19094,7 day R,2021-08-25,AT,quantile,0.025,1.0278
19094,7 day R,2021-08-25,AT,quantile,0.975,1.4543
19094,7 day R,2021-08-26,AT,point,NA,1.2273
19094,7 day R,2021-08-26,AT,quantile,0.025,1.0145
19094,7 day R,2021-08-26,AT,quantile,0.975,1.4408
19094,7 day R,2021-08-27,AT,point,NA,1.214
19094,7 day R,2021-08-27,AT,quantile,0.025,0.9992
19094,7 day R,2021-08-27,AT,quantile,0.975,1.427
19094,7 day R,2021-08-28,AT,point,NA,1.1953
19094,7 day R,2021-08-28,AT,quantile,0.025,0.9821
19094,7 day R,2021-08-28,AT,quantile,0.975,1.4084
19094,7 day R,2021-08-29,AT,point,NA,1.1947
19094,7 day R,2021-08-29,AT,quantile,0.025,0.9782
19094,7 day R,2021-08-29,AT,quantile,0.975,1.4091
19094,7 day R,2021-08-30,AT,point,NA,1.1914
19094,7 day R,2021-08-30,AT,quantile,0.025,0.9786
19094,7 day R,2021-08-30,AT,quantile,0.975,1.4078
19094,7 day R,2021-08-31,AT,point,NA,1.1807
19094,7 day R,2021-08-31,AT,quantile,0.025,0.9652
19094,7 day R,2021-08-31,AT,quantile,0.975,1.3949
19094,7 day R,2021-09-01,AT,point,NA,1.1705
19094,7 day R,2021-09-01,AT,quantile,0.025,0.9582
19094,7 day R,2021-09-01,AT,quantile,0.975,1.3835
19094,7 day R,2021-09-02,AT,point,NA,1.1599
19094,7 day R,2021-09-02,AT,quantile,0.025,0.9424
19094,7 day R,2021-09-02,AT,quantile,0.975,1.3715
19094,7 day R,2021-09-03,AT,point,NA,1.1634
19094,7 day R,2021-09-03,AT,quantile,0.025,0.9487
19094,7 day R,2021-09-03,AT,quantile,0.975,1.3776
19094,7 day R,2021-09-04,AT,point,NA,1.1656
19094,7 day R,2021-09-04,AT,quantile,0.025,0.9488
19094,7 day R,2021-09-04,AT,quantile,0.975,1.3795
19094,7 day R,2021-09-05,AT,point,NA,1.1659
19094,7 day R,2021-09-05,AT,quantile,0.025,0.9533
19094,7 day R,2021-09-05,AT,quantile,0.975,1.377
19094,7 day R,2021-09-06,AT,point,NA,1.1536
19094,7 day R,2021-09-06,AT,quantile,0.025,0.9382
19094,7 day R,2021-09-06,AT,quantile,0.975,1.3654
19094,7 day R,2021-09-07,AT,point,NA,1.1881
19094,7 day R,2021-09-07,AT,quantile,0.025,0.9748
19094,7 day R,2021-09-07,AT,quantile,0.975,1.4009
19094,7 day R,2021-09-08,AT,point,NA,1.2179
19094,7 day R,2021-09-08,AT,quantile,0.025,1.0053
19094,7 day R,2021-09-08,AT,quantile,0.975,1.4324
19094,7 day R,2021-09-09,AT,point,NA,1.236
19094,7 day R,2021-09-09,AT,quantile,0.025,1.0234
19094,7 day R,2021-09-09,AT,quantile,0.975,1.4467
19094,7 day R,2021-09-10,AT,point,NA,1.2248000000000001
19094,7 day R,2021-09-10,AT,quantile,0.025,1.0153
19094,7 day R,2021-09-10,AT,quantile,0.975,1.4373
19094,7 day R,2021-09-11,AT,point,NA,1.2043
19094,7 day R,2021-09-11,AT,quantile,0.025,0.9925
19094,7 day R,2021-09-11,AT,quantile,0.975,1.4162
19094,7 day R,2021-09-12,AT,point,NA,1.175
19094,7 day R,2021-09-12,AT,quantile,0.025,0.9635
19094,7 day R,2021-09-12,AT,quantile,0.975,1.3873
19094,7 day R,2021-09-13,AT,point,NA,1.156
19094,7 day R,2021-09-13,AT,quantile,0.025,0.9438
19094,7 day R,2021-09-13,AT,quantile,0.975,1.369
19094,7 day R,2021-09-14,AT,point,NA,1.1338
19094,7 day R,2021-09-14,AT,quantile,0.025,0.9214
19094,7 day R,2021-09-14,AT,quantile,0.975,1.3443
19094,7 day R,2021-09-15,AT,point,NA,1.109
19094,7 day R,2021-09-15,AT,quantile,0.025,0.8977
19094,7 day R,2021-09-15,AT,quantile,0.975,1.3237
19094,7 day R,2021-09-16,AT,point,NA,1.079
19094,7 day R,2021-09-16,AT,quantile,0.025,0.8669
19094,7 day R,2021-09-16,AT,quantile,0.975,1.2933
19094,7 day R,2021-09-17,AT,point,NA,1.0497
19094,7 day R,2021-09-17,AT,quantile,0.025,0.8395
19094,7 day R,2021-09-17,AT,quantile,0.975,1.2596
19094,7 day R,2021-09-18,AT,point,NA,1.0141
19094,7 day R,2021-09-18,AT,quantile,0.025,0.8039
19094,7 day R,2021-09-18,AT,quantile,0.975,1.2237
19094,7 day R,2021-09-19,AT,point,NA,0.99
19094,7 day R,2021-09-19,AT,quantile,0.025,0.775
19094,7 day R,2021-09-19,AT,quantile,0.975,1.2013
19094,7 day R,2021-09-20,AT,point,NA,0.9757
19094,7 day R,2021-09-20,AT,quantile,0.025,0.7615
19094,7 day R,2021-09-20,AT,quantile,0.975,1.1897
19094,7 day R,2021-09-21,AT,point,NA,0.9532
19094,7 day R,2021-09-21,AT,quantile,0.025,0.7384
19094,7 day R,2021-09-21,AT,quantile,0.975,1.1662
19094,7 day R,2021-09-22,AT,point,NA,0.9397
19094,7 day R,2021-09-22,AT,quantile,0.025,0.7274
19094,7 day R,2021-09-22,AT,quantile,0.975,1.154
19094,7 day R,2021-09-23,AT,point,NA,0.9435
19094,7 day R,2021-09-23,AT,quantile,0.025,0.7295
19094,7 day R,2021-09-23,AT,quantile,0.975,1.1556
19094,7 day R,2021-09-24,AT,point,NA,0.9591
19094,7 day R,2021-09-24,AT,quantile,0.025,0.7453
19094,7 day R,2021-09-24,AT,quantile,0.975,1.1685
19094,7 day R,2021-09-25,AT,point,NA,0.9852
19094,7 day R,2021-09-25,AT,quantile,0.025,0.7734
19094,7 day R,2021-09-25,AT,quantile,0.975,1.1989
19094,7 day R,2021-09-26,AT,point,NA,0.9895
19094,7 day R,2021-09-26,AT,quantile,0.025,0.7743
19094,7 day R,2021-09-26,AT,quantile,0.975,1.2041
19094,7 day R,2021-09-27,AT,point,NA,1.0046
19094,7 day R,2021-09-27,AT,quantile,0.025,0.7893
19094,7 day R,2021-09-27,AT,quantile,0.975,1.218
19094,7 day R,2021-09-28,AT,point,NA,1.0144
19094,7 day R,2021-09-28,AT,quantile,0.025,0.8016
19094,7 day R,2021-09-28,AT,quantile,0.975,1.2299
19094,7 day R,2021-09-29,AT,point,NA,1.0096
19094,7 day R,2021-09-29,AT,quantile,0.025,0.7972
19094,7 day R,2021-09-29,AT,quantile,0.975,1.2254
19094,7 day R,2021-09-30,AT,point,NA,1.0079
19094,7 day R,2021-09-30,AT,quantile,0.025,0.7934
19094,7 day R,2021-09-30,AT,quantile,0.975,1.2218
19094,7 day R,2021-10-01,AT,point,NA,1.0014
19094,7 day R,2021-10-01,AT,quantile,0.025,0.7872
19094,7 day R,2021-10-01,AT,quantile,0.975,1.2104
19094,7 day R,2021-10-02,AT,point,NA,1.0039
19094,7 day R,2021-10-02,AT,quantile,0.025,0.7902
19094,7 day R,2021-10-02,AT,quantile,0.975,1.2177
19094,7 day R,2021-10-03,AT,point,NA,1.0358
19094,7 day R,2021-10-03,AT,quantile,0.025,0.8202
19094,7 day R,2021-10-03,AT,quantile,0.975,1.252
19094,7 day R,2021-10-04,AT,point,NA,1.0267
19094,7 day R,2021-10-04,AT,quantile,0.025,0.8134
19094,7 day R,2021-10-04,AT,quantile,0.975,1.2421
19094,7 day R,2021-10-05,AT,point,NA,1.0137
19094,7 day R,2021-10-05,AT,quantile,0.025,0.8003
19094,7 day R,2021-10-05,AT,quantile,0.975,1.2293
19094,7 day R,2021-10-06,AT,point,NA,1.0288
19094,7 day R,2021-10-06,AT,quantile,0.025,0.8171
19094,7 day R,2021-10-06,AT,quantile,0.975,1.2441
19094,7 day R,2021-10-07,AT,point,NA,1.02
19094,7 day R,2021-10-07,AT,quantile,0.025,0.8079
19094,7 day R,2021-10-07,AT,quantile,0.975,1.2335
19094,7 day R,2021-10-08,AT,point,NA,1.0149
19094,7 day R,2021-10-08,AT,quantile,0.025,0.8007
19094,7 day R,2021-10-08,AT,quantile,0.975,1.2281
19094,7 day R,2021-10-09,AT,point,NA,1.021
19094,7 day R,2021-10-09,AT,quantile,0.025,0.8065
19094,7 day R,2021-10-09,AT,quantile,0.975,1.2367
19094,7 day R,2021-10-10,AT,point,NA,1.0324
19094,7 day R,2021-10-10,AT,quantile,0.025,0.8175
19094,7 day R,2021-10-10,AT,quantile,0.975,1.2467
19094,7 day R,2021-10-11,AT,point,NA,1.056
19094,7 day R,2021-10-11,AT,quantile,0.025,0.8411
19094,7 day R,2021-10-11,AT,quantile,0.975,1.2698
19094,7 day R,2021-10-12,AT,point,NA,1.083
19094,7 day R,2021-10-12,AT,quantile,0.025,0.871
19094,7 day R,2021-10-12,AT,quantile,0.975,1.2942
19094,7 day R,2021-10-13,AT,point,NA,1.1171
19094,7 day R,2021-10-13,AT,quantile,0.025,0.9056
19094,7 day R,2021-10-13,AT,quantile,0.975,1.3278
19094,7 day R,2021-10-14,AT,point,NA,1.1412
19094,7 day R,2021-10-14,AT,quantile,0.025,0.9301
19094,7 day R,2021-10-14,AT,quantile,0.975,1.3515
19094,7 day R,2021-10-15,AT,point,NA,1.1718
19094,7 day R,2021-10-15,AT,quantile,0.025,0.9602
19094,7 day R,2021-10-15,AT,quantile,0.975,1.3824
19094,7 day R,2021-10-16,AT,point,NA,1.1995
19094,7 day R,2021-10-16,AT,quantile,0.025,0.9885
19094,7 day R,2021-10-16,AT,quantile,0.975,1.412
19094,7 day R,2021-10-17,AT,point,NA,1.2304
19094,7 day R,2021-10-17,AT,quantile,0.025,1.0201
19094,7 day R,2021-10-17,AT,quantile,0.975,1.4457
19094,7 day R,2021-10-18,AT,point,NA,1.2694
19094,7 day R,2021-10-18,AT,quantile,0.025,1.0586
19094,7 day R,2021-10-18,AT,quantile,0.975,1.4827
19094,7 day R,2021-10-19,AT,point,NA,1.3144
19094,7 day R,2021-10-19,AT,quantile,0.025,1.1021
19094,7 day R,2021-10-19,AT,quantile,0.975,1.5283
19094,7 day R,2021-10-20,AT,point,NA,1.3389
19094,7 day R,2021-10-20,AT,quantile,0.025,1.1254
19094,7 day R,2021-10-20,AT,quantile,0.975,1.5503
19094,7 day R,2021-10-21,AT,point,NA,1.3461
19094,7 day R,2021-10-21,AT,quantile,0.025,1.1328
19094,7 day R,2021-10-21,AT,quantile,0.975,1.561
19094,7 day R,2021-10-22,AT,point,NA,1.3403
19094,7 day R,2021-10-22,AT,quantile,0.025,1.1271
19094,7 day R,2021-10-22,AT,quantile,0.975,1.5543
19094,7 day R,2021-10-23,AT,point,NA,1.3384
19094,7 day R,2021-10-23,AT,quantile,0.025,1.1257
19094,7 day R,2021-10-23,AT,quantile,0.975,1.5509
19094,7 day R,2021-10-24,AT,point,NA,1.3354
19094,7 day R,2021-10-24,AT,quantile,0.025,1.123
19094,7 day R,2021-10-24,AT,quantile,0.975,1.5479
19094,7 day R,2021-10-25,AT,point,NA,1.3326
19094,7 day R,2021-10-25,AT,quantile,0.025,1.1238
19094,7 day R,2021-10-25,AT,quantile,0.975,1.5456
19094,7 day R,2021-10-26,AT,point,NA,1.3394
19094,7 day R,2021-10-26,AT,quantile,0.025,1.1281
19094,7 day R,2021-10-26,AT,quantile,0.975,1.5516
19094,7 day R,2021-10-27,AT,point,NA,1.3464
19094,7 day R,2021-10-27,AT,quantile,0.025,1.1347
19094,7 day R,2021-10-27,AT,quantile,0.975,1.5608
19094,7 day R,2021-10-28,AT,point,NA,1.3736
19094,7 day R,2021-10-28,AT,quantile,0.025,1.1588
19094,7 day R,2021-10-28,AT,quantile,0.975,1.5866
19094,7 day R,2021-10-29,AT,point,NA,1.4195
19094,7 day R,2021-10-29,AT,quantile,0.025,1.2071
19094,7 day R,2021-10-29,AT,quantile,0.975,1.6343
19094,7 day R,2021-10-30,AT,point,NA,1.4389
19094,7 day R,2021-10-30,AT,quantile,0.025,1.2274
19094,7 day R,2021-10-30,AT,quantile,0.975,1.6505
19094,7 day R,2021-10-31,AT,point,NA,1.439
19094,7 day R,2021-10-31,AT,quantile,0.025,1.2272
19094,7 day R,2021-10-31,AT,quantile,0.975,1.6553
19094,7 day R,2021-11-01,AT,point,NA,1.4327
19094,7 day R,2021-11-01,AT,quantile,0.025,1.2172
19094,7 day R,2021-11-01,AT,quantile,0.975,1.6438
19094,7 day R,2021-11-02,AT,point,NA,1.4405
19094,7 day R,2021-11-02,AT,quantile,0.025,1.2257
19094,7 day R,2021-11-02,AT,quantile,0.975,1.654
19094,7 day R,2021-11-03,AT,point,NA,1.4502
19094,7 day R,2021-11-03,AT,quantile,0.025,1.237
19094,7 day R,2021-11-03,AT,quantile,0.975,1.6623000000000001
19094,7 day R,2021-11-04,AT,point,NA,1.4834
19094,7 day R,2021-11-04,AT,quantile,0.025,1.2691
19094,7 day R,2021-11-04,AT,quantile,0.975,1.6961
19094,7 day R,2021-11-05,AT,point,NA,1.4945
19094,7 day R,2021-11-05,AT,quantile,0.025,1.2824
19094,7 day R,2021-11-05,AT,quantile,0.975,1.7093
19094,7 day R,2021-11-06,AT,point,NA,1.4836
19094,7 day R,2021-11-06,AT,quantile,0.025,1.2738
19094,7 day R,2021-11-06,AT,quantile,0.975,1.6975
19094,7 day R,2021-11-07,AT,point,NA,1.4551
19094,7 day R,2021-11-07,AT,quantile,0.025,1.2426
19094,7 day R,2021-11-07,AT,quantile,0.975,1.6646
19094,7 day R,2021-11-08,AT,point,NA,1.4301
19094,7 day R,2021-11-08,AT,quantile,0.025,1.2181
19094,7 day R,2021-11-08,AT,quantile,0.975,1.6413
19094,7 day R,2021-11-09,AT,point,NA,1.4066
19094,7 day R,2021-11-09,AT,quantile,0.025,1.1962
19094,7 day R,2021-11-09,AT,quantile,0.975,1.6182
19094,7 day R,2021-11-10,AT,point,NA,1.3971
19094,7 day R,2021-11-10,AT,quantile,0.025,1.18
19094,7 day R,2021-11-10,AT,quantile,0.975,1.6098
19094,7 day R,2021-11-11,AT,point,NA,1.3856
19094,7 day R,2021-11-11,AT,quantile,0.025,1.1693
19094,7 day R,2021-11-11,AT,quantile,0.975,1.6005
19094,7 day R,2021-11-12,AT,point,NA,1.3702
19094,7 day R,2021-11-12,AT,quantile,0.025,1.1601
19094,7 day R,2021-11-12,AT,quantile,0.975,1.5848
19094,7 day R,2021-11-13,AT,point,NA,1.3582
19094,7 day R,2021-11-13,AT,quantile,0.025,1.1478
19094,7 day R,2021-11-13,AT,quantile,0.975,1.5745
19094,7 day R,2021-11-14,AT,point,NA,1.3384
19094,7 day R,2021-11-14,AT,quantile,0.025,1.1243
19094,7 day R,2021-11-14,AT,quantile,0.975,1.5494
19094,7 day R,2021-11-15,AT,point,NA,1.3187
19094,7 day R,2021-11-15,AT,quantile,0.025,1.1072
19094,7 day R,2021-11-15,AT,quantile,0.975,1.5342
19094,7 day R,2021-11-16,AT,point,NA,1.2888
19094,7 day R,2021-11-16,AT,quantile,0.025,1.0757
19094,7 day R,2021-11-16,AT,quantile,0.975,1.5035
19094,7 day R,2021-11-17,AT,point,NA,1.2666
19094,7 day R,2021-11-17,AT,quantile,0.025,1.0547
19094,7 day R,2021-11-17,AT,quantile,0.975,1.4791
19094,7 day R,2021-11-18,AT,point,NA,1.2503
19094,7 day R,2021-11-18,AT,quantile,0.025,1.0368
19094,7 day R,2021-11-18,AT,quantile,0.975,1.4646
19094,7 day R,2021-11-19,AT,point,NA,1.2299
19094,7 day R,2021-11-19,AT,quantile,0.025,1.0158
19094,7 day R,2021-11-19,AT,quantile,0.975,1.4431
19094,7 day R,2021-11-20,AT,point,NA,1.1992
19094,7 day R,2021-11-20,AT,quantile,0.025,0.9852
19094,7 day R,2021-11-20,AT,quantile,0.975,1.4128
19094,7 day R,2021-11-21,AT,point,NA,1.1656
19094,7 day R,2021-11-21,AT,quantile,0.025,0.9501
19094,7 day R,2021-11-21,AT,quantile,0.975,1.3808
19094,7 day R,2021-11-22,AT,point,NA,1.1218
19094,7 day R,2021-11-22,AT,quantile,0.025,0.9074
19094,7 day R,2021-11-22,AT,quantile,0.975,1.3362
19094,7 day R,2021-11-23,AT,point,NA,1.0622
19094,7 day R,2021-11-23,AT,quantile,0.025,0.8467
19094,7 day R,2021-11-23,AT,quantile,0.975,1.2785
19094,7 day R,2021-11-24,AT,point,NA,1.0192
19094,7 day R,2021-11-24,AT,quantile,0.025,0.8049
19094,7 day R,2021-11-24,AT,quantile,0.975,1.2343
19094,7 day R,2021-11-25,AT,point,NA,0.976
19094,7 day R,2021-11-25,AT,quantile,0.025,0.7603
19094,7 day R,2021-11-25,AT,quantile,0.975,1.1921
19094,7 day R,2021-11-26,AT,point,NA,0.9368
19094,7 day R,2021-11-26,AT,quantile,0.025,0.7219
19094,7 day R,2021-11-26,AT,quantile,0.975,1.1505
19094,7 day R,2021-11-27,AT,point,NA,0.9038
19094,7 day R,2021-11-27,AT,quantile,0.025,0.6905
19094,7 day R,2021-11-27,AT,quantile,0.975,1.1164
19094,7 day R,2021-11-28,AT,point,NA,0.8758
19094,7 day R,2021-11-28,AT,quantile,0.025,0.664
19094,7 day R,2021-11-28,AT,quantile,0.975,1.0905
19094,7 day R,2021-11-29,AT,point,NA,0.8385
19094,7 day R,2021-11-29,AT,quantile,0.025,0.6263
19094,7 day R,2021-11-29,AT,quantile,0.975,1.052
19094,7 day R,2021-11-30,AT,point,NA,0.8008
19094,7 day R,2021-11-30,AT,quantile,0.025,0.5912
19094,7 day R,2021-11-30,AT,quantile,0.975,1.0105
19094,7 day R,2021-12-01,AT,point,NA,0.7576
19094,7 day R,2021-12-01,AT,quantile,0.025,0.5441
19094,7 day R,2021-12-01,AT,quantile,0.975,0.9698
19094,7 day R,2021-12-02,AT,point,NA,0.7208
19094,7 day R,2021-12-02,AT,quantile,0.025,0.5055
19094,7 day R,2021-12-02,AT,quantile,0.975,0.9343
19094,7 day R,2021-12-03,AT,point,NA,0.6884
19094,7 day R,2021-12-03,AT,quantile,0.025,0.4746
19094,7 day R,2021-12-03,AT,quantile,0.975,0.9011
19094,7 day R,2021-12-04,AT,point,NA,0.67
19094,7 day R,2021-12-04,AT,quantile,0.025,0.4553
19094,7 day R,2021-12-04,AT,quantile,0.975,0.8824
19094,7 day R,2021-12-05,AT,point,NA,0.6533
19094,7 day R,2021-12-05,AT,quantile,0.025,0.442
19094,7 day R,2021-12-05,AT,quantile,0.975,0.8676
19094,7 day R,2021-12-06,AT,point,NA,0.6348
19094,7 day R,2021-12-06,AT,quantile,0.025,0.4229
19094,7 day R,2021-12-06,AT,quantile,0.975,0.8449
19094,7 day R,2021-12-07,AT,point,NA,0.6133
19094,7 day R,2021-12-07,AT,quantile,0.025,0.4026
19094,7 day R,2021-12-07,AT,quantile,0.975,0.8229
19094,7 day R,2021-12-08,AT,point,NA,0.5916
19094,7 day R,2021-12-08,AT,quantile,0.025,0.3781
19094,7 day R,2021-12-08,AT,quantile,0.975,0.804
19094,7 day R,2021-12-09,AT,point,NA,0.5812
19094,7 day R,2021-12-09,AT,quantile,0.025,0.3636
19094,7 day R,2021-12-09,AT,quantile,0.975,0.7932
19094,7 day R,2021-12-10,AT,point,NA,0.5818
19094,7 day R,2021-12-10,AT,quantile,0.025,0.3692
19094,7 day R,2021-12-10,AT,quantile,0.975,0.7942
19094,7 day R,2021-12-11,AT,point,NA,0.5972
19094,7 day R,2021-12-11,AT,quantile,0.025,0.3853
19094,7 day R,2021-12-11,AT,quantile,0.975,0.8109
19094,7 day R,2021-12-12,AT,point,NA,0.6092
19094,7 day R,2021-12-12,AT,quantile,0.025,0.3968
19094,7 day R,2021-12-12,AT,quantile,0.975,0.8218
19094,7 day R,2021-12-13,AT,point,NA,0.6287
19094,7 day R,2021-12-13,AT,quantile,0.025,0.4164
19094,7 day R,2021-12-13,AT,quantile,0.975,0.8412
19094,7 day R,2021-12-14,AT,point,NA,0.6174
19094,7 day R,2021-12-14,AT,quantile,0.025,0.4078
19094,7 day R,2021-12-14,AT,quantile,0.975,0.8289
19094,7 day R,2021-12-15,AT,point,NA,0.6054
19094,7 day R,2021-12-15,AT,quantile,0.025,0.3947
19094,7 day R,2021-12-15,AT,quantile,0.975,0.816
19094,7 day R,2021-12-16,AT,point,NA,0.596
19094,7 day R,2021-12-16,AT,quantile,0.025,0.3878
19094,7 day R,2021-12-16,AT,quantile,0.975,0.8096
19094,7 day R,2021-12-17,AT,point,NA,0.5957
19094,7 day R,2021-12-17,AT,quantile,0.025,0.3883
19094,7 day R,2021-12-17,AT,quantile,0.975,0.8091
19094,7 day R,2021-12-18,AT,point,NA,0.6014
19094,7 day R,2021-12-18,AT,quantile,0.025,0.3906
19094,7 day R,2021-12-18,AT,quantile,0.975,0.8153
19094,7 day R,2021-12-19,AT,point,NA,0.6247
19094,7 day R,2021-12-19,AT,quantile,0.025,0.4133
19094,7 day R,2021-12-19,AT,quantile,0.975,0.8376
19094,7 day R,2021-12-20,AT,point,NA,0.6407
19094,7 day R,2021-12-20,AT,quantile,0.025,0.4284
19094,7 day R,2021-12-20,AT,quantile,0.975,0.8528
19094,7 day R,2021-12-21,AT,point,NA,0.6552
19094,7 day R,2021-12-21,AT,quantile,0.025,0.4414
19094,7 day R,2021-12-21,AT,quantile,0.975,0.8658
19094,7 day R,2021-12-22,AT,point,NA,0.6544
19094,7 day R,2021-12-22,AT,quantile,0.025,0.4437
19094,7 day R,2021-12-22,AT,quantile,0.975,0.8655
19094,7 day R,2021-12-23,AT,point,NA,0.6862
19094,7 day R,2021-12-23,AT,quantile,0.025,0.4725
19094,7 day R,2021-12-23,AT,quantile,0.975,0.8974
19094,7 day R,2021-12-24,AT,point,NA,0.7274
19094,7 day R,2021-12-24,AT,quantile,0.025,0.5139
19094,7 day R,2021-12-24,AT,quantile,0.975,0.939
19094,7 day R,2021-12-25,AT,point,NA,0.7749
19094,7 day R,2021-12-25,AT,quantile,0.025,0.5572
19094,7 day R,2021-12-25,AT,quantile,0.975,0.9891
19094,7 day R,2021-12-26,AT,point,NA,0.832
19094,7 day R,2021-12-26,AT,quantile,0.025,0.6193
19094,7 day R,2021-12-26,AT,quantile,0.975,1.0468
19094,7 day R,2021-12-27,AT,point,NA,0.9025
19094,7 day R,2021-12-27,AT,quantile,0.025,0.6879
19094,7 day R,2021-12-27,AT,quantile,0.975,1.116
19094,7 day R,2021-12-28,AT,point,NA,0.9854
19094,7 day R,2021-12-28,AT,quantile,0.025,0.7722
19094,7 day R,2021-12-28,AT,quantile,0.975,1.1978
19094,7 day R,2021-12-29,AT,point,NA,1.0639
19094,7 day R,2021-12-29,AT,quantile,0.025,0.8492
19094,7 day R,2021-12-29,AT,quantile,0.975,1.2747
19094,7 day R,2021-12-30,AT,point,NA,1.1545
19094,7 day R,2021-12-30,AT,quantile,0.025,0.9404
19094,7 day R,2021-12-30,AT,quantile,0.975,1.3676
19094,7 day R,2021-12-31,AT,point,NA,1.2385
19094,7 day R,2021-12-31,AT,quantile,0.025,1.0235
19094,7 day R,2021-12-31,AT,quantile,0.975,1.4514
19094,7 day R,2022-01-01,AT,point,NA,1.3214
19094,7 day R,2022-01-01,AT,quantile,0.025,1.1057
19094,7 day R,2022-01-01,AT,quantile,0.975,1.5342
19094,7 day R,2022-01-02,AT,point,NA,1.4112
19094,7 day R,2022-01-02,AT,quantile,0.025,1.1994
19094,7 day R,2022-01-02,AT,quantile,0.975,1.6245
19094,7 day R,2022-01-03,AT,point,NA,1.5213
19094,7 day R,2022-01-03,AT,quantile,0.025,1.3051
19094,7 day R,2022-01-03,AT,quantile,0.975,1.7346
19094,7 day R,2022-01-04,AT,point,NA,1.6523
19094,7 day R,2022-01-04,AT,quantile,0.025,1.4385
19094,7 day R,2022-01-04,AT,quantile,0.975,1.8711
19094,7 day R,2022-01-05,AT,point,NA,1.7514
19094,7 day R,2022-01-05,AT,quantile,0.025,1.5363
19094,7 day R,2022-01-05,AT,quantile,0.975,1.9731
19094,7 day R,2022-01-06,AT,point,NA,1.7644
19094,7 day R,2022-01-06,AT,quantile,0.025,1.5534
19094,7 day R,2022-01-06,AT,quantile,0.975,1.9816
19094,7 day R,2022-01-07,AT,point,NA,1.7355
19094,7 day R,2022-01-07,AT,quantile,0.025,1.5237
19094,7 day R,2022-01-07,AT,quantile,0.975,1.9502
19094,7 day R,2022-01-08,AT,point,NA,1.7133
19094,7 day R,2022-01-08,AT,quantile,0.025,1.5026
19094,7 day R,2022-01-08,AT,quantile,0.975,1.924
19094,7 day R,2022-01-09,AT,point,NA,1.7396
19094,7 day R,2022-01-09,AT,quantile,0.025,1.5255
19094,7 day R,2022-01-09,AT,quantile,0.975,1.9509
19094,7 day R,2022-01-10,AT,point,NA,1.7422
19094,7 day R,2022-01-10,AT,quantile,0.025,1.5322
19094,7 day R,2022-01-10,AT,quantile,0.975,1.9555
19094,7 day R,2022-01-11,AT,point,NA,1.7244
19094,7 day R,2022-01-11,AT,quantile,0.025,1.5142
19094,7 day R,2022-01-11,AT,quantile,0.975,1.9383
19094,7 day R,2022-01-12,AT,point,NA,1.7026
19094,7 day R,2022-01-12,AT,quantile,0.025,1.4899
19094,7 day R,2022-01-12,AT,quantile,0.975,1.9131
19094,7 day R,2022-01-13,AT,point,NA,1.6719
19094,7 day R,2022-01-13,AT,quantile,0.025,1.4612
19094,7 day R,2022-01-13,AT,quantile,0.975,1.8808
19094,7 day R,2022-01-14,AT,point,NA,1.62
19094,7 day R,2022-01-14,AT,quantile,0.025,1.4075
19094,7 day R,2022-01-14,AT,quantile,0.975,1.832
19094,7 day R,2022-01-15,AT,point,NA,1.5715
19094,7 day R,2022-01-15,AT,quantile,0.025,1.3583
19094,7 day R,2022-01-15,AT,quantile,0.975,1.7859
19094,7 day R,2022-01-16,AT,point,NA,1.5407
19094,7 day R,2022-01-16,AT,quantile,0.025,1.3295
19094,7 day R,2022-01-16,AT,quantile,0.975,1.7523
19094,7 day R,2022-01-17,AT,point,NA,1.5143
19094,7 day R,2022-01-17,AT,quantile,0.025,1.3025
19094,7 day R,2022-01-17,AT,quantile,0.975,1.726
19094,7 day R,2022-01-18,AT,point,NA,1.4916
19094,7 day R,2022-01-18,AT,quantile,0.025,1.2756
19094,7 day R,2022-01-18,AT,quantile,0.975,1.7091
19094,7 day R,2022-01-19,AT,point,NA,1.4737
19094,7 day R,2022-01-19,AT,quantile,0.025,1.2571
19094,7 day R,2022-01-19,AT,quantile,0.975,1.6883
19094,7 day R,2022-01-20,AT,point,NA,1.4401
19094,7 day R,2022-01-20,AT,quantile,0.025,1.2211
19094,7 day R,2022-01-20,AT,quantile,0.975,1.6538
19094,7 day R,2022-01-21,AT,point,NA,1.5519
19094,7 day R,2022-01-21,AT,quantile,0.025,1.3364
19094,7 day R,2022-01-21,AT,quantile,0.975,1.7672
19094,7 day R,2022-01-22,AT,point,NA,1.6343
19094,7 day R,2022-01-22,AT,quantile,0.025,1.4168
19094,7 day R,2022-01-22,AT,quantile,0.975,1.8505
19094,7 day R,2022-01-23,AT,point,NA,1.5609
19094,7 day R,2022-01-23,AT,quantile,0.025,1.3476
19094,7 day R,2022-01-23,AT,quantile,0.975,1.7792
19094,7 day R,2022-01-24,AT,point,NA,1.5066
19094,7 day R,2022-01-24,AT,quantile,0.025,1.2919
19094,7 day R,2022-01-24,AT,quantile,0.975,1.719
19094,7 day R,2022-01-25,AT,point,NA,1.458
19094,7 day R,2022-01-25,AT,quantile,0.025,1.2465
19094,7 day R,2022-01-25,AT,quantile,0.975,1.67
19094,7 day R,2022-01-26,AT,point,NA,1.424
19094,7 day R,2022-01-26,AT,quantile,0.025,1.2138
19094,7 day R,2022-01-26,AT,quantile,0.975,1.6362
19094,7 day R,2022-01-27,AT,point,NA,1.4173
19094,7 day R,2022-01-27,AT,quantile,0.025,1.2065
19094,7 day R,2022-01-27,AT,quantile,0.975,1.6301
19094,7 day R,2022-01-28,AT,point,NA,1.3539
19094,7 day R,2022-01-28,AT,quantile,0.025,1.1424
19094,7 day R,2022-01-28,AT,quantile,0.975,1.5636
19094,7 day R,2022-01-29,AT,point,NA,1.2862
19094,7 day R,2022-01-29,AT,quantile,0.025,1.0742
19094,7 day R,2022-01-29,AT,quantile,0.975,1.4968
19094,7 day R,2022-01-30,AT,point,NA,1.2325
19094,7 day R,2022-01-30,AT,quantile,0.025,1.0234
19094,7 day R,2022-01-30,AT,quantile,0.975,1.4422
19094,7 day R,2022-01-31,AT,point,NA,1.1933
19094,7 day R,2022-01-31,AT,quantile,0.025,0.9836
19094,7 day R,2022-01-31,AT,quantile,0.975,1.4066
19094,7 day R,2022-02-01,AT,point,NA,1.1597
19094,7 day R,2022-02-01,AT,quantile,0.025,0.9472
19094,7 day R,2022-02-01,AT,quantile,0.975,1.3718
19094,7 day R,2022-02-02,AT,point,NA,1.139
19094,7 day R,2022-02-02,AT,quantile,0.025,0.926
19094,7 day R,2022-02-02,AT,quantile,0.975,1.3529
19094,7 day R,2022-02-03,AT,point,NA,1.1273
19094,7 day R,2022-02-03,AT,quantile,0.025,0.9159
19094,7 day R,2022-02-03,AT,quantile,0.975,1.3414
19094,7 day R,2022-02-04,AT,point,NA,1.1021
19094,7 day R,2022-02-04,AT,quantile,0.025,0.8906
19094,7 day R,2022-02-04,AT,quantile,0.975,1.315
19094,7 day R,2022-02-05,AT,point,NA,1.0778
19094,7 day R,2022-02-05,AT,quantile,0.025,0.8654
19094,7 day R,2022-02-05,AT,quantile,0.975,1.2873000000000001
19094,7 day R,2022-02-06,AT,point,NA,1.0612
19094,7 day R,2022-02-06,AT,quantile,0.025,0.8504
19094,7 day R,2022-02-06,AT,quantile,0.975,1.2689
19094,7 day R,2022-02-07,AT,point,NA,1.0462
19094,7 day R,2022-02-07,AT,quantile,0.025,0.8303
19094,7 day R,2022-02-07,AT,quantile,0.975,1.2586
19094,7 day R,2022-02-08,AT,point,NA,1.0279
19094,7 day R,2022-02-08,AT,quantile,0.025,0.8108
19094,7 day R,2022-02-08,AT,quantile,0.975,1.2375
19094,7 day R,2022-02-09,AT,point,NA,1.0098
19094,7 day R,2022-02-09,AT,quantile,0.025,0.7986
19094,7 day R,2022-02-09,AT,quantile,0.975,1.2204
19094,7 day R,2022-02-10,AT,point,NA,1.0025
19094,7 day R,2022-02-10,AT,quantile,0.025,0.7934
19094,7 day R,2022-02-10,AT,quantile,0.975,1.2153
19094,7 day R,2022-02-11,AT,point,NA,0.9888
19094,7 day R,2022-02-11,AT,quantile,0.025,0.7786
19094,7 day R,2022-02-11,AT,quantile,0.975,1.1999
19094,7 day R,2022-02-12,AT,point,NA,0.984
19094,7 day R,2022-02-12,AT,quantile,0.025,0.7709
19094,7 day R,2022-02-12,AT,quantile,0.975,1.1966
19094,7 day R,2022-02-13,AT,point,NA,0.9689
19094,7 day R,2022-02-13,AT,quantile,0.025,0.755
19094,7 day R,2022-02-13,AT,quantile,0.975,1.181
19094,7 day R,2022-02-14,AT,point,NA,0.9655
19094,7 day R,2022-02-14,AT,quantile,0.025,0.7569
19094,7 day R,2022-02-14,AT,quantile,0.975,1.1762
19094,7 day R,2022-02-15,AT,point,NA,0.9573
19094,7 day R,2022-02-15,AT,quantile,0.025,0.7481
19094,7 day R,2022-02-15,AT,quantile,0.975,1.1683
19094,7 day R,2022-02-16,AT,point,NA,0.9465
19094,7 day R,2022-02-16,AT,quantile,0.025,0.7347
19094,7 day R,2022-02-16,AT,quantile,0.975,1.1586
19094,7 day R,2022-02-17,AT,point,NA,0.9351
19094,7 day R,2022-02-17,AT,quantile,0.025,0.7243
19094,7 day R,2022-02-17,AT,quantile,0.975,1.1494
19094,7 day R,2022-02-18,AT,point,NA,0.9239
19094,7 day R,2022-02-18,AT,quantile,0.025,0.7083
19094,7 day R,2022-02-18,AT,quantile,0.975,1.1383
19094,7 day R,2022-02-19,AT,point,NA,0.9192
19094,7 day R,2022-02-19,AT,quantile,0.025,0.7069
19094,7 day R,2022-02-19,AT,quantile,0.975,1.1315
19094,7 day R,2022-02-20,AT,point,NA,1.002
19094,7 day R,2022-02-20,AT,quantile,0.025,0.7891
19094,7 day R,2022-02-20,AT,quantile,0.975,1.2155
19094,7 day R,2022-02-21,AT,point,NA,0.9878
19094,7 day R,2022-02-21,AT,quantile,0.025,0.773
19094,7 day R,2022-02-21,AT,quantile,0.975,1.2033
19094,7 day R,2022-02-22,AT,point,NA,0.9735
19094,7 day R,2022-02-22,AT,quantile,0.025,0.7586
19094,7 day R,2022-02-22,AT,quantile,0.975,1.1871
19094,7 day R,2022-02-23,AT,point,NA,0.9688
19094,7 day R,2022-02-23,AT,quantile,0.025,0.7548
19094,7 day R,2022-02-23,AT,quantile,0.975,1.1827
19094,7 day R,2022-02-24,AT,point,NA,0.9727
19094,7 day R,2022-02-24,AT,quantile,0.025,0.7601
19094,7 day R,2022-02-24,AT,quantile,0.975,1.185
19094,7 day R,2022-02-25,AT,point,NA,0.9832
19094,7 day R,2022-02-25,AT,quantile,0.025,0.7707
19094,7 day R,2022-02-25,AT,quantile,0.975,1.1957
19094,7 day R,2022-02-26,AT,point,NA,0.9923
19094,7 day R,2022-02-26,AT,quantile,0.025,0.7779
19094,7 day R,2022-02-26,AT,quantile,0.975,1.2043
19094,7 day R,2022-02-27,AT,point,NA,0.9944
19094,7 day R,2022-02-27,AT,quantile,0.025,0.7803
19094,7 day R,2022-02-27,AT,quantile,0.975,1.2085
19094,7 day R,2022-02-28,AT,point,NA,1.0134
19094,7 day R,2022-02-28,AT,quantile,0.025,0.7994
19094,7 day R,2022-02-28,AT,quantile,0.975,1.2276
19094,7 day R,2022-03-01,AT,point,NA,1.0395
19094,7 day R,2022-03-01,AT,quantile,0.025,0.8301
19094,7 day R,2022-03-01,AT,quantile,0.975,1.2488
19094,7 day R,2022-03-02,AT,point,NA,1.0608
19094,7 day R,2022-03-02,AT,quantile,0.025,0.848
19094,7 day R,2022-03-02,AT,quantile,0.975,1.275
19094,7 day R,2022-03-03,AT,point,NA,1.0731
19094,7 day R,2022-03-03,AT,quantile,0.025,0.8598
19094,7 day R,2022-03-03,AT,quantile,0.975,1.2851
19094,7 day R,2022-03-04,AT,point,NA,1.0903
19094,7 day R,2022-03-04,AT,quantile,0.025,0.8793
19094,7 day R,2022-03-04,AT,quantile,0.975,1.2998
19094,7 day R,2022-03-05,AT,point,NA,1.1148
19094,7 day R,2022-03-05,AT,quantile,0.025,0.9043
19094,7 day R,2022-03-05,AT,quantile,0.975,1.3281
19094,7 day R,2022-03-06,AT,point,NA,1.1316
19094,7 day R,2022-03-06,AT,quantile,0.025,0.92
19094,7 day R,2022-03-06,AT,quantile,0.975,1.3449
19094,7 day R,2022-03-07,AT,point,NA,1.1538
19094,7 day R,2022-03-07,AT,quantile,0.025,0.941
19094,7 day R,2022-03-07,AT,quantile,0.975,1.364
19094,7 day R,2022-03-08,AT,point,NA,1.1862
19094,7 day R,2022-03-08,AT,quantile,0.025,0.9731
19094,7 day R,2022-03-08,AT,quantile,0.975,1.3993
19094,7 day R,2022-03-09,AT,point,NA,1.2168
19094,7 day R,2022-03-09,AT,quantile,0.025,1.0066
19094,7 day R,2022-03-09,AT,quantile,0.975,1.4277
19094,7 day R,2022-03-10,AT,point,NA,1.239
19094,7 day R,2022-03-10,AT,quantile,0.025,1.0304
19094,7 day R,2022-03-10,AT,quantile,0.975,1.4527
19094,7 day R,2022-03-11,AT,point,NA,1.2354
19094,7 day R,2022-03-11,AT,quantile,0.025,1.0235
19094,7 day R,2022-03-11,AT,quantile,0.975,1.4478
19094,7 day R,2022-03-12,AT,point,NA,1.2181
19094,7 day R,2022-03-12,AT,quantile,0.025,1.005
19094,7 day R,2022-03-12,AT,quantile,0.975,1.4308
19094,7 day R,2022-03-13,AT,point,NA,1.1917
19094,7 day R,2022-03-13,AT,quantile,0.025,0.9801
19094,7 day R,2022-03-13,AT,quantile,0.975,1.4048
19094,7 day R,2022-03-14,AT,point,NA,1.1646
19094,7 day R,2022-03-14,AT,quantile,0.025,0.9549
19094,7 day R,2022-03-14,AT,quantile,0.975,1.3752
19094,7 day R,2022-03-15,AT,point,NA,1.1523
19094,7 day R,2022-03-15,AT,quantile,0.025,0.943
19094,7 day R,2022-03-15,AT,quantile,0.975,1.3643
19094,7 day R,2022-03-16,AT,point,NA,1.1411
19094,7 day R,2022-03-16,AT,quantile,0.025,0.9297
19094,7 day R,2022-03-16,AT,quantile,0.975,1.3537
19094,7 day R,2022-03-17,AT,point,NA,1.1202
19094,7 day R,2022-03-17,AT,quantile,0.025,0.9083
19094,7 day R,2022-03-17,AT,quantile,0.975,1.3354
19094,7 day R,2022-03-18,AT,point,NA,1.0912
19094,7 day R,2022-03-18,AT,quantile,0.025,0.8798
19094,7 day R,2022-03-18,AT,quantile,0.975,1.3032
19094,7 day R,2022-03-19,AT,point,NA,1.0569
19094,7 day R,2022-03-19,AT,quantile,0.025,0.8454
19094,7 day R,2022-03-19,AT,quantile,0.975,1.272
19094,7 day R,2022-03-20,AT,point,NA,1.0253
19094,7 day R,2022-03-20,AT,quantile,0.025,0.8131
19094,7 day R,2022-03-20,AT,quantile,0.975,1.241
19094,7 day R,2022-03-21,AT,point,NA,0.9828
19094,7 day R,2022-03-21,AT,quantile,0.025,0.7686
19094,7 day R,2022-03-21,AT,quantile,0.975,1.1975
19094,7 day R,2022-03-22,AT,point,NA,0.9609
19094,7 day R,2022-03-22,AT,quantile,0.025,0.7473
19094,7 day R,2022-03-22,AT,quantile,0.975,1.1754
19094,7 day R,2022-03-23,AT,point,NA,0.933
19094,7 day R,2022-03-23,AT,quantile,0.025,0.7207
19094,7 day R,2022-03-23,AT,quantile,0.975,1.1449
19094,7 day R,2022-03-24,AT,point,NA,0.8989
19094,7 day R,2022-03-24,AT,quantile,0.025,0.6872
19094,7 day R,2022-03-24,AT,quantile,0.975,1.1119
19094,7 day R,2022-03-25,AT,point,NA,0.8654
19094,7 day R,2022-03-25,AT,quantile,0.025,0.6539
19094,7 day R,2022-03-25,AT,quantile,0.975,1.0776
19094,7 day R,2022-03-26,AT,point,NA,0.8354
19094,7 day R,2022-03-26,AT,quantile,0.025,0.6187
19094,7 day R,2022-03-26,AT,quantile,0.975,1.0467
19094,7 day R,2022-03-27,AT,point,NA,0.805
19094,7 day R,2022-03-27,AT,quantile,0.025,0.5945
19094,7 day R,2022-03-27,AT,quantile,0.975,1.0147
19094,7 day R,2022-03-28,AT,point,NA,0.8339
19094,7 day R,2022-03-28,AT,quantile,0.025,0.6257
19094,7 day R,2022-03-28,AT,quantile,0.975,1.0468
19094,7 day R,2022-03-29,AT,point,NA,0.7913
19094,7 day R,2022-03-29,AT,quantile,0.025,0.5837
19094,7 day R,2022-03-29,AT,quantile,0.975,1.0033
19094,7 day R,2022-03-30,AT,point,NA,0.748
19094,7 day R,2022-03-30,AT,quantile,0.025,0.5374
19094,7 day R,2022-03-30,AT,quantile,0.975,0.9626
19094,7 day R,2022-03-31,AT,point,NA,0.7139
19094,7 day R,2022-03-31,AT,quantile,0.025,0.5016
19094,7 day R,2022-03-31,AT,quantile,0.975,0.9246
19094,7 day R,2022-04-01,AT,point,NA,0.6874
19094,7 day R,2022-04-01,AT,quantile,0.025,0.4745
19094,7 day R,2022-04-01,AT,quantile,0.975,0.9008
19094,7 day R,2022-04-02,AT,point,NA,0.6696
19094,7 day R,2022-04-02,AT,quantile,0.025,0.455
19094,7 day R,2022-04-02,AT,quantile,0.975,0.8841
19094,7 day R,2022-04-03,AT,point,NA,0.655
19094,7 day R,2022-04-03,AT,quantile,0.025,0.4397
19094,7 day R,2022-04-03,AT,quantile,0.975,0.8707
19094,7 day R,2022-04-04,AT,point,NA,0.6271
19094,7 day R,2022-04-04,AT,quantile,0.025,0.4108
19094,7 day R,2022-04-04,AT,quantile,0.975,0.8409
19094,7 day R,2022-04-05,AT,point,NA,0.6204
19094,7 day R,2022-04-05,AT,quantile,0.025,0.397
19094,7 day R,2022-04-05,AT,quantile,0.975,0.8396
19094,7 day R,2022-04-06,AT,point,NA,0.6097
19094,7 day R,2022-04-06,AT,quantile,0.025,0.3751
19094,7 day R,2022-04-06,AT,quantile,0.975,0.8426
19094,7 day R,2022-04-07,AT,point,NA,0.6047
19094,7 day R,2022-04-07,AT,quantile,0.025,0.349
19094,7 day R,2022-04-07,AT,quantile,0.975,0.8542
19094,7 day R,2022-04-08,AT,point,NA,0.6002
19094,7 day R,2022-04-08,AT,quantile,0.025,0.3114
19094,7 day R,2022-04-08,AT,quantile,0.975,0.887
19094,7 day R,2022-04-09,DE,point,NA,0.786
19094,7 day R,2022-04-09,DE,quantile,0.025,0.6334
19094,7 day R,2022-04-09,DE,quantile,0.975,0.9366
19094,7 day R,2022-04-10,DE,point,NA,0.8142
19094,7 day R,2022-04-10,DE,quantile,0.025,0.6605
19094,7 day R,2022-04-10,DE,quantile,0.975,0.9671
19094,7 day R,2020-03-06,CH,point,NA,2.6867
19094,7 day R,2020-03-06,CH,quantile,0.025,2.2755
19094,7 day R,2020-03-06,CH,quantile,0.975,3.1052
19094,7 day R,2020-03-07,CH,point,NA,2.6875
19094,7 day R,2020-03-07,CH,quantile,0.025,2.312
19094,7 day R,2020-03-07,CH,quantile,0.975,3.0738
19094,7 day R,2020-03-08,CH,point,NA,2.688
19094,7 day R,2020-03-08,CH,quantile,0.025,2.3336
19094,7 day R,2020-03-08,CH,quantile,0.975,3.0459
19094,7 day R,2020-03-09,CH,point,NA,2.7336
19094,7 day R,2020-03-09,CH,quantile,0.025,2.3969
19094,7 day R,2020-03-09,CH,quantile,0.975,3.0717
19094,7 day R,2020-03-10,CH,point,NA,2.7857
19094,7 day R,2020-03-10,CH,quantile,0.025,2.4617
19094,7 day R,2020-03-10,CH,quantile,0.975,3.1154
19094,7 day R,2020-03-11,CH,point,NA,2.8277
19094,7 day R,2020-03-11,CH,quantile,0.025,2.5031
19094,7 day R,2020-03-11,CH,quantile,0.975,3.1524
19094,7 day R,2020-03-12,CH,point,NA,2.8524
19094,7 day R,2020-03-12,CH,quantile,0.025,2.5282
19094,7 day R,2020-03-12,CH,quantile,0.975,3.1759
19094,7 day R,2020-03-13,CH,point,NA,2.921
19094,7 day R,2020-03-13,CH,quantile,0.025,2.5922
19094,7 day R,2020-03-13,CH,quantile,0.975,3.2625
19094,7 day R,2020-03-14,CH,point,NA,2.8895
19094,7 day R,2020-03-14,CH,quantile,0.025,2.5601
19094,7 day R,2020-03-14,CH,quantile,0.975,3.2281
19094,7 day R,2020-03-15,CH,point,NA,2.8479
19094,7 day R,2020-03-15,CH,quantile,0.025,2.5193
19094,7 day R,2020-03-15,CH,quantile,0.975,3.1875
19094,7 day R,2020-03-16,CH,point,NA,2.7083
19094,7 day R,2020-03-16,CH,quantile,0.025,2.393
19094,7 day R,2020-03-16,CH,quantile,0.975,3.0298
19094,7 day R,2020-03-17,CH,point,NA,2.6075
19094,7 day R,2020-03-17,CH,quantile,0.025,2.3026
19094,7 day R,2020-03-17,CH,quantile,0.975,2.9159
19094,7 day R,2020-03-18,CH,point,NA,2.5171
19094,7 day R,2020-03-18,CH,quantile,0.025,2.2109
19094,7 day R,2020-03-18,CH,quantile,0.975,2.8255
19094,7 day R,2020-03-19,CH,point,NA,2.4531
19094,7 day R,2020-03-19,CH,quantile,0.025,2.1476
19094,7 day R,2020-03-19,CH,quantile,0.975,2.7614
19094,7 day R,2020-03-20,CH,point,NA,2.3152
19094,7 day R,2020-03-20,CH,quantile,0.025,2.0139
19094,7 day R,2020-03-20,CH,quantile,0.975,2.6189
19094,7 day R,2020-03-21,CH,point,NA,2.2004
19094,7 day R,2020-03-21,CH,quantile,0.025,1.9039
19094,7 day R,2020-03-21,CH,quantile,0.975,2.5012
19094,7 day R,2020-03-22,CH,point,NA,2.0638
19094,7 day R,2020-03-22,CH,quantile,0.025,1.7666
19094,7 day R,2020-03-22,CH,quantile,0.975,2.3661
19094,7 day R,2020-03-23,CH,point,NA,1.9539
19094,7 day R,2020-03-23,CH,quantile,0.025,1.6563
19094,7 day R,2020-03-23,CH,quantile,0.975,2.2551
19094,7 day R,2020-03-24,CH,point,NA,1.8128
19094,7 day R,2020-03-24,CH,quantile,0.025,1.5111
19094,7 day R,2020-03-24,CH,quantile,0.975,2.1117
19094,7 day R,2020-03-25,CH,point,NA,1.6754
19094,7 day R,2020-03-25,CH,quantile,0.025,1.3701
19094,7 day R,2020-03-25,CH,quantile,0.975,1.9778
19094,7 day R,2020-03-26,CH,point,NA,1.5448
19094,7 day R,2020-03-26,CH,quantile,0.025,1.2359
19094,7 day R,2020-03-26,CH,quantile,0.975,1.8533
19094,7 day R,2020-03-27,CH,point,NA,1.4355
19094,7 day R,2020-03-27,CH,quantile,0.025,1.1229
19094,7 day R,2020-03-27,CH,quantile,0.975,1.7391
19094,7 day R,2020-03-28,CH,point,NA,1.3619
19094,7 day R,2020-03-28,CH,quantile,0.025,1.0526
19094,7 day R,2020-03-28,CH,quantile,0.975,1.6698
19094,7 day R,2020-03-29,CH,point,NA,1.2989
19094,7 day R,2020-03-29,CH,quantile,0.025,0.9873
19094,7 day R,2020-03-29,CH,quantile,0.975,1.602
19094,7 day R,2020-03-30,CH,point,NA,1.2487
19094,7 day R,2020-03-30,CH,quantile,0.025,0.9423
19094,7 day R,2020-03-30,CH,quantile,0.975,1.5529
19094,7 day R,2020-03-31,CH,point,NA,1.1885
19094,7 day R,2020-03-31,CH,quantile,0.025,0.882
19094,7 day R,2020-03-31,CH,quantile,0.975,1.4944
19094,7 day R,2020-04-01,CH,point,NA,1.1299
19094,7 day R,2020-04-01,CH,quantile,0.025,0.8243
19094,7 day R,2020-04-01,CH,quantile,0.975,1.4335
19094,7 day R,2020-04-02,CH,point,NA,1.0657
19094,7 day R,2020-04-02,CH,quantile,0.025,0.7606
19094,7 day R,2020-04-02,CH,quantile,0.975,1.3692
19094,7 day R,2020-04-03,CH,point,NA,1.0029
19094,7 day R,2020-04-03,CH,quantile,0.025,0.6938
19094,7 day R,2020-04-03,CH,quantile,0.975,1.3048
19094,7 day R,2020-04-04,CH,point,NA,0.9631
19094,7 day R,2020-04-04,CH,quantile,0.025,0.6525
19094,7 day R,2020-04-04,CH,quantile,0.975,1.2648
19094,7 day R,2020-04-05,CH,point,NA,0.9298
19094,7 day R,2020-04-05,CH,quantile,0.025,0.6211
19094,7 day R,2020-04-05,CH,quantile,0.975,1.2362
19094,7 day R,2020-04-06,CH,point,NA,0.9045
19094,7 day R,2020-04-06,CH,quantile,0.025,0.5967
19094,7 day R,2020-04-06,CH,quantile,0.975,1.2114
19094,7 day R,2020-04-07,CH,point,NA,0.8788
19094,7 day R,2020-04-07,CH,quantile,0.025,0.5721
19094,7 day R,2020-04-07,CH,quantile,0.975,1.1844
19094,7 day R,2020-04-08,CH,point,NA,0.8454
19094,7 day R,2020-04-08,CH,quantile,0.025,0.5359
19094,7 day R,2020-04-08,CH,quantile,0.975,1.1463
19094,7 day R,2020-04-09,CH,point,NA,0.8004
19094,7 day R,2020-04-09,CH,quantile,0.025,0.4917
19094,7 day R,2020-04-09,CH,quantile,0.975,1.1062
19094,7 day R,2020-04-10,CH,point,NA,0.7531
19094,7 day R,2020-04-10,CH,quantile,0.025,0.447
19094,7 day R,2020-04-10,CH,quantile,0.975,1.0566
19094,7 day R,2020-04-11,CH,point,NA,0.7191
19094,7 day R,2020-04-11,CH,quantile,0.025,0.4098
19094,7 day R,2020-04-11,CH,quantile,0.975,1.0227
19094,7 day R,2020-04-12,CH,point,NA,0.6927
19094,7 day R,2020-04-12,CH,quantile,0.025,0.3837
19094,7 day R,2020-04-12,CH,quantile,0.975,0.9967
19094,7 day R,2020-04-13,CH,point,NA,0.6748
19094,7 day R,2020-04-13,CH,quantile,0.025,0.3689
19094,7 day R,2020-04-13,CH,quantile,0.975,0.9767
19094,7 day R,2020-04-14,CH,point,NA,0.6588
19094,7 day R,2020-04-14,CH,quantile,0.025,0.358
19094,7 day R,2020-04-14,CH,quantile,0.975,0.9573
19094,7 day R,2020-04-15,CH,point,NA,0.6433
19094,7 day R,2020-04-15,CH,quantile,0.025,0.3387
19094,7 day R,2020-04-15,CH,quantile,0.975,0.945
19094,7 day R,2020-04-16,CH,point,NA,0.6286
19094,7 day R,2020-04-16,CH,quantile,0.025,0.3261
19094,7 day R,2020-04-16,CH,quantile,0.975,0.9279
19094,7 day R,2020-04-17,CH,point,NA,0.6176
19094,7 day R,2020-04-17,CH,quantile,0.025,0.3157
19094,7 day R,2020-04-17,CH,quantile,0.975,0.9203
19094,7 day R,2020-04-18,CH,point,NA,0.6078
19094,7 day R,2020-04-18,CH,quantile,0.025,0.3015
19094,7 day R,2020-04-18,CH,quantile,0.975,0.9076
19094,7 day R,2020-04-19,CH,point,NA,0.6022
19094,7 day R,2020-04-19,CH,quantile,0.025,0.2992
19094,7 day R,2020-04-19,CH,quantile,0.975,0.9011
19094,7 day R,2020-04-20,CH,point,NA,0.5916
19094,7 day R,2020-04-20,CH,quantile,0.025,0.2926
19094,7 day R,2020-04-20,CH,quantile,0.975,0.8911
19094,7 day R,2020-04-21,CH,point,NA,0.5789
19094,7 day R,2020-04-21,CH,quantile,0.025,0.2824
19094,7 day R,2020-04-21,CH,quantile,0.975,0.8767
19094,7 day R,2020-04-22,CH,point,NA,0.5669
19094,7 day R,2020-04-22,CH,quantile,0.025,0.2685
19094,7 day R,2020-04-22,CH,quantile,0.975,0.8685
19094,7 day R,2020-04-23,CH,point,NA,0.559
19094,7 day R,2020-04-23,CH,quantile,0.025,0.2533
19094,7 day R,2020-04-23,CH,quantile,0.975,0.8623
19094,7 day R,2020-04-24,CH,point,NA,0.5537
19094,7 day R,2020-04-24,CH,quantile,0.025,0.2536
19094,7 day R,2020-04-24,CH,quantile,0.975,0.8527
19094,7 day R,2020-04-25,CH,point,NA,0.5548
19094,7 day R,2020-04-25,CH,quantile,0.025,0.2548
19094,7 day R,2020-04-25,CH,quantile,0.975,0.8549
19094,7 day R,2020-04-26,CH,point,NA,0.5517
19094,7 day R,2020-04-26,CH,quantile,0.025,0.254
19094,7 day R,2020-04-26,CH,quantile,0.975,0.8546
19094,7 day R,2020-04-27,CH,point,NA,0.5491
19094,7 day R,2020-04-27,CH,quantile,0.025,0.2484
19094,7 day R,2020-04-27,CH,quantile,0.975,0.8503
19094,7 day R,2020-04-28,CH,point,NA,0.5462
19094,7 day R,2020-04-28,CH,quantile,0.025,0.2488
19094,7 day R,2020-04-28,CH,quantile,0.975,0.8475
19094,7 day R,2020-04-29,CH,point,NA,0.5399
19094,7 day R,2020-04-29,CH,quantile,0.025,0.2388
19094,7 day R,2020-04-29,CH,quantile,0.975,0.8385
19094,7 day R,2020-04-30,CH,point,NA,0.5321
19094,7 day R,2020-04-30,CH,quantile,0.025,0.2313
19094,7 day R,2020-04-30,CH,quantile,0.975,0.8321
19094,7 day R,2020-05-01,CH,point,NA,0.5203
19094,7 day R,2020-05-01,CH,quantile,0.025,0.2198
19094,7 day R,2020-05-01,CH,quantile,0.975,0.8193
19094,7 day R,2020-05-02,CH,point,NA,0.512
19094,7 day R,2020-05-02,CH,quantile,0.025,0.2102
19094,7 day R,2020-05-02,CH,quantile,0.975,0.8113
19094,7 day R,2020-05-03,CH,point,NA,0.5046
19094,7 day R,2020-05-03,CH,quantile,0.025,0.2027
19094,7 day R,2020-05-03,CH,quantile,0.975,0.8029
19094,7 day R,2020-05-04,CH,point,NA,0.4977
19094,7 day R,2020-05-04,CH,quantile,0.025,0.2003
19094,7 day R,2020-05-04,CH,quantile,0.975,0.7907
19094,7 day R,2020-05-05,CH,point,NA,0.4863
19094,7 day R,2020-05-05,CH,quantile,0.025,0.1903
19094,7 day R,2020-05-05,CH,quantile,0.975,0.782
19094,7 day R,2020-05-06,CH,point,NA,0.4801
19094,7 day R,2020-05-06,CH,quantile,0.025,0.1809
19094,7 day R,2020-05-06,CH,quantile,0.975,0.7808
19094,7 day R,2020-05-07,CH,point,NA,0.48
19094,7 day R,2020-05-07,CH,quantile,0.025,0.1788
19094,7 day R,2020-05-07,CH,quantile,0.975,0.7766
19094,7 day R,2020-05-08,CH,point,NA,0.4852
19094,7 day R,2020-05-08,CH,quantile,0.025,0.1838
19094,7 day R,2020-05-08,CH,quantile,0.975,0.7822
19094,7 day R,2020-05-09,CH,point,NA,0.4891
19094,7 day R,2020-05-09,CH,quantile,0.025,0.1905
19094,7 day R,2020-05-09,CH,quantile,0.975,0.7866
19094,7 day R,2020-05-10,CH,point,NA,0.5
19094,7 day R,2020-05-10,CH,quantile,0.025,0.2003
19094,7 day R,2020-05-10,CH,quantile,0.975,0.8008
19094,7 day R,2020-05-11,CH,point,NA,0.5069
19094,7 day R,2020-05-11,CH,quantile,0.025,0.204
19094,7 day R,2020-05-11,CH,quantile,0.975,0.8094
19094,7 day R,2020-05-12,CH,point,NA,0.5099
19094,7 day R,2020-05-12,CH,quantile,0.025,0.2084
19094,7 day R,2020-05-12,CH,quantile,0.975,0.8104
19094,7 day R,2020-05-13,CH,point,NA,0.5106
19094,7 day R,2020-05-13,CH,quantile,0.025,0.2128
19094,7 day R,2020-05-13,CH,quantile,0.975,0.809
19094,7 day R,2020-05-14,CH,point,NA,0.5151
19094,7 day R,2020-05-14,CH,quantile,0.025,0.2155
19094,7 day R,2020-05-14,CH,quantile,0.975,0.8141
19094,7 day R,2020-05-15,CH,point,NA,0.5219
19094,7 day R,2020-05-15,CH,quantile,0.025,0.2213
19094,7 day R,2020-05-15,CH,quantile,0.975,0.8222
19094,7 day R,2020-05-16,CH,point,NA,0.5263
19094,7 day R,2020-05-16,CH,quantile,0.025,0.2286
19094,7 day R,2020-05-16,CH,quantile,0.975,0.8237
19094,7 day R,2020-05-17,CH,point,NA,0.5231
19094,7 day R,2020-05-17,CH,quantile,0.025,0.2253
19094,7 day R,2020-05-17,CH,quantile,0.975,0.8211
19094,7 day R,2020-05-18,CH,point,NA,0.5248
19094,7 day R,2020-05-18,CH,quantile,0.025,0.2222
19094,7 day R,2020-05-18,CH,quantile,0.975,0.8236
19094,7 day R,2020-05-19,CH,point,NA,0.5308
19094,7 day R,2020-05-19,CH,quantile,0.025,0.2301
19094,7 day R,2020-05-19,CH,quantile,0.975,0.8275
19094,7 day R,2020-05-20,CH,point,NA,0.5344
19094,7 day R,2020-05-20,CH,quantile,0.025,0.2335
19094,7 day R,2020-05-20,CH,quantile,0.975,0.8346
19094,7 day R,2020-05-21,CH,point,NA,0.53
19094,7 day R,2020-05-21,CH,quantile,0.025,0.2326
19094,7 day R,2020-05-21,CH,quantile,0.975,0.8327
19094,7 day R,2020-05-22,CH,point,NA,0.5257
19094,7 day R,2020-05-22,CH,quantile,0.025,0.2221
19094,7 day R,2020-05-22,CH,quantile,0.975,0.8233
19094,7 day R,2020-05-23,CH,point,NA,0.5365
19094,7 day R,2020-05-23,CH,quantile,0.025,0.2325
19094,7 day R,2020-05-23,CH,quantile,0.975,0.8394
19094,7 day R,2020-05-24,CH,point,NA,0.5552
19094,7 day R,2020-05-24,CH,quantile,0.025,0.2513
19094,7 day R,2020-05-24,CH,quantile,0.975,0.8526
19094,7 day R,2020-05-25,CH,point,NA,0.5785
19094,7 day R,2020-05-25,CH,quantile,0.025,0.2776
19094,7 day R,2020-05-25,CH,quantile,0.975,0.8752
19094,7 day R,2020-05-26,CH,point,NA,0.6009
19094,7 day R,2020-05-26,CH,quantile,0.025,0.3012
19094,7 day R,2020-05-26,CH,quantile,0.975,0.8938
19094,7 day R,2020-05-27,CH,point,NA,0.6214
19094,7 day R,2020-05-27,CH,quantile,0.025,0.321
19094,7 day R,2020-05-27,CH,quantile,0.975,0.917
19094,7 day R,2020-05-28,CH,point,NA,0.6487
19094,7 day R,2020-05-28,CH,quantile,0.025,0.3472
19094,7 day R,2020-05-28,CH,quantile,0.975,0.9448
19094,7 day R,2020-05-29,CH,point,NA,0.6805
19094,7 day R,2020-05-29,CH,quantile,0.025,0.3778
19094,7 day R,2020-05-29,CH,quantile,0.975,0.9798
19094,7 day R,2020-05-30,CH,point,NA,0.6997
19094,7 day R,2020-05-30,CH,quantile,0.025,0.3994
19094,7 day R,2020-05-30,CH,quantile,0.975,0.998
19094,7 day R,2020-05-31,CH,point,NA,0.722
19094,7 day R,2020-05-31,CH,quantile,0.025,0.4222
19094,7 day R,2020-05-31,CH,quantile,0.975,1.0195
19094,7 day R,2020-06-01,CH,point,NA,0.7406
19094,7 day R,2020-06-01,CH,quantile,0.025,0.4374
19094,7 day R,2020-06-01,CH,quantile,0.975,1.04
19094,7 day R,2020-06-02,CH,point,NA,0.7599
19094,7 day R,2020-06-02,CH,quantile,0.025,0.4573
19094,7 day R,2020-06-02,CH,quantile,0.975,1.0607
19094,7 day R,2020-06-03,CH,point,NA,0.7927
19094,7 day R,2020-06-03,CH,quantile,0.025,0.4943
19094,7 day R,2020-06-03,CH,quantile,0.975,1.0912
19094,7 day R,2020-06-04,CH,point,NA,0.8279
19094,7 day R,2020-06-04,CH,quantile,0.025,0.5241
19094,7 day R,2020-06-04,CH,quantile,0.975,1.1312
19094,7 day R,2020-06-05,CH,point,NA,0.8654
19094,7 day R,2020-06-05,CH,quantile,0.025,0.5669
19094,7 day R,2020-06-05,CH,quantile,0.975,1.167
19094,7 day R,2020-06-06,CH,point,NA,0.8969
19094,7 day R,2020-06-06,CH,quantile,0.025,0.5983
19094,7 day R,2020-06-06,CH,quantile,0.975,1.1985
19094,7 day R,2020-06-07,CH,point,NA,0.9257
19094,7 day R,2020-06-07,CH,quantile,0.025,0.6245
19094,7 day R,2020-06-07,CH,quantile,0.975,1.2252
19094,7 day R,2020-06-08,CH,point,NA,0.9698
19094,7 day R,2020-06-08,CH,quantile,0.025,0.6694
19094,7 day R,2020-06-08,CH,quantile,0.975,1.2691
19094,7 day R,2020-06-09,CH,point,NA,1.0171
19094,7 day R,2020-06-09,CH,quantile,0.025,0.717
19094,7 day R,2020-06-09,CH,quantile,0.975,1.3157
19094,7 day R,2020-06-10,CH,point,NA,1.0589
19094,7 day R,2020-06-10,CH,quantile,0.025,0.7546
19094,7 day R,2020-06-10,CH,quantile,0.975,1.3615
19094,7 day R,2020-06-11,CH,point,NA,1.0982
19094,7 day R,2020-06-11,CH,quantile,0.025,0.7949
19094,7 day R,2020-06-11,CH,quantile,0.975,1.4027
19094,7 day R,2020-06-12,CH,point,NA,1.1166
19094,7 day R,2020-06-12,CH,quantile,0.025,0.8161
19094,7 day R,2020-06-12,CH,quantile,0.975,1.4226
19094,7 day R,2020-06-13,CH,point,NA,1.1449
19094,7 day R,2020-06-13,CH,quantile,0.025,0.8461
19094,7 day R,2020-06-13,CH,quantile,0.975,1.449
19094,7 day R,2020-06-14,CH,point,NA,1.1587
19094,7 day R,2020-06-14,CH,quantile,0.025,0.8583
19094,7 day R,2020-06-14,CH,quantile,0.975,1.4571
19094,7 day R,2020-06-15,CH,point,NA,1.1725
19094,7 day R,2020-06-15,CH,quantile,0.025,0.8684
19094,7 day R,2020-06-15,CH,quantile,0.975,1.476
19094,7 day R,2020-06-16,CH,point,NA,1.185
19094,7 day R,2020-06-16,CH,quantile,0.025,0.8806
19094,7 day R,2020-06-16,CH,quantile,0.975,1.483
19094,7 day R,2020-06-17,CH,point,NA,1.1921
19094,7 day R,2020-06-17,CH,quantile,0.025,0.8885
19094,7 day R,2020-06-17,CH,quantile,0.975,1.4911
19094,7 day R,2020-06-18,CH,point,NA,1.2014
19094,7 day R,2020-06-18,CH,quantile,0.025,0.8994
19094,7 day R,2020-06-18,CH,quantile,0.975,1.5013
19094,7 day R,2020-06-19,CH,point,NA,1.2381
19094,7 day R,2020-06-19,CH,quantile,0.025,0.9395
19094,7 day R,2020-06-19,CH,quantile,0.975,1.5388
19094,7 day R,2020-06-20,CH,point,NA,1.275
19094,7 day R,2020-06-20,CH,quantile,0.025,0.977
19094,7 day R,2020-06-20,CH,quantile,0.975,1.5743
19094,7 day R,2020-06-21,CH,point,NA,1.3406
19094,7 day R,2020-06-21,CH,quantile,0.025,1.0369
19094,7 day R,2020-06-21,CH,quantile,0.975,1.642
19094,7 day R,2020-06-22,CH,point,NA,1.377
19094,7 day R,2020-06-22,CH,quantile,0.025,1.073
19094,7 day R,2020-06-22,CH,quantile,0.975,1.6787
19094,7 day R,2020-06-23,CH,point,NA,1.4098
19094,7 day R,2020-06-23,CH,quantile,0.025,1.1038
19094,7 day R,2020-06-23,CH,quantile,0.975,1.7098
19094,7 day R,2020-06-24,CH,point,NA,1.4479
19094,7 day R,2020-06-24,CH,quantile,0.025,1.1456
19094,7 day R,2020-06-24,CH,quantile,0.975,1.7504
19094,7 day R,2020-06-25,CH,point,NA,1.4948
19094,7 day R,2020-06-25,CH,quantile,0.025,1.1935
19094,7 day R,2020-06-25,CH,quantile,0.975,1.7977
19094,7 day R,2020-06-26,CH,point,NA,1.5286
19094,7 day R,2020-06-26,CH,quantile,0.025,1.2253
19094,7 day R,2020-06-26,CH,quantile,0.975,1.8338
19094,7 day R,2020-06-27,CH,point,NA,1.556
19094,7 day R,2020-06-27,CH,quantile,0.025,1.2512
19094,7 day R,2020-06-27,CH,quantile,0.975,1.8615
19094,7 day R,2020-06-28,CH,point,NA,1.5645
19094,7 day R,2020-06-28,CH,quantile,0.025,1.2618
19094,7 day R,2020-06-28,CH,quantile,0.975,1.8696
19094,7 day R,2020-06-29,CH,point,NA,1.5709
19094,7 day R,2020-06-29,CH,quantile,0.025,1.2667
19094,7 day R,2020-06-29,CH,quantile,0.975,1.8785
19094,7 day R,2020-06-30,CH,point,NA,1.5792
19094,7 day R,2020-06-30,CH,quantile,0.025,1.273
19094,7 day R,2020-06-30,CH,quantile,0.975,1.8846
19094,7 day R,2020-07-01,CH,point,NA,1.575
19094,7 day R,2020-07-01,CH,quantile,0.025,1.2643
19094,7 day R,2020-07-01,CH,quantile,0.975,1.882
19094,7 day R,2020-07-02,CH,point,NA,1.5397
19094,7 day R,2020-07-02,CH,quantile,0.025,1.2368
19094,7 day R,2020-07-02,CH,quantile,0.975,1.8499
19094,7 day R,2020-07-03,CH,point,NA,1.4888
19094,7 day R,2020-07-03,CH,quantile,0.025,1.1869
19094,7 day R,2020-07-03,CH,quantile,0.975,1.7937
19094,7 day R,2020-07-04,CH,point,NA,1.4254
19094,7 day R,2020-07-04,CH,quantile,0.025,1.1238
19094,7 day R,2020-07-04,CH,quantile,0.975,1.7304
19094,7 day R,2020-07-05,CH,point,NA,1.3697
19094,7 day R,2020-07-05,CH,quantile,0.025,1.0663
19094,7 day R,2020-07-05,CH,quantile,0.975,1.6692
19094,7 day R,2020-07-06,CH,point,NA,1.3259
19094,7 day R,2020-07-06,CH,quantile,0.025,1.0294
19094,7 day R,2020-07-06,CH,quantile,0.975,1.6283
19094,7 day R,2020-07-07,CH,point,NA,1.2878
19094,7 day R,2020-07-07,CH,quantile,0.025,0.9855
19094,7 day R,2020-07-07,CH,quantile,0.975,1.5847
19094,7 day R,2020-07-08,CH,point,NA,1.2588
19094,7 day R,2020-07-08,CH,quantile,0.025,0.9553
19094,7 day R,2020-07-08,CH,quantile,0.975,1.5591
19094,7 day R,2020-07-09,CH,point,NA,1.2355
19094,7 day R,2020-07-09,CH,quantile,0.025,0.9356
19094,7 day R,2020-07-09,CH,quantile,0.975,1.5387
19094,7 day R,2020-07-10,CH,point,NA,1.2235
19094,7 day R,2020-07-10,CH,quantile,0.025,0.9238
19094,7 day R,2020-07-10,CH,quantile,0.975,1.5244
19094,7 day R,2020-07-11,CH,point,NA,1.2152
19094,7 day R,2020-07-11,CH,quantile,0.025,0.9113
19094,7 day R,2020-07-11,CH,quantile,0.975,1.5164
19094,7 day R,2020-07-12,CH,point,NA,1.2005
19094,7 day R,2020-07-12,CH,quantile,0.025,0.8972
19094,7 day R,2020-07-12,CH,quantile,0.975,1.4999
19094,7 day R,2020-07-13,CH,point,NA,1.1922
19094,7 day R,2020-07-13,CH,quantile,0.025,0.89
19094,7 day R,2020-07-13,CH,quantile,0.975,1.4931
19094,7 day R,2020-07-14,CH,point,NA,1.1808
19094,7 day R,2020-07-14,CH,quantile,0.025,0.8783
19094,7 day R,2020-07-14,CH,quantile,0.975,1.4844
19094,7 day R,2020-07-15,CH,point,NA,1.1726
19094,7 day R,2020-07-15,CH,quantile,0.025,0.8735
19094,7 day R,2020-07-15,CH,quantile,0.975,1.4773
19094,7 day R,2020-07-16,CH,point,NA,1.1668
19094,7 day R,2020-07-16,CH,quantile,0.025,0.8661
19094,7 day R,2020-07-16,CH,quantile,0.975,1.4699
19094,7 day R,2020-07-17,CH,point,NA,1.155
19094,7 day R,2020-07-17,CH,quantile,0.025,0.8518
19094,7 day R,2020-07-17,CH,quantile,0.975,1.4556
19094,7 day R,2020-07-18,CH,point,NA,1.1555
19094,7 day R,2020-07-18,CH,quantile,0.025,0.8561
19094,7 day R,2020-07-18,CH,quantile,0.975,1.4572
19094,7 day R,2020-07-19,CH,point,NA,1.1614
19094,7 day R,2020-07-19,CH,quantile,0.025,0.858
19094,7 day R,2020-07-19,CH,quantile,0.975,1.4593
19094,7 day R,2020-07-20,CH,point,NA,1.1643
19094,7 day R,2020-07-20,CH,quantile,0.025,0.864
19094,7 day R,2020-07-20,CH,quantile,0.975,1.463
19094,7 day R,2020-07-21,CH,point,NA,1.1705
19094,7 day R,2020-07-21,CH,quantile,0.025,0.8696
19094,7 day R,2020-07-21,CH,quantile,0.975,1.4709
19094,7 day R,2020-07-22,CH,point,NA,1.172
19094,7 day R,2020-07-22,CH,quantile,0.025,0.8696
19094,7 day R,2020-07-22,CH,quantile,0.975,1.476
19094,7 day R,2020-07-23,CH,point,NA,1.1764
19094,7 day R,2020-07-23,CH,quantile,0.025,0.8768
19094,7 day R,2020-07-23,CH,quantile,0.975,1.4775
19094,7 day R,2020-07-24,CH,point,NA,1.1905
19094,7 day R,2020-07-24,CH,quantile,0.025,0.8881
19094,7 day R,2020-07-24,CH,quantile,0.975,1.4926
19094,7 day R,2020-07-25,CH,point,NA,1.1989
19094,7 day R,2020-07-25,CH,quantile,0.025,0.8975
19094,7 day R,2020-07-25,CH,quantile,0.975,1.4968
19094,7 day R,2020-07-26,CH,point,NA,1.2054
19094,7 day R,2020-07-26,CH,quantile,0.025,0.9032
19094,7 day R,2020-07-26,CH,quantile,0.975,1.5106
19094,7 day R,2020-07-27,CH,point,NA,1.2133
19094,7 day R,2020-07-27,CH,quantile,0.025,0.9126
19094,7 day R,2020-07-27,CH,quantile,0.975,1.5128
19094,7 day R,2020-07-28,CH,point,NA,1.2212
19094,7 day R,2020-07-28,CH,quantile,0.025,0.9211
19094,7 day R,2020-07-28,CH,quantile,0.975,1.5222
19094,7 day R,2020-07-29,CH,point,NA,1.2251
19094,7 day R,2020-07-29,CH,quantile,0.025,0.9272
19094,7 day R,2020-07-29,CH,quantile,0.975,1.5234
19094,7 day R,2020-07-30,CH,point,NA,1.2232
19094,7 day R,2020-07-30,CH,quantile,0.025,0.9262
19094,7 day R,2020-07-30,CH,quantile,0.975,1.524
19094,7 day R,2020-07-31,CH,point,NA,1.2104
19094,7 day R,2020-07-31,CH,quantile,0.025,0.917
19094,7 day R,2020-07-31,CH,quantile,0.975,1.514
19094,7 day R,2020-08-01,CH,point,NA,1.1899
19094,7 day R,2020-08-01,CH,quantile,0.025,0.8915
19094,7 day R,2020-08-01,CH,quantile,0.975,1.4907
19094,7 day R,2020-08-02,CH,point,NA,1.1698
19094,7 day R,2020-08-02,CH,quantile,0.025,0.8701
19094,7 day R,2020-08-02,CH,quantile,0.975,1.4701
19094,7 day R,2020-08-03,CH,point,NA,1.1525
19094,7 day R,2020-08-03,CH,quantile,0.025,0.8502
19094,7 day R,2020-08-03,CH,quantile,0.975,1.4528
19094,7 day R,2020-08-04,CH,point,NA,1.1408
19094,7 day R,2020-08-04,CH,quantile,0.025,0.8372
19094,7 day R,2020-08-04,CH,quantile,0.975,1.4404
19094,7 day R,2020-08-05,CH,point,NA,1.1342
19094,7 day R,2020-08-05,CH,quantile,0.025,0.8319
19094,7 day R,2020-08-05,CH,quantile,0.975,1.4322
19094,7 day R,2020-08-06,CH,point,NA,1.1372
19094,7 day R,2020-08-06,CH,quantile,0.025,0.8361
19094,7 day R,2020-08-06,CH,quantile,0.975,1.4369
19094,7 day R,2020-08-07,CH,point,NA,1.1431
19094,7 day R,2020-08-07,CH,quantile,0.025,0.838
19094,7 day R,2020-08-07,CH,quantile,0.975,1.4451
19094,7 day R,2020-08-08,CH,point,NA,1.1578
19094,7 day R,2020-08-08,CH,quantile,0.025,0.8517
19094,7 day R,2020-08-08,CH,quantile,0.975,1.4602
19094,7 day R,2020-08-09,CH,point,NA,1.1747
19094,7 day R,2020-08-09,CH,quantile,0.025,0.8742
19094,7 day R,2020-08-09,CH,quantile,0.975,1.4725
19094,7 day R,2020-08-10,CH,point,NA,1.1915
19094,7 day R,2020-08-10,CH,quantile,0.025,0.8891
19094,7 day R,2020-08-10,CH,quantile,0.975,1.4944
19094,7 day R,2020-08-11,CH,point,NA,1.2058
19094,7 day R,2020-08-11,CH,quantile,0.025,0.9052
19094,7 day R,2020-08-11,CH,quantile,0.975,1.5084
19094,7 day R,2020-08-12,CH,point,NA,1.2118
19094,7 day R,2020-08-12,CH,quantile,0.025,0.9077
19094,7 day R,2020-08-12,CH,quantile,0.975,1.5119
19094,7 day R,2020-08-13,CH,point,NA,1.2136
19094,7 day R,2020-08-13,CH,quantile,0.025,0.913
19094,7 day R,2020-08-13,CH,quantile,0.975,1.5132
19094,7 day R,2020-08-14,CH,point,NA,1.2134
19094,7 day R,2020-08-14,CH,quantile,0.025,0.9099
19094,7 day R,2020-08-14,CH,quantile,0.975,1.5134
19094,7 day R,2020-08-15,CH,point,NA,1.2079
19094,7 day R,2020-08-15,CH,quantile,0.025,0.9058
19094,7 day R,2020-08-15,CH,quantile,0.975,1.5063
19094,7 day R,2020-08-16,CH,point,NA,1.2021
19094,7 day R,2020-08-16,CH,quantile,0.025,0.9054
19094,7 day R,2020-08-16,CH,quantile,0.975,1.5055
19094,7 day R,2020-08-17,CH,point,NA,1.1982
19094,7 day R,2020-08-17,CH,quantile,0.025,0.8953
19094,7 day R,2020-08-17,CH,quantile,0.975,1.5017
19094,7 day R,2020-08-18,CH,point,NA,1.1963
19094,7 day R,2020-08-18,CH,quantile,0.025,0.8965
19094,7 day R,2020-08-18,CH,quantile,0.975,1.4956
19094,7 day R,2020-08-19,CH,point,NA,1.1943
19094,7 day R,2020-08-19,CH,quantile,0.025,0.8925
19094,7 day R,2020-08-19,CH,quantile,0.975,1.4944
19094,7 day R,2020-08-20,CH,point,NA,1.1943
19094,7 day R,2020-08-20,CH,quantile,0.025,0.8935
19094,7 day R,2020-08-20,CH,quantile,0.975,1.494
19094,7 day R,2020-08-21,CH,point,NA,1.1957
19094,7 day R,2020-08-21,CH,quantile,0.025,0.89
19094,7 day R,2020-08-21,CH,quantile,0.975,1.4971
19094,7 day R,2020-08-22,CH,point,NA,1.1937
19094,7 day R,2020-08-22,CH,quantile,0.025,0.8949
19094,7 day R,2020-08-22,CH,quantile,0.975,1.4947
19094,7 day R,2020-08-23,CH,point,NA,1.1903
19094,7 day R,2020-08-23,CH,quantile,0.025,0.8868
19094,7 day R,2020-08-23,CH,quantile,0.975,1.4943
19094,7 day R,2020-08-24,CH,point,NA,1.1839
19094,7 day R,2020-08-24,CH,quantile,0.025,0.8788
19094,7 day R,2020-08-24,CH,quantile,0.975,1.4868
19094,7 day R,2020-08-25,CH,point,NA,1.1816
19094,7 day R,2020-08-25,CH,quantile,0.025,0.8752
19094,7 day R,2020-08-25,CH,quantile,0.975,1.4859
19094,7 day R,2020-08-26,CH,point,NA,1.1832
19094,7 day R,2020-08-26,CH,quantile,0.025,0.8807
19094,7 day R,2020-08-26,CH,quantile,0.975,1.4812
19094,7 day R,2020-08-27,CH,point,NA,1.1816
19094,7 day R,2020-08-27,CH,quantile,0.025,0.8809
19094,7 day R,2020-08-27,CH,quantile,0.975,1.4817
19094,7 day R,2020-08-28,CH,point,NA,1.1762
19094,7 day R,2020-08-28,CH,quantile,0.025,0.879
19094,7 day R,2020-08-28,CH,quantile,0.975,1.4746
19094,7 day R,2020-08-29,CH,point,NA,1.1686
19094,7 day R,2020-08-29,CH,quantile,0.025,0.8696
19094,7 day R,2020-08-29,CH,quantile,0.975,1.4643
19094,7 day R,2020-08-30,CH,point,NA,1.154
19094,7 day R,2020-08-30,CH,quantile,0.025,0.8547
19094,7 day R,2020-08-30,CH,quantile,0.975,1.4481
19094,7 day R,2020-08-31,CH,point,NA,1.1424
19094,7 day R,2020-08-31,CH,quantile,0.025,0.8416
19094,7 day R,2020-08-31,CH,quantile,0.975,1.437
19094,7 day R,2020-09-01,CH,point,NA,1.1412
19094,7 day R,2020-09-01,CH,quantile,0.025,0.8426
19094,7 day R,2020-09-01,CH,quantile,0.975,1.4387
19094,7 day R,2020-09-02,CH,point,NA,1.1467
19094,7 day R,2020-09-02,CH,quantile,0.025,0.8439
19094,7 day R,2020-09-02,CH,quantile,0.975,1.4437
19094,7 day R,2020-09-03,CH,point,NA,1.1582
19094,7 day R,2020-09-03,CH,quantile,0.025,0.8528
19094,7 day R,2020-09-03,CH,quantile,0.975,1.4553
19094,7 day R,2020-09-04,CH,point,NA,1.1691
19094,7 day R,2020-09-04,CH,quantile,0.025,0.8657
19094,7 day R,2020-09-04,CH,quantile,0.975,1.4637
19094,7 day R,2020-09-05,CH,point,NA,1.1731
19094,7 day R,2020-09-05,CH,quantile,0.025,0.8746
19094,7 day R,2020-09-05,CH,quantile,0.975,1.4711
19094,7 day R,2020-09-06,CH,point,NA,1.1636
19094,7 day R,2020-09-06,CH,quantile,0.025,0.8625
19094,7 day R,2020-09-06,CH,quantile,0.975,1.4596
19094,7 day R,2020-09-07,CH,point,NA,1.143
19094,7 day R,2020-09-07,CH,quantile,0.025,0.8422
19094,7 day R,2020-09-07,CH,quantile,0.975,1.4406
19094,7 day R,2020-09-08,CH,point,NA,1.1408
19094,7 day R,2020-09-08,CH,quantile,0.025,0.84
19094,7 day R,2020-09-08,CH,quantile,0.975,1.4429
19094,7 day R,2020-09-09,CH,point,NA,1.1475
19094,7 day R,2020-09-09,CH,quantile,0.025,0.8444
19094,7 day R,2020-09-09,CH,quantile,0.975,1.448
19094,7 day R,2020-09-10,CH,point,NA,1.1542
19094,7 day R,2020-09-10,CH,quantile,0.025,0.8526
19094,7 day R,2020-09-10,CH,quantile,0.975,1.4566
19094,7 day R,2020-09-11,CH,point,NA,1.1631
19094,7 day R,2020-09-11,CH,quantile,0.025,0.8604
19094,7 day R,2020-09-11,CH,quantile,0.975,1.4651
19094,7 day R,2020-09-12,CH,point,NA,1.1592
19094,7 day R,2020-09-12,CH,quantile,0.025,0.857
19094,7 day R,2020-09-12,CH,quantile,0.975,1.4598
19094,7 day R,2020-09-13,CH,point,NA,1.1362
19094,7 day R,2020-09-13,CH,quantile,0.025,0.8362
19094,7 day R,2020-09-13,CH,quantile,0.975,1.4376
19094,7 day R,2020-09-14,CH,point,NA,1.0972
19094,7 day R,2020-09-14,CH,quantile,0.025,0.7955
19094,7 day R,2020-09-14,CH,quantile,0.975,1.3966
19094,7 day R,2020-09-15,CH,point,NA,1.094
19094,7 day R,2020-09-15,CH,quantile,0.025,0.7918
19094,7 day R,2020-09-15,CH,quantile,0.975,1.3951
19094,7 day R,2020-09-16,CH,point,NA,1.0957
19094,7 day R,2020-09-16,CH,quantile,0.025,0.7938
19094,7 day R,2020-09-16,CH,quantile,0.975,1.395
19094,7 day R,2020-09-17,CH,point,NA,1.0944
19094,7 day R,2020-09-17,CH,quantile,0.025,0.7959
19094,7 day R,2020-09-17,CH,quantile,0.975,1.3929
19094,7 day R,2020-09-18,CH,point,NA,1.0889
19094,7 day R,2020-09-18,CH,quantile,0.025,0.7884
19094,7 day R,2020-09-18,CH,quantile,0.975,1.3873
19094,7 day R,2020-09-19,CH,point,NA,1.0858
19094,7 day R,2020-09-19,CH,quantile,0.025,0.7867
19094,7 day R,2020-09-19,CH,quantile,0.975,1.3826
19094,7 day R,2020-09-20,CH,point,NA,1.0966
19094,7 day R,2020-09-20,CH,quantile,0.025,0.7988
19094,7 day R,2020-09-20,CH,quantile,0.975,1.3949
19094,7 day R,2020-09-21,CH,point,NA,1.1179
19094,7 day R,2020-09-21,CH,quantile,0.025,0.8202
19094,7 day R,2020-09-21,CH,quantile,0.975,1.4174
19094,7 day R,2020-09-22,CH,point,NA,1.1048
19094,7 day R,2020-09-22,CH,quantile,0.025,0.8022
19094,7 day R,2020-09-22,CH,quantile,0.975,1.4048
19094,7 day R,2020-09-23,CH,point,NA,1.0913
19094,7 day R,2020-09-23,CH,quantile,0.025,0.7832
19094,7 day R,2020-09-23,CH,quantile,0.975,1.3929
19094,7 day R,2020-09-24,CH,point,NA,1.0864
19094,7 day R,2020-09-24,CH,quantile,0.025,0.7808
19094,7 day R,2020-09-24,CH,quantile,0.975,1.3848
19094,7 day R,2020-09-25,CH,point,NA,1.0934
19094,7 day R,2020-09-25,CH,quantile,0.025,0.7877
19094,7 day R,2020-09-25,CH,quantile,0.975,1.3919
19094,7 day R,2020-09-26,CH,point,NA,1.1116
19094,7 day R,2020-09-26,CH,quantile,0.025,0.8027
19094,7 day R,2020-09-26,CH,quantile,0.975,1.4082
19094,7 day R,2020-09-27,CH,point,NA,1.1344
19094,7 day R,2020-09-27,CH,quantile,0.025,0.8257
19094,7 day R,2020-09-27,CH,quantile,0.975,1.4352
19094,7 day R,2020-09-28,CH,point,NA,1.1593
19094,7 day R,2020-09-28,CH,quantile,0.025,0.8521
19094,7 day R,2020-09-28,CH,quantile,0.975,1.4594
19094,7 day R,2020-09-29,CH,point,NA,1.2137
19094,7 day R,2020-09-29,CH,quantile,0.025,0.914
19094,7 day R,2020-09-29,CH,quantile,0.975,1.5145
19094,7 day R,2020-09-30,CH,point,NA,1.2762
19094,7 day R,2020-09-30,CH,quantile,0.025,0.9764
19094,7 day R,2020-09-30,CH,quantile,0.975,1.5768
19094,7 day R,2020-10-01,CH,point,NA,1.3475
19094,7 day R,2020-10-01,CH,quantile,0.025,1.0477
19094,7 day R,2020-10-01,CH,quantile,0.975,1.6421
19094,7 day R,2020-10-02,CH,point,NA,1.4173
19094,7 day R,2020-10-02,CH,quantile,0.025,1.1203
19094,7 day R,2020-10-02,CH,quantile,0.975,1.7168
19094,7 day R,2020-10-03,CH,point,NA,1.4931
19094,7 day R,2020-10-03,CH,quantile,0.025,1.195
19094,7 day R,2020-10-03,CH,quantile,0.975,1.7919
19094,7 day R,2020-10-04,CH,point,NA,1.5748
19094,7 day R,2020-10-04,CH,quantile,0.025,1.2782
19094,7 day R,2020-10-04,CH,quantile,0.975,1.8771
19094,7 day R,2020-10-05,CH,point,NA,1.6584
19094,7 day R,2020-10-05,CH,quantile,0.025,1.3577
19094,7 day R,2020-10-05,CH,quantile,0.975,1.9609
19094,7 day R,2020-10-06,CH,point,NA,1.725
19094,7 day R,2020-10-06,CH,quantile,0.025,1.4223
19094,7 day R,2020-10-06,CH,quantile,0.975,2.0293
19094,7 day R,2020-10-07,CH,point,NA,1.7764
19094,7 day R,2020-10-07,CH,quantile,0.025,1.4736
19094,7 day R,2020-10-07,CH,quantile,0.975,2.0799
19094,7 day R,2020-10-08,CH,point,NA,1.8211
19094,7 day R,2020-10-08,CH,quantile,0.025,1.5211
19094,7 day R,2020-10-08,CH,quantile,0.975,2.1241
19094,7 day R,2020-10-09,CH,point,NA,1.8606
19094,7 day R,2020-10-09,CH,quantile,0.025,1.5563
19094,7 day R,2020-10-09,CH,quantile,0.975,2.1669
19094,7 day R,2020-10-10,CH,point,NA,1.8968
19094,7 day R,2020-10-10,CH,quantile,0.025,1.5925
19094,7 day R,2020-10-10,CH,quantile,0.975,2.2006
19094,7 day R,2020-10-11,CH,point,NA,1.9438
19094,7 day R,2020-10-11,CH,quantile,0.025,1.6351
19094,7 day R,2020-10-11,CH,quantile,0.975,2.2518
19094,7 day R,2020-10-12,CH,point,NA,1.9934
19094,7 day R,2020-10-12,CH,quantile,0.025,1.6868
19094,7 day R,2020-10-12,CH,quantile,0.975,2.3043
19094,7 day R,2020-10-13,CH,point,NA,1.9985
19094,7 day R,2020-10-13,CH,quantile,0.025,1.6889
19094,7 day R,2020-10-13,CH,quantile,0.975,2.3133
19094,7 day R,2020-10-14,CH,point,NA,1.9937
19094,7 day R,2020-10-14,CH,quantile,0.025,1.687
19094,7 day R,2020-10-14,CH,quantile,0.975,2.2987
19094,7 day R,2020-10-15,CH,point,NA,1.9778
19094,7 day R,2020-10-15,CH,quantile,0.025,1.676
19094,7 day R,2020-10-15,CH,quantile,0.975,2.281
19094,7 day R,2020-10-16,CH,point,NA,1.9646
19094,7 day R,2020-10-16,CH,quantile,0.025,1.6635
19094,7 day R,2020-10-16,CH,quantile,0.975,2.2667
19094,7 day R,2020-10-17,CH,point,NA,1.9589
19094,7 day R,2020-10-17,CH,quantile,0.025,1.6533
19094,7 day R,2020-10-17,CH,quantile,0.975,2.2607
19094,7 day R,2020-10-18,CH,point,NA,1.9653
19094,7 day R,2020-10-18,CH,quantile,0.025,1.6592
19094,7 day R,2020-10-18,CH,quantile,0.975,2.2666
19094,7 day R,2020-10-19,CH,point,NA,1.973
19094,7 day R,2020-10-19,CH,quantile,0.025,1.6675
19094,7 day R,2020-10-19,CH,quantile,0.975,2.2775
19094,7 day R,2020-10-20,CH,point,NA,1.9549
19094,7 day R,2020-10-20,CH,quantile,0.025,1.6491
19094,7 day R,2020-10-20,CH,quantile,0.975,2.2611
19094,7 day R,2020-10-21,CH,point,NA,1.9298
19094,7 day R,2020-10-21,CH,quantile,0.025,1.6301
19094,7 day R,2020-10-21,CH,quantile,0.975,2.2364
19094,7 day R,2020-10-22,CH,point,NA,1.8977
19094,7 day R,2020-10-22,CH,quantile,0.025,1.594
19094,7 day R,2020-10-22,CH,quantile,0.975,2.2044
19094,7 day R,2020-10-23,CH,point,NA,1.8684
19094,7 day R,2020-10-23,CH,quantile,0.025,1.5677
19094,7 day R,2020-10-23,CH,quantile,0.975,2.1705
19094,7 day R,2020-10-24,CH,point,NA,1.8389
19094,7 day R,2020-10-24,CH,quantile,0.025,1.5363
19094,7 day R,2020-10-24,CH,quantile,0.975,2.1454
19094,7 day R,2020-10-25,CH,point,NA,1.8178
19094,7 day R,2020-10-25,CH,quantile,0.025,1.5166
19094,7 day R,2020-10-25,CH,quantile,0.975,2.1209
19094,7 day R,2020-10-26,CH,point,NA,1.7987
19094,7 day R,2020-10-26,CH,quantile,0.025,1.4981
19094,7 day R,2020-10-26,CH,quantile,0.975,2.1013
19094,7 day R,2020-10-27,CH,point,NA,1.7481
19094,7 day R,2020-10-27,CH,quantile,0.025,1.4477
19094,7 day R,2020-10-27,CH,quantile,0.975,2.0552
19094,7 day R,2020-10-28,CH,point,NA,1.6891
19094,7 day R,2020-10-28,CH,quantile,0.025,1.3874
19094,7 day R,2020-10-28,CH,quantile,0.975,1.9928
19094,7 day R,2020-10-29,CH,point,NA,1.6335
19094,7 day R,2020-10-29,CH,quantile,0.025,1.33
19094,7 day R,2020-10-29,CH,quantile,0.975,1.9346
19094,7 day R,2020-10-30,CH,point,NA,1.5755
19094,7 day R,2020-10-30,CH,quantile,0.025,1.2737
19094,7 day R,2020-10-30,CH,quantile,0.975,1.8746
19094,7 day R,2020-10-31,CH,point,NA,1.5215
19094,7 day R,2020-10-31,CH,quantile,0.025,1.2219
19094,7 day R,2020-10-31,CH,quantile,0.975,1.8206
19094,7 day R,2020-11-01,CH,point,NA,1.4716
19094,7 day R,2020-11-01,CH,quantile,0.025,1.1693
19094,7 day R,2020-11-01,CH,quantile,0.975,1.772
19094,7 day R,2020-11-02,CH,point,NA,1.4222
19094,7 day R,2020-11-02,CH,quantile,0.025,1.122
19094,7 day R,2020-11-02,CH,quantile,0.975,1.721
19094,7 day R,2020-11-03,CH,point,NA,1.3718
19094,7 day R,2020-11-03,CH,quantile,0.025,1.0677
19094,7 day R,2020-11-03,CH,quantile,0.975,1.6703
19094,7 day R,2020-11-04,CH,point,NA,1.3241
19094,7 day R,2020-11-04,CH,quantile,0.025,1.0265
19094,7 day R,2020-11-04,CH,quantile,0.975,1.6279
19094,7 day R,2020-11-05,CH,point,NA,1.2769
19094,7 day R,2020-11-05,CH,quantile,0.025,0.9754
19094,7 day R,2020-11-05,CH,quantile,0.975,1.5795
19094,7 day R,2020-11-06,CH,point,NA,1.2272
19094,7 day R,2020-11-06,CH,quantile,0.025,0.9283
19094,7 day R,2020-11-06,CH,quantile,0.975,1.5311
19094,7 day R,2020-11-07,CH,point,NA,1.1779
19094,7 day R,2020-11-07,CH,quantile,0.025,0.8753
19094,7 day R,2020-11-07,CH,quantile,0.975,1.4812
19094,7 day R,2020-11-08,CH,point,NA,1.1252
19094,7 day R,2020-11-08,CH,quantile,0.025,0.8197
19094,7 day R,2020-11-08,CH,quantile,0.975,1.4268
19094,7 day R,2020-11-09,CH,point,NA,1.0741
19094,7 day R,2020-11-09,CH,quantile,0.025,0.767
19094,7 day R,2020-11-09,CH,quantile,0.975,1.3779
19094,7 day R,2020-11-10,CH,point,NA,1.0452
19094,7 day R,2020-11-10,CH,quantile,0.025,0.7425
19094,7 day R,2020-11-10,CH,quantile,0.975,1.3478
19094,7 day R,2020-11-11,CH,point,NA,1.0183
19094,7 day R,2020-11-11,CH,quantile,0.025,0.7136
19094,7 day R,2020-11-11,CH,quantile,0.975,1.3203
19094,7 day R,2020-11-12,CH,point,NA,0.9944
19094,7 day R,2020-11-12,CH,quantile,0.025,0.6904
19094,7 day R,2020-11-12,CH,quantile,0.975,1.2975
19094,7 day R,2020-11-13,CH,point,NA,0.9726
19094,7 day R,2020-11-13,CH,quantile,0.025,0.6621
19094,7 day R,2020-11-13,CH,quantile,0.975,1.2751
19094,7 day R,2020-11-14,CH,point,NA,0.9498
19094,7 day R,2020-11-14,CH,quantile,0.025,0.6417
19094,7 day R,2020-11-14,CH,quantile,0.975,1.2551
19094,7 day R,2020-11-15,CH,point,NA,0.9229
19094,7 day R,2020-11-15,CH,quantile,0.025,0.6144
19094,7 day R,2020-11-15,CH,quantile,0.975,1.2309
19094,7 day R,2020-11-16,CH,point,NA,0.8958
19094,7 day R,2020-11-16,CH,quantile,0.025,0.5874
19094,7 day R,2020-11-16,CH,quantile,0.975,1.2028
19094,7 day R,2020-11-17,CH,point,NA,0.8849
19094,7 day R,2020-11-17,CH,quantile,0.025,0.5772
19094,7 day R,2020-11-17,CH,quantile,0.975,1.1885
19094,7 day R,2020-11-18,CH,point,NA,0.8801
19094,7 day R,2020-11-18,CH,quantile,0.025,0.57
19094,7 day R,2020-11-18,CH,quantile,0.975,1.1836
19094,7 day R,2020-11-19,CH,point,NA,0.8775
19094,7 day R,2020-11-19,CH,quantile,0.025,0.5754
19094,7 day R,2020-11-19,CH,quantile,0.975,1.1793
19094,7 day R,2020-11-20,CH,point,NA,0.8773
19094,7 day R,2020-11-20,CH,quantile,0.025,0.5765
19094,7 day R,2020-11-20,CH,quantile,0.975,1.1743
19094,7 day R,2020-11-21,CH,point,NA,0.8774
19094,7 day R,2020-11-21,CH,quantile,0.025,0.5767
19094,7 day R,2020-11-21,CH,quantile,0.975,1.179
19094,7 day R,2020-11-22,CH,point,NA,0.8711
19094,7 day R,2020-11-22,CH,quantile,0.025,0.5697
19094,7 day R,2020-11-22,CH,quantile,0.975,1.1699
19094,7 day R,2020-11-23,CH,point,NA,0.8631
19094,7 day R,2020-11-23,CH,quantile,0.025,0.566
19094,7 day R,2020-11-23,CH,quantile,0.975,1.1605
19094,7 day R,2020-11-24,CH,point,NA,0.8708
19094,7 day R,2020-11-24,CH,quantile,0.025,0.5707
19094,7 day R,2020-11-24,CH,quantile,0.975,1.1728
19094,7 day R,2020-11-25,CH,point,NA,0.8809
19094,7 day R,2020-11-25,CH,quantile,0.025,0.5848
19094,7 day R,2020-11-25,CH,quantile,0.975,1.181
19094,7 day R,2020-11-26,CH,point,NA,0.8924
19094,7 day R,2020-11-26,CH,quantile,0.025,0.5941
19094,7 day R,2020-11-26,CH,quantile,0.975,1.1909
19094,7 day R,2020-11-27,CH,point,NA,0.9036
19094,7 day R,2020-11-27,CH,quantile,0.025,0.6006
19094,7 day R,2020-11-27,CH,quantile,0.975,1.202
19094,7 day R,2020-11-28,CH,point,NA,0.914
19094,7 day R,2020-11-28,CH,quantile,0.025,0.6097
19094,7 day R,2020-11-28,CH,quantile,0.975,1.2134
19094,7 day R,2020-11-29,CH,point,NA,0.9195
19094,7 day R,2020-11-29,CH,quantile,0.025,0.6165
19094,7 day R,2020-11-29,CH,quantile,0.975,1.2185
19094,7 day R,2020-11-30,CH,point,NA,0.9264
19094,7 day R,2020-11-30,CH,quantile,0.025,0.6302
19094,7 day R,2020-11-30,CH,quantile,0.975,1.2254
19094,7 day R,2020-12-01,CH,point,NA,0.9419
19094,7 day R,2020-12-01,CH,quantile,0.025,0.6455
19094,7 day R,2020-12-01,CH,quantile,0.975,1.2398
19094,7 day R,2020-12-02,CH,point,NA,0.9613
19094,7 day R,2020-12-02,CH,quantile,0.025,0.6645
19094,7 day R,2020-12-02,CH,quantile,0.975,1.2586
19094,7 day R,2020-12-03,CH,point,NA,0.9802
19094,7 day R,2020-12-03,CH,quantile,0.025,0.6823
19094,7 day R,2020-12-03,CH,quantile,0.975,1.2782
19094,7 day R,2020-12-04,CH,point,NA,0.9973
19094,7 day R,2020-12-04,CH,quantile,0.025,0.7005
19094,7 day R,2020-12-04,CH,quantile,0.975,1.2978
19094,7 day R,2020-12-05,CH,point,NA,1.0102
19094,7 day R,2020-12-05,CH,quantile,0.025,0.7097
19094,7 day R,2020-12-05,CH,quantile,0.975,1.3089
19094,7 day R,2020-12-06,CH,point,NA,1.0239
19094,7 day R,2020-12-06,CH,quantile,0.025,0.7221
19094,7 day R,2020-12-06,CH,quantile,0.975,1.3214
19094,7 day R,2020-12-07,CH,point,NA,1.0378
19094,7 day R,2020-12-07,CH,quantile,0.025,0.7402
19094,7 day R,2020-12-07,CH,quantile,0.975,1.3376
19094,7 day R,2020-12-08,CH,point,NA,1.0479
19094,7 day R,2020-12-08,CH,quantile,0.025,0.7467
19094,7 day R,2020-12-08,CH,quantile,0.975,1.346
19094,7 day R,2020-12-09,CH,point,NA,1.0558
19094,7 day R,2020-12-09,CH,quantile,0.025,0.7577
19094,7 day R,2020-12-09,CH,quantile,0.975,1.3555
19094,7 day R,2020-12-10,CH,point,NA,1.0647
19094,7 day R,2020-12-10,CH,quantile,0.025,0.7666
19094,7 day R,2020-12-10,CH,quantile,0.975,1.3649
19094,7 day R,2020-12-11,CH,point,NA,1.0714
19094,7 day R,2020-12-11,CH,quantile,0.025,0.7708
19094,7 day R,2020-12-11,CH,quantile,0.975,1.374
19094,7 day R,2020-12-12,CH,point,NA,1.0687
19094,7 day R,2020-12-12,CH,quantile,0.025,0.7673
19094,7 day R,2020-12-12,CH,quantile,0.975,1.3661
19094,7 day R,2020-12-13,CH,point,NA,1.067
19094,7 day R,2020-12-13,CH,quantile,0.025,0.7653
19094,7 day R,2020-12-13,CH,quantile,0.975,1.3681
19094,7 day R,2020-12-14,CH,point,NA,1.0664
19094,7 day R,2020-12-14,CH,quantile,0.025,0.766
19094,7 day R,2020-12-14,CH,quantile,0.975,1.3665
19094,7 day R,2020-12-15,CH,point,NA,1.0607
19094,7 day R,2020-12-15,CH,quantile,0.025,0.7619
19094,7 day R,2020-12-15,CH,quantile,0.975,1.3615
19094,7 day R,2020-12-16,CH,point,NA,1.0569
19094,7 day R,2020-12-16,CH,quantile,0.025,0.7559
19094,7 day R,2020-12-16,CH,quantile,0.975,1.3537
19094,7 day R,2020-12-17,CH,point,NA,1.0514
19094,7 day R,2020-12-17,CH,quantile,0.025,0.748
19094,7 day R,2020-12-17,CH,quantile,0.975,1.3499
19094,7 day R,2020-12-18,CH,point,NA,1.0448
19094,7 day R,2020-12-18,CH,quantile,0.025,0.7468
19094,7 day R,2020-12-18,CH,quantile,0.975,1.3427
19094,7 day R,2020-12-19,CH,point,NA,1.0307
19094,7 day R,2020-12-19,CH,quantile,0.025,0.7313
19094,7 day R,2020-12-19,CH,quantile,0.975,1.3306
19094,7 day R,2020-12-20,CH,point,NA,1.0183
19094,7 day R,2020-12-20,CH,quantile,0.025,0.716
19094,7 day R,2020-12-20,CH,quantile,0.975,1.3163
19094,7 day R,2020-12-21,CH,point,NA,1.0045
19094,7 day R,2020-12-21,CH,quantile,0.025,0.7023
19094,7 day R,2020-12-21,CH,quantile,0.975,1.3022
19094,7 day R,2020-12-22,CH,point,NA,0.9966
19094,7 day R,2020-12-22,CH,quantile,0.025,0.6911
19094,7 day R,2020-12-22,CH,quantile,0.975,1.2956
19094,7 day R,2020-12-23,CH,point,NA,0.9882
19094,7 day R,2020-12-23,CH,quantile,0.025,0.6869
19094,7 day R,2020-12-23,CH,quantile,0.975,1.286
19094,7 day R,2020-12-24,CH,point,NA,0.9815
19094,7 day R,2020-12-24,CH,quantile,0.025,0.6813
19094,7 day R,2020-12-24,CH,quantile,0.975,1.2807
19094,7 day R,2020-12-25,CH,point,NA,0.9754
19094,7 day R,2020-12-25,CH,quantile,0.025,0.6755
19094,7 day R,2020-12-25,CH,quantile,0.975,1.2714
19094,7 day R,2020-12-26,CH,point,NA,0.9894
19094,7 day R,2020-12-26,CH,quantile,0.025,0.6873
19094,7 day R,2020-12-26,CH,quantile,0.975,1.2825
19094,7 day R,2020-12-27,CH,point,NA,1.0071
19094,7 day R,2020-12-27,CH,quantile,0.025,0.7043
19094,7 day R,2020-12-27,CH,quantile,0.975,1.3094
19094,7 day R,2020-12-28,CH,point,NA,1.0216
19094,7 day R,2020-12-28,CH,quantile,0.025,0.7206
19094,7 day R,2020-12-28,CH,quantile,0.975,1.3225
19094,7 day R,2020-12-29,CH,point,NA,1.0208
19094,7 day R,2020-12-29,CH,quantile,0.025,0.7208
19094,7 day R,2020-12-29,CH,quantile,0.975,1.3218
19094,7 day R,2020-12-30,CH,point,NA,1.0129
19094,7 day R,2020-12-30,CH,quantile,0.025,0.7124
19094,7 day R,2020-12-30,CH,quantile,0.975,1.3094
19094,7 day R,2020-12-31,CH,point,NA,1.0001
19094,7 day R,2020-12-31,CH,quantile,0.025,0.699
19094,7 day R,2020-12-31,CH,quantile,0.975,1.3007
19094,7 day R,2021-01-01,CH,point,NA,0.9901
19094,7 day R,2021-01-01,CH,quantile,0.025,0.6889
19094,7 day R,2021-01-01,CH,quantile,0.975,1.2932
19094,7 day R,2021-01-02,CH,point,NA,0.9995
19094,7 day R,2021-01-02,CH,quantile,0.025,0.6988
19094,7 day R,2021-01-02,CH,quantile,0.975,1.299
19094,7 day R,2021-01-03,CH,point,NA,1.0132
19094,7 day R,2021-01-03,CH,quantile,0.025,0.7151
19094,7 day R,2021-01-03,CH,quantile,0.975,1.3115
19094,7 day R,2021-01-04,CH,point,NA,1.0271
19094,7 day R,2021-01-04,CH,quantile,0.025,0.7257
19094,7 day R,2021-01-04,CH,quantile,0.975,1.3224
19094,7 day R,2021-01-05,CH,point,NA,1.0193
19094,7 day R,2021-01-05,CH,quantile,0.025,0.7201
19094,7 day R,2021-01-05,CH,quantile,0.975,1.3154
19094,7 day R,2021-01-06,CH,point,NA,1.0039
19094,7 day R,2021-01-06,CH,quantile,0.025,0.7052
19094,7 day R,2021-01-06,CH,quantile,0.975,1.2985
19094,7 day R,2021-01-07,CH,point,NA,0.9851
19094,7 day R,2021-01-07,CH,quantile,0.025,0.6821
19094,7 day R,2021-01-07,CH,quantile,0.975,1.2873000000000001
19094,7 day R,2021-01-08,CH,point,NA,0.9652
19094,7 day R,2021-01-08,CH,quantile,0.025,0.6634
19094,7 day R,2021-01-08,CH,quantile,0.975,1.2654
19094,7 day R,2021-01-09,CH,point,NA,0.9378
19094,7 day R,2021-01-09,CH,quantile,0.025,0.6352
19094,7 day R,2021-01-09,CH,quantile,0.975,1.2357
19094,7 day R,2021-01-10,CH,point,NA,0.9106
19094,7 day R,2021-01-10,CH,quantile,0.025,0.6148
19094,7 day R,2021-01-10,CH,quantile,0.975,1.211
19094,7 day R,2021-01-11,CH,point,NA,0.8842
19094,7 day R,2021-01-11,CH,quantile,0.025,0.5852
19094,7 day R,2021-01-11,CH,quantile,0.975,1.1862
19094,7 day R,2021-01-12,CH,point,NA,0.8718
19094,7 day R,2021-01-12,CH,quantile,0.025,0.5718
19094,7 day R,2021-01-12,CH,quantile,0.975,1.1739
19094,7 day R,2021-01-13,CH,point,NA,0.8619
19094,7 day R,2021-01-13,CH,quantile,0.025,0.5628
19094,7 day R,2021-01-13,CH,quantile,0.975,1.1602
19094,7 day R,2021-01-14,CH,point,NA,0.8564
19094,7 day R,2021-01-14,CH,quantile,0.025,0.5561
19094,7 day R,2021-01-14,CH,quantile,0.975,1.1559
19094,7 day R,2021-01-15,CH,point,NA,0.8556
19094,7 day R,2021-01-15,CH,quantile,0.025,0.5555
19094,7 day R,2021-01-15,CH,quantile,0.975,1.1525
19094,7 day R,2021-01-16,CH,point,NA,0.8502
19094,7 day R,2021-01-16,CH,quantile,0.025,0.5517
19094,7 day R,2021-01-16,CH,quantile,0.975,1.15
19094,7 day R,2021-01-17,CH,point,NA,0.8434
19094,7 day R,2021-01-17,CH,quantile,0.025,0.5452
19094,7 day R,2021-01-17,CH,quantile,0.975,1.1435
19094,7 day R,2021-01-18,CH,point,NA,0.8363
19094,7 day R,2021-01-18,CH,quantile,0.025,0.5387
19094,7 day R,2021-01-18,CH,quantile,0.975,1.1363
19094,7 day R,2021-01-19,CH,point,NA,0.8422
19094,7 day R,2021-01-19,CH,quantile,0.025,0.5453
19094,7 day R,2021-01-19,CH,quantile,0.975,1.1419
19094,7 day R,2021-01-20,CH,point,NA,0.8497
19094,7 day R,2021-01-20,CH,quantile,0.025,0.5527
19094,7 day R,2021-01-20,CH,quantile,0.975,1.1512
19094,7 day R,2021-01-21,CH,point,NA,0.8565
19094,7 day R,2021-01-21,CH,quantile,0.025,0.5591
19094,7 day R,2021-01-21,CH,quantile,0.975,1.1564
19094,7 day R,2021-01-22,CH,point,NA,0.8616
19094,7 day R,2021-01-22,CH,quantile,0.025,0.5683
19094,7 day R,2021-01-22,CH,quantile,0.975,1.1582
19094,7 day R,2021-01-23,CH,point,NA,0.8622
19094,7 day R,2021-01-23,CH,quantile,0.025,0.5696
19094,7 day R,2021-01-23,CH,quantile,0.975,1.1594
19094,7 day R,2021-01-24,CH,point,NA,0.8617
19094,7 day R,2021-01-24,CH,quantile,0.025,0.5678
19094,7 day R,2021-01-24,CH,quantile,0.975,1.1585
19094,7 day R,2021-01-25,CH,point,NA,0.8606
19094,7 day R,2021-01-25,CH,quantile,0.025,0.5651
19094,7 day R,2021-01-25,CH,quantile,0.975,1.1599
19094,7 day R,2021-01-26,CH,point,NA,0.8605
19094,7 day R,2021-01-26,CH,quantile,0.025,0.5621
19094,7 day R,2021-01-26,CH,quantile,0.975,1.1604
19094,7 day R,2021-01-27,CH,point,NA,0.8655
19094,7 day R,2021-01-27,CH,quantile,0.025,0.5686
19094,7 day R,2021-01-27,CH,quantile,0.975,1.1666
19094,7 day R,2021-01-28,CH,point,NA,0.8694
19094,7 day R,2021-01-28,CH,quantile,0.025,0.5716
19094,7 day R,2021-01-28,CH,quantile,0.975,1.1702
19094,7 day R,2021-01-29,CH,point,NA,0.876
19094,7 day R,2021-01-29,CH,quantile,0.025,0.5773
19094,7 day R,2021-01-29,CH,quantile,0.975,1.1763
19094,7 day R,2021-01-30,CH,point,NA,0.8786
19094,7 day R,2021-01-30,CH,quantile,0.025,0.5784
19094,7 day R,2021-01-30,CH,quantile,0.975,1.1801
19094,7 day R,2021-01-31,CH,point,NA,0.8798
19094,7 day R,2021-01-31,CH,quantile,0.025,0.5848
19094,7 day R,2021-01-31,CH,quantile,0.975,1.1797
19094,7 day R,2021-02-01,CH,point,NA,0.8802
19094,7 day R,2021-02-01,CH,quantile,0.025,0.58
19094,7 day R,2021-02-01,CH,quantile,0.975,1.1767
19094,7 day R,2021-02-02,CH,point,NA,0.8804
19094,7 day R,2021-02-02,CH,quantile,0.025,0.5793
19094,7 day R,2021-02-02,CH,quantile,0.975,1.181
19094,7 day R,2021-02-03,CH,point,NA,0.8823
19094,7 day R,2021-02-03,CH,quantile,0.025,0.5771
19094,7 day R,2021-02-03,CH,quantile,0.975,1.1837
19094,7 day R,2021-02-04,CH,point,NA,0.8863
19094,7 day R,2021-02-04,CH,quantile,0.025,0.5845
19094,7 day R,2021-02-04,CH,quantile,0.975,1.1847
19094,7 day R,2021-02-05,CH,point,NA,0.8869
19094,7 day R,2021-02-05,CH,quantile,0.025,0.5885
19094,7 day R,2021-02-05,CH,quantile,0.975,1.187
19094,7 day R,2021-02-06,CH,point,NA,0.8853
19094,7 day R,2021-02-06,CH,quantile,0.025,0.5863
19094,7 day R,2021-02-06,CH,quantile,0.975,1.1898
19094,7 day R,2021-02-07,CH,point,NA,0.8834
19094,7 day R,2021-02-07,CH,quantile,0.025,0.5875
19094,7 day R,2021-02-07,CH,quantile,0.975,1.1847
19094,7 day R,2021-02-08,CH,point,NA,0.8805
19094,7 day R,2021-02-08,CH,quantile,0.025,0.5845
19094,7 day R,2021-02-08,CH,quantile,0.975,1.1834
19094,7 day R,2021-02-09,CH,point,NA,0.8778
19094,7 day R,2021-02-09,CH,quantile,0.025,0.5808
19094,7 day R,2021-02-09,CH,quantile,0.975,1.1776
19094,7 day R,2021-02-10,CH,point,NA,0.877
19094,7 day R,2021-02-10,CH,quantile,0.025,0.5813
19094,7 day R,2021-02-10,CH,quantile,0.975,1.177
19094,7 day R,2021-02-11,CH,point,NA,0.8757
19094,7 day R,2021-02-11,CH,quantile,0.025,0.5771
19094,7 day R,2021-02-11,CH,quantile,0.975,1.1766
19094,7 day R,2021-02-12,CH,point,NA,0.8759
19094,7 day R,2021-02-12,CH,quantile,0.025,0.5803
19094,7 day R,2021-02-12,CH,quantile,0.975,1.1751
19094,7 day R,2021-02-13,CH,point,NA,0.8761
19094,7 day R,2021-02-13,CH,quantile,0.025,0.581
19094,7 day R,2021-02-13,CH,quantile,0.975,1.1768
19094,7 day R,2021-02-14,CH,point,NA,0.8738
19094,7 day R,2021-02-14,CH,quantile,0.025,0.5769
19094,7 day R,2021-02-14,CH,quantile,0.975,1.1724
19094,7 day R,2021-02-15,CH,point,NA,0.8715
19094,7 day R,2021-02-15,CH,quantile,0.025,0.5751
19094,7 day R,2021-02-15,CH,quantile,0.975,1.1702
19094,7 day R,2021-02-16,CH,point,NA,0.879
19094,7 day R,2021-02-16,CH,quantile,0.025,0.586
19094,7 day R,2021-02-16,CH,quantile,0.975,1.1791
19094,7 day R,2021-02-17,CH,point,NA,0.8909
19094,7 day R,2021-02-17,CH,quantile,0.025,0.5951
19094,7 day R,2021-02-17,CH,quantile,0.975,1.1912
19094,7 day R,2021-02-18,CH,point,NA,0.9041
19094,7 day R,2021-02-18,CH,quantile,0.025,0.6073
19094,7 day R,2021-02-18,CH,quantile,0.975,1.2061
19094,7 day R,2021-02-19,CH,point,NA,0.9168
19094,7 day R,2021-02-19,CH,quantile,0.025,0.619
19094,7 day R,2021-02-19,CH,quantile,0.975,1.2194
19094,7 day R,2021-02-20,CH,point,NA,0.9328
19094,7 day R,2021-02-20,CH,quantile,0.025,0.6329
19094,7 day R,2021-02-20,CH,quantile,0.975,1.232
19094,7 day R,2021-02-21,CH,point,NA,0.9462
19094,7 day R,2021-02-21,CH,quantile,0.025,0.6475
19094,7 day R,2021-02-21,CH,quantile,0.975,1.2463
19094,7 day R,2021-02-22,CH,point,NA,0.9589
19094,7 day R,2021-02-22,CH,quantile,0.025,0.6643
19094,7 day R,2021-02-22,CH,quantile,0.975,1.2556
19094,7 day R,2021-02-23,CH,point,NA,0.9712
19094,7 day R,2021-02-23,CH,quantile,0.025,0.6761
19094,7 day R,2021-02-23,CH,quantile,0.975,1.2689
19094,7 day R,2021-02-24,CH,point,NA,0.9837
19094,7 day R,2021-02-24,CH,quantile,0.025,0.6866
19094,7 day R,2021-02-24,CH,quantile,0.975,1.2828
19094,7 day R,2021-02-25,CH,point,NA,0.9947
19094,7 day R,2021-02-25,CH,quantile,0.025,0.6996
19094,7 day R,2021-02-25,CH,quantile,0.975,1.2934
19094,7 day R,2021-02-26,CH,point,NA,1.0056
19094,7 day R,2021-02-26,CH,quantile,0.025,0.7079
19094,7 day R,2021-02-26,CH,quantile,0.975,1.3045
19094,7 day R,2021-02-27,CH,point,NA,1.0193
19094,7 day R,2021-02-27,CH,quantile,0.025,0.722
19094,7 day R,2021-02-27,CH,quantile,0.975,1.3202
19094,7 day R,2021-02-28,CH,point,NA,1.0312
19094,7 day R,2021-02-28,CH,quantile,0.025,0.7311
19094,7 day R,2021-02-28,CH,quantile,0.975,1.3343
19094,7 day R,2021-03-01,CH,point,NA,1.0428
19094,7 day R,2021-03-01,CH,quantile,0.025,0.7429
19094,7 day R,2021-03-01,CH,quantile,0.975,1.3418
19094,7 day R,2021-03-02,CH,point,NA,1.0511
19094,7 day R,2021-03-02,CH,quantile,0.025,0.7529
19094,7 day R,2021-03-02,CH,quantile,0.975,1.3502
19094,7 day R,2021-03-03,CH,point,NA,1.0608
19094,7 day R,2021-03-03,CH,quantile,0.025,0.7605
19094,7 day R,2021-03-03,CH,quantile,0.975,1.3599
19094,7 day R,2021-03-04,CH,point,NA,1.0743
19094,7 day R,2021-03-04,CH,quantile,0.025,0.7751
19094,7 day R,2021-03-04,CH,quantile,0.975,1.3776
19094,7 day R,2021-03-05,CH,point,NA,1.0902
19094,7 day R,2021-03-05,CH,quantile,0.025,0.7896
19094,7 day R,2021-03-05,CH,quantile,0.975,1.3888
19094,7 day R,2021-03-06,CH,point,NA,1.1051
19094,7 day R,2021-03-06,CH,quantile,0.025,0.8053
19094,7 day R,2021-03-06,CH,quantile,0.975,1.4038
19094,7 day R,2021-03-07,CH,point,NA,1.119
19094,7 day R,2021-03-07,CH,quantile,0.025,0.8225
19094,7 day R,2021-03-07,CH,quantile,0.975,1.4186
19094,7 day R,2021-03-08,CH,point,NA,1.1333
19094,7 day R,2021-03-08,CH,quantile,0.025,0.8344
19094,7 day R,2021-03-08,CH,quantile,0.975,1.4352
19094,7 day R,2021-03-09,CH,point,NA,1.1433
19094,7 day R,2021-03-09,CH,quantile,0.025,0.8432
19094,7 day R,2021-03-09,CH,quantile,0.975,1.4466
19094,7 day R,2021-03-10,CH,point,NA,1.15
19094,7 day R,2021-03-10,CH,quantile,0.025,0.8486
19094,7 day R,2021-03-10,CH,quantile,0.975,1.4494
19094,7 day R,2021-03-11,CH,point,NA,1.156
19094,7 day R,2021-03-11,CH,quantile,0.025,0.8539
19094,7 day R,2021-03-11,CH,quantile,0.975,1.4581
19094,7 day R,2021-03-12,CH,point,NA,1.1636
19094,7 day R,2021-03-12,CH,quantile,0.025,0.8648
19094,7 day R,2021-03-12,CH,quantile,0.975,1.4653
19094,7 day R,2021-03-13,CH,point,NA,1.1741
19094,7 day R,2021-03-13,CH,quantile,0.025,0.8751
19094,7 day R,2021-03-13,CH,quantile,0.975,1.4736
19094,7 day R,2021-03-14,CH,point,NA,1.1859
19094,7 day R,2021-03-14,CH,quantile,0.025,0.8866
19094,7 day R,2021-03-14,CH,quantile,0.975,1.4844
19094,7 day R,2021-03-15,CH,point,NA,1.1974
19094,7 day R,2021-03-15,CH,quantile,0.025,0.897
19094,7 day R,2021-03-15,CH,quantile,0.975,1.5034
19094,7 day R,2021-03-16,CH,point,NA,1.2006
19094,7 day R,2021-03-16,CH,quantile,0.025,0.8964
19094,7 day R,2021-03-16,CH,quantile,0.975,1.5012
19094,7 day R,2021-03-17,CH,point,NA,1.2068
19094,7 day R,2021-03-17,CH,quantile,0.025,0.9061
19094,7 day R,2021-03-17,CH,quantile,0.975,1.5069
19094,7 day R,2021-03-18,CH,point,NA,1.2103
19094,7 day R,2021-03-18,CH,quantile,0.025,0.9066
19094,7 day R,2021-03-18,CH,quantile,0.975,1.5088
19094,7 day R,2021-03-19,CH,point,NA,1.2123
19094,7 day R,2021-03-19,CH,quantile,0.025,0.9127
19094,7 day R,2021-03-19,CH,quantile,0.975,1.5127
19094,7 day R,2021-03-20,CH,point,NA,1.213
19094,7 day R,2021-03-20,CH,quantile,0.025,0.9109
19094,7 day R,2021-03-20,CH,quantile,0.975,1.5158
19094,7 day R,2021-03-21,CH,point,NA,1.2151
19094,7 day R,2021-03-21,CH,quantile,0.025,0.9161
19094,7 day R,2021-03-21,CH,quantile,0.975,1.5154
19094,7 day R,2021-03-22,CH,point,NA,1.2186
19094,7 day R,2021-03-22,CH,quantile,0.025,0.9167
19094,7 day R,2021-03-22,CH,quantile,0.975,1.5172
19094,7 day R,2021-03-23,CH,point,NA,1.214
19094,7 day R,2021-03-23,CH,quantile,0.025,0.9166
19094,7 day R,2021-03-23,CH,quantile,0.975,1.5151
19094,7 day R,2021-03-24,CH,point,NA,1.2123
19094,7 day R,2021-03-24,CH,quantile,0.025,0.9128
19094,7 day R,2021-03-24,CH,quantile,0.975,1.5146
19094,7 day R,2021-03-25,CH,point,NA,1.2123
19094,7 day R,2021-03-25,CH,quantile,0.025,0.9142
19094,7 day R,2021-03-25,CH,quantile,0.975,1.5111
19094,7 day R,2021-03-26,CH,point,NA,1.2103
19094,7 day R,2021-03-26,CH,quantile,0.025,0.9104
19094,7 day R,2021-03-26,CH,quantile,0.975,1.5114
19094,7 day R,2021-03-27,CH,point,NA,1.2074
19094,7 day R,2021-03-27,CH,quantile,0.025,0.9056
19094,7 day R,2021-03-27,CH,quantile,0.975,1.5123
19094,7 day R,2021-03-28,CH,point,NA,1.2073
19094,7 day R,2021-03-28,CH,quantile,0.025,0.9098
19094,7 day R,2021-03-28,CH,quantile,0.975,1.5056
19094,7 day R,2021-03-29,CH,point,NA,1.2072
19094,7 day R,2021-03-29,CH,quantile,0.025,0.907
19094,7 day R,2021-03-29,CH,quantile,0.975,1.5093
19094,7 day R,2021-03-30,CH,point,NA,1.1774
19094,7 day R,2021-03-30,CH,quantile,0.025,0.8744
19094,7 day R,2021-03-30,CH,quantile,0.975,1.4758
19094,7 day R,2021-03-31,CH,point,NA,1.1663
19094,7 day R,2021-03-31,CH,quantile,0.025,0.8666
19094,7 day R,2021-03-31,CH,quantile,0.975,1.463
19094,7 day R,2021-04-01,CH,point,NA,1.1527
19094,7 day R,2021-04-01,CH,quantile,0.025,0.8555
19094,7 day R,2021-04-01,CH,quantile,0.975,1.4512
19094,7 day R,2021-04-02,CH,point,NA,1.1428
19094,7 day R,2021-04-02,CH,quantile,0.025,0.8442
19094,7 day R,2021-04-02,CH,quantile,0.975,1.4395
19094,7 day R,2021-04-03,CH,point,NA,1.1302
19094,7 day R,2021-04-03,CH,quantile,0.025,0.8326
19094,7 day R,2021-04-03,CH,quantile,0.975,1.4286
19094,7 day R,2021-04-04,CH,point,NA,1.1198
19094,7 day R,2021-04-04,CH,quantile,0.025,0.825
19094,7 day R,2021-04-04,CH,quantile,0.975,1.4151
19094,7 day R,2021-04-05,CH,point,NA,1.1187
19094,7 day R,2021-04-05,CH,quantile,0.025,0.8202
19094,7 day R,2021-04-05,CH,quantile,0.975,1.4141
19094,7 day R,2021-04-06,CH,point,NA,1.2007
19094,7 day R,2021-04-06,CH,quantile,0.025,0.904
19094,7 day R,2021-04-06,CH,quantile,0.975,1.5
19094,7 day R,2021-04-07,CH,point,NA,1.2138
19094,7 day R,2021-04-07,CH,quantile,0.025,0.9159
19094,7 day R,2021-04-07,CH,quantile,0.975,1.5119
19094,7 day R,2021-04-08,CH,point,NA,1.2181
19094,7 day R,2021-04-08,CH,quantile,0.025,0.9189
19094,7 day R,2021-04-08,CH,quantile,0.975,1.5191
19094,7 day R,2021-04-09,CH,point,NA,1.2161
19094,7 day R,2021-04-09,CH,quantile,0.025,0.9162
19094,7 day R,2021-04-09,CH,quantile,0.975,1.5142
19094,7 day R,2021-04-10,CH,point,NA,1.2091
19094,7 day R,2021-04-10,CH,quantile,0.025,0.9075
19094,7 day R,2021-04-10,CH,quantile,0.975,1.5099
19094,7 day R,2021-04-11,CH,point,NA,1.2054
19094,7 day R,2021-04-11,CH,quantile,0.025,0.9084
19094,7 day R,2021-04-11,CH,quantile,0.975,1.5064
19094,7 day R,2021-04-12,CH,point,NA,1.2036
19094,7 day R,2021-04-12,CH,quantile,0.025,0.9033
19094,7 day R,2021-04-12,CH,quantile,0.975,1.5072
19094,7 day R,2021-04-13,CH,point,NA,1.1657
19094,7 day R,2021-04-13,CH,quantile,0.025,0.8647
19094,7 day R,2021-04-13,CH,quantile,0.975,1.4685
19094,7 day R,2021-04-14,CH,point,NA,1.1474
19094,7 day R,2021-04-14,CH,quantile,0.025,0.8487
19094,7 day R,2021-04-14,CH,quantile,0.975,1.4465
19094,7 day R,2021-04-15,CH,point,NA,1.1308
19094,7 day R,2021-04-15,CH,quantile,0.025,0.8328
19094,7 day R,2021-04-15,CH,quantile,0.975,1.4298
19094,7 day R,2021-04-16,CH,point,NA,1.1163
19094,7 day R,2021-04-16,CH,quantile,0.025,0.8141
19094,7 day R,2021-04-16,CH,quantile,0.975,1.4179
19094,7 day R,2021-04-17,CH,point,NA,1.1055
19094,7 day R,2021-04-17,CH,quantile,0.025,0.8058
19094,7 day R,2021-04-17,CH,quantile,0.975,1.4007
19094,7 day R,2021-04-18,CH,point,NA,1.0973
19094,7 day R,2021-04-18,CH,quantile,0.025,0.7993
19094,7 day R,2021-04-18,CH,quantile,0.975,1.3929
19094,7 day R,2021-04-19,CH,point,NA,1.0876
19094,7 day R,2021-04-19,CH,quantile,0.025,0.7924
19094,7 day R,2021-04-19,CH,quantile,0.975,1.3817
19094,7 day R,2021-04-20,CH,point,NA,1.0732
19094,7 day R,2021-04-20,CH,quantile,0.025,0.7747
19094,7 day R,2021-04-20,CH,quantile,0.975,1.37
19094,7 day R,2021-04-21,CH,point,NA,1.068
19094,7 day R,2021-04-21,CH,quantile,0.025,0.7694
19094,7 day R,2021-04-21,CH,quantile,0.975,1.3616
19094,7 day R,2021-04-22,CH,point,NA,1.0598
19094,7 day R,2021-04-22,CH,quantile,0.025,0.7585
19094,7 day R,2021-04-22,CH,quantile,0.975,1.3592
19094,7 day R,2021-04-23,CH,point,NA,1.0525
19094,7 day R,2021-04-23,CH,quantile,0.025,0.7521
19094,7 day R,2021-04-23,CH,quantile,0.975,1.3485
19094,7 day R,2021-04-24,CH,point,NA,1.0458
19094,7 day R,2021-04-24,CH,quantile,0.025,0.7466
19094,7 day R,2021-04-24,CH,quantile,0.975,1.3495
19094,7 day R,2021-04-25,CH,point,NA,1.0406
19094,7 day R,2021-04-25,CH,quantile,0.025,0.7377
19094,7 day R,2021-04-25,CH,quantile,0.975,1.3403
19094,7 day R,2021-04-26,CH,point,NA,1.0327
19094,7 day R,2021-04-26,CH,quantile,0.025,0.7311
19094,7 day R,2021-04-26,CH,quantile,0.975,1.3314
19094,7 day R,2021-04-27,CH,point,NA,1.012
19094,7 day R,2021-04-27,CH,quantile,0.025,0.711
19094,7 day R,2021-04-27,CH,quantile,0.975,1.3088
19094,7 day R,2021-04-28,CH,point,NA,0.993
19094,7 day R,2021-04-28,CH,quantile,0.025,0.6935
19094,7 day R,2021-04-28,CH,quantile,0.975,1.2917
19094,7 day R,2021-04-29,CH,point,NA,0.9789
19094,7 day R,2021-04-29,CH,quantile,0.025,0.6764
19094,7 day R,2021-04-29,CH,quantile,0.975,1.2791
19094,7 day R,2021-04-30,CH,point,NA,0.9647
19094,7 day R,2021-04-30,CH,quantile,0.025,0.6658
19094,7 day R,2021-04-30,CH,quantile,0.975,1.2625
19094,7 day R,2021-05-01,CH,point,NA,0.953
19094,7 day R,2021-05-01,CH,quantile,0.025,0.6523
19094,7 day R,2021-05-01,CH,quantile,0.975,1.2508
19094,7 day R,2021-05-02,CH,point,NA,0.9411
19094,7 day R,2021-05-02,CH,quantile,0.025,0.641
19094,7 day R,2021-05-02,CH,quantile,0.975,1.2391
19094,7 day R,2021-05-03,CH,point,NA,0.9276
19094,7 day R,2021-05-03,CH,quantile,0.025,0.6265
19094,7 day R,2021-05-03,CH,quantile,0.975,1.2314
19094,7 day R,2021-05-04,CH,point,NA,0.9179
19094,7 day R,2021-05-04,CH,quantile,0.025,0.6144
19094,7 day R,2021-05-04,CH,quantile,0.975,1.2165
19094,7 day R,2021-05-05,CH,point,NA,0.914
19094,7 day R,2021-05-05,CH,quantile,0.025,0.6149
19094,7 day R,2021-05-05,CH,quantile,0.975,1.2109
19094,7 day R,2021-05-06,CH,point,NA,0.9134
19094,7 day R,2021-05-06,CH,quantile,0.025,0.6104
19094,7 day R,2021-05-06,CH,quantile,0.975,1.2093
19094,7 day R,2021-05-07,CH,point,NA,0.9073
19094,7 day R,2021-05-07,CH,quantile,0.025,0.6053
19094,7 day R,2021-05-07,CH,quantile,0.975,1.2086
19094,7 day R,2021-05-08,CH,point,NA,0.9042
19094,7 day R,2021-05-08,CH,quantile,0.025,0.602
19094,7 day R,2021-05-08,CH,quantile,0.975,1.1973
19094,7 day R,2021-05-09,CH,point,NA,0.9026
19094,7 day R,2021-05-09,CH,quantile,0.025,0.6019
19094,7 day R,2021-05-09,CH,quantile,0.975,1.2014
19094,7 day R,2021-05-10,CH,point,NA,0.8987
19094,7 day R,2021-05-10,CH,quantile,0.025,0.5996
19094,7 day R,2021-05-10,CH,quantile,0.975,1.1978
19094,7 day R,2021-05-11,CH,point,NA,0.8825
19094,7 day R,2021-05-11,CH,quantile,0.025,0.5813
19094,7 day R,2021-05-11,CH,quantile,0.975,1.1806
19094,7 day R,2021-05-12,CH,point,NA,0.8742
19094,7 day R,2021-05-12,CH,quantile,0.025,0.5754
19094,7 day R,2021-05-12,CH,quantile,0.975,1.1716
19094,7 day R,2021-05-13,CH,point,NA,0.8721
19094,7 day R,2021-05-13,CH,quantile,0.025,0.5709
19094,7 day R,2021-05-13,CH,quantile,0.975,1.1693
19094,7 day R,2021-05-14,CH,point,NA,0.8916
19094,7 day R,2021-05-14,CH,quantile,0.025,0.5975
19094,7 day R,2021-05-14,CH,quantile,0.975,1.1897
19094,7 day R,2021-05-15,CH,point,NA,0.8861
19094,7 day R,2021-05-15,CH,quantile,0.025,0.5904
19094,7 day R,2021-05-15,CH,quantile,0.975,1.1822
19094,7 day R,2021-05-16,CH,point,NA,0.8844
19094,7 day R,2021-05-16,CH,quantile,0.025,0.5868
19094,7 day R,2021-05-16,CH,quantile,0.975,1.1838
19094,7 day R,2021-05-17,CH,point,NA,0.8822
19094,7 day R,2021-05-17,CH,quantile,0.025,0.5827
19094,7 day R,2021-05-17,CH,quantile,0.975,1.1758
19094,7 day R,2021-05-18,CH,point,NA,0.8678
19094,7 day R,2021-05-18,CH,quantile,0.025,0.5646
19094,7 day R,2021-05-18,CH,quantile,0.975,1.163
19094,7 day R,2021-05-19,CH,point,NA,0.8682
19094,7 day R,2021-05-19,CH,quantile,0.025,0.5682
19094,7 day R,2021-05-19,CH,quantile,0.975,1.1638
19094,7 day R,2021-05-20,CH,point,NA,0.8604
19094,7 day R,2021-05-20,CH,quantile,0.025,0.5587
19094,7 day R,2021-05-20,CH,quantile,0.975,1.1574
19094,7 day R,2021-05-21,CH,point,NA,0.8478
19094,7 day R,2021-05-21,CH,quantile,0.025,0.544
19094,7 day R,2021-05-21,CH,quantile,0.975,1.1489
19094,7 day R,2021-05-22,CH,point,NA,0.8597
19094,7 day R,2021-05-22,CH,quantile,0.025,0.556
19094,7 day R,2021-05-22,CH,quantile,0.975,1.1522
19094,7 day R,2021-05-23,CH,point,NA,0.8467
19094,7 day R,2021-05-23,CH,quantile,0.025,0.5426
19094,7 day R,2021-05-23,CH,quantile,0.975,1.1429
19094,7 day R,2021-05-24,CH,point,NA,0.8398
19094,7 day R,2021-05-24,CH,quantile,0.025,0.534
19094,7 day R,2021-05-24,CH,quantile,0.975,1.1376
19094,7 day R,2021-05-25,CH,point,NA,0.8865
19094,7 day R,2021-05-25,CH,quantile,0.025,0.5838
19094,7 day R,2021-05-25,CH,quantile,0.975,1.1854
19094,7 day R,2021-05-26,CH,point,NA,0.8773
19094,7 day R,2021-05-26,CH,quantile,0.025,0.5732
19094,7 day R,2021-05-26,CH,quantile,0.975,1.1802
19094,7 day R,2021-05-27,CH,point,NA,0.8623
19094,7 day R,2021-05-27,CH,quantile,0.025,0.5616
19094,7 day R,2021-05-27,CH,quantile,0.975,1.1611
19094,7 day R,2021-05-28,CH,point,NA,0.8444
19094,7 day R,2021-05-28,CH,quantile,0.025,0.5417
19094,7 day R,2021-05-28,CH,quantile,0.975,1.1479
19094,7 day R,2021-05-29,CH,point,NA,0.8194
19094,7 day R,2021-05-29,CH,quantile,0.025,0.5153
19094,7 day R,2021-05-29,CH,quantile,0.975,1.1172
19094,7 day R,2021-05-30,CH,point,NA,0.8055
19094,7 day R,2021-05-30,CH,quantile,0.025,0.4994
19094,7 day R,2021-05-30,CH,quantile,0.975,1.1035
19094,7 day R,2021-05-31,CH,point,NA,0.7924
19094,7 day R,2021-05-31,CH,quantile,0.025,0.4917
19094,7 day R,2021-05-31,CH,quantile,0.975,1.0896
19094,7 day R,2021-06-01,CH,point,NA,0.7612
19094,7 day R,2021-06-01,CH,quantile,0.025,0.4602
19094,7 day R,2021-06-01,CH,quantile,0.975,1.0588
19094,7 day R,2021-06-02,CH,point,NA,0.7477
19094,7 day R,2021-06-02,CH,quantile,0.025,0.4492
19094,7 day R,2021-06-02,CH,quantile,0.975,1.0527
19094,7 day R,2021-06-03,CH,point,NA,0.7291
19094,7 day R,2021-06-03,CH,quantile,0.025,0.4298
19094,7 day R,2021-06-03,CH,quantile,0.975,1.0288
19094,7 day R,2021-06-04,CH,point,NA,0.7178
19094,7 day R,2021-06-04,CH,quantile,0.025,0.418
19094,7 day R,2021-06-04,CH,quantile,0.975,1.0171
19094,7 day R,2021-06-05,CH,point,NA,0.7051
19094,7 day R,2021-06-05,CH,quantile,0.025,0.4061
19094,7 day R,2021-06-05,CH,quantile,0.975,1.0054
19094,7 day R,2021-06-06,CH,point,NA,0.6939
19094,7 day R,2021-06-06,CH,quantile,0.025,0.3944
19094,7 day R,2021-06-06,CH,quantile,0.975,0.995
19094,7 day R,2021-06-07,CH,point,NA,0.6822
19094,7 day R,2021-06-07,CH,quantile,0.025,0.3806
19094,7 day R,2021-06-07,CH,quantile,0.975,0.9815
19094,7 day R,2021-06-08,CH,point,NA,0.6696
19094,7 day R,2021-06-08,CH,quantile,0.025,0.3673
19094,7 day R,2021-06-08,CH,quantile,0.975,0.9673
19094,7 day R,2021-06-09,CH,point,NA,0.6689
19094,7 day R,2021-06-09,CH,quantile,0.025,0.3719
19094,7 day R,2021-06-09,CH,quantile,0.975,0.9667
19094,7 day R,2021-06-10,CH,point,NA,0.6865
19094,7 day R,2021-06-10,CH,quantile,0.025,0.3881
19094,7 day R,2021-06-10,CH,quantile,0.975,0.9866
19094,7 day R,2021-06-11,CH,point,NA,0.6776
19094,7 day R,2021-06-11,CH,quantile,0.025,0.3749
19094,7 day R,2021-06-11,CH,quantile,0.975,0.9775
19094,7 day R,2021-06-12,CH,point,NA,0.662
19094,7 day R,2021-06-12,CH,quantile,0.025,0.3633
19094,7 day R,2021-06-12,CH,quantile,0.975,0.9641
19094,7 day R,2021-06-13,CH,point,NA,0.6444
19094,7 day R,2021-06-13,CH,quantile,0.025,0.3463
19094,7 day R,2021-06-13,CH,quantile,0.975,0.9424
19094,7 day R,2021-06-14,CH,point,NA,0.6253
19094,7 day R,2021-06-14,CH,quantile,0.025,0.3246
19094,7 day R,2021-06-14,CH,quantile,0.975,0.9251
19094,7 day R,2021-06-15,CH,point,NA,0.6118
19094,7 day R,2021-06-15,CH,quantile,0.025,0.3136
19094,7 day R,2021-06-15,CH,quantile,0.975,0.908
19094,7 day R,2021-06-16,CH,point,NA,0.6072
19094,7 day R,2021-06-16,CH,quantile,0.025,0.3055
19094,7 day R,2021-06-16,CH,quantile,0.975,0.9034
19094,7 day R,2021-06-17,CH,point,NA,0.6017
19094,7 day R,2021-06-17,CH,quantile,0.025,0.2957
19094,7 day R,2021-06-17,CH,quantile,0.975,0.9035
19094,7 day R,2021-06-18,CH,point,NA,0.6055
19094,7 day R,2021-06-18,CH,quantile,0.025,0.3032
19094,7 day R,2021-06-18,CH,quantile,0.975,0.9099
19094,7 day R,2021-06-19,CH,point,NA,0.6077
19094,7 day R,2021-06-19,CH,quantile,0.025,0.3012
19094,7 day R,2021-06-19,CH,quantile,0.975,0.9083
19094,7 day R,2021-06-20,CH,point,NA,0.6046
19094,7 day R,2021-06-20,CH,quantile,0.025,0.2998
19094,7 day R,2021-06-20,CH,quantile,0.975,0.9047
19094,7 day R,2021-06-21,CH,point,NA,0.5979
19094,7 day R,2021-06-21,CH,quantile,0.025,0.2898
19094,7 day R,2021-06-21,CH,quantile,0.975,0.8977
19094,7 day R,2021-06-22,CH,point,NA,0.6087
19094,7 day R,2021-06-22,CH,quantile,0.025,0.3021
19094,7 day R,2021-06-22,CH,quantile,0.975,0.9109
19094,7 day R,2021-06-23,CH,point,NA,0.6311
19094,7 day R,2021-06-23,CH,quantile,0.025,0.3209
19094,7 day R,2021-06-23,CH,quantile,0.975,0.9355
19094,7 day R,2021-06-24,CH,point,NA,0.6573
19094,7 day R,2021-06-24,CH,quantile,0.025,0.3509
19094,7 day R,2021-06-24,CH,quantile,0.975,0.9607
19094,7 day R,2021-06-25,CH,point,NA,0.6909
19094,7 day R,2021-06-25,CH,quantile,0.025,0.3825
19094,7 day R,2021-06-25,CH,quantile,0.975,0.996
19094,7 day R,2021-06-26,CH,point,NA,0.7267
19094,7 day R,2021-06-26,CH,quantile,0.025,0.4273
19094,7 day R,2021-06-26,CH,quantile,0.975,1.0285
19094,7 day R,2021-06-27,CH,point,NA,0.7567
19094,7 day R,2021-06-27,CH,quantile,0.025,0.455
19094,7 day R,2021-06-27,CH,quantile,0.975,1.06
19094,7 day R,2021-06-28,CH,point,NA,0.7859
19094,7 day R,2021-06-28,CH,quantile,0.025,0.4779
19094,7 day R,2021-06-28,CH,quantile,0.975,1.0898
19094,7 day R,2021-06-29,CH,point,NA,0.8464
19094,7 day R,2021-06-29,CH,quantile,0.025,0.5422
19094,7 day R,2021-06-29,CH,quantile,0.975,1.1465
19094,7 day R,2021-06-30,CH,point,NA,0.9166
19094,7 day R,2021-06-30,CH,quantile,0.025,0.6146
19094,7 day R,2021-06-30,CH,quantile,0.975,1.2156
19094,7 day R,2021-07-01,CH,point,NA,0.9915
19094,7 day R,2021-07-01,CH,quantile,0.025,0.6909
19094,7 day R,2021-07-01,CH,quantile,0.975,1.2859
19094,7 day R,2021-07-02,CH,point,NA,1.0626
19094,7 day R,2021-07-02,CH,quantile,0.025,0.7629
19094,7 day R,2021-07-02,CH,quantile,0.975,1.3619
19094,7 day R,2021-07-03,CH,point,NA,1.1309
19094,7 day R,2021-07-03,CH,quantile,0.025,0.8311
19094,7 day R,2021-07-03,CH,quantile,0.975,1.4322
19094,7 day R,2021-07-04,CH,point,NA,1.2058
19094,7 day R,2021-07-04,CH,quantile,0.025,0.9113
19094,7 day R,2021-07-04,CH,quantile,0.975,1.507
19094,7 day R,2021-07-05,CH,point,NA,1.2798
19094,7 day R,2021-07-05,CH,quantile,0.025,0.9793
19094,7 day R,2021-07-05,CH,quantile,0.975,1.5842
19094,7 day R,2021-07-06,CH,point,NA,1.3381
19094,7 day R,2021-07-06,CH,quantile,0.025,1.0351
19094,7 day R,2021-07-06,CH,quantile,0.975,1.6444
19094,7 day R,2021-07-07,CH,point,NA,1.3838
19094,7 day R,2021-07-07,CH,quantile,0.025,1.0815
19094,7 day R,2021-07-07,CH,quantile,0.975,1.6902
19094,7 day R,2021-07-08,CH,point,NA,1.4227
19094,7 day R,2021-07-08,CH,quantile,0.025,1.1206
19094,7 day R,2021-07-08,CH,quantile,0.975,1.7303
19094,7 day R,2021-07-09,CH,point,NA,1.4626
19094,7 day R,2021-07-09,CH,quantile,0.025,1.1575
19094,7 day R,2021-07-09,CH,quantile,0.975,1.7674
19094,7 day R,2021-07-10,CH,point,NA,1.487
19094,7 day R,2021-07-10,CH,quantile,0.025,1.1816
19094,7 day R,2021-07-10,CH,quantile,0.975,1.7951
19094,7 day R,2021-07-11,CH,point,NA,1.5315
19094,7 day R,2021-07-11,CH,quantile,0.025,1.2219
19094,7 day R,2021-07-11,CH,quantile,0.975,1.8432
19094,7 day R,2021-07-12,CH,point,NA,1.579
19094,7 day R,2021-07-12,CH,quantile,0.025,1.2741
19094,7 day R,2021-07-12,CH,quantile,0.975,1.8924
19094,7 day R,2021-07-13,CH,point,NA,1.5976
19094,7 day R,2021-07-13,CH,quantile,0.025,1.29
19094,7 day R,2021-07-13,CH,quantile,0.975,1.9035
19094,7 day R,2021-07-14,CH,point,NA,1.603
19094,7 day R,2021-07-14,CH,quantile,0.025,1.2991
19094,7 day R,2021-07-14,CH,quantile,0.975,1.911
19094,7 day R,2021-07-15,CH,point,NA,1.6008
19094,7 day R,2021-07-15,CH,quantile,0.025,1.3
19094,7 day R,2021-07-15,CH,quantile,0.975,1.9037
19094,7 day R,2021-07-16,CH,point,NA,1.5977
19094,7 day R,2021-07-16,CH,quantile,0.025,1.2948
19094,7 day R,2021-07-16,CH,quantile,0.975,1.8999
19094,7 day R,2021-07-17,CH,point,NA,1.6296
19094,7 day R,2021-07-17,CH,quantile,0.025,1.328
19094,7 day R,2021-07-17,CH,quantile,0.975,1.9364
19094,7 day R,2021-07-18,CH,point,NA,1.6221
19094,7 day R,2021-07-18,CH,quantile,0.025,1.3183
19094,7 day R,2021-07-18,CH,quantile,0.975,1.9312
19094,7 day R,2021-07-19,CH,point,NA,1.6101
19094,7 day R,2021-07-19,CH,quantile,0.025,1.3064
19094,7 day R,2021-07-19,CH,quantile,0.975,1.916
19094,7 day R,2021-07-20,CH,point,NA,1.573
19094,7 day R,2021-07-20,CH,quantile,0.025,1.2658
19094,7 day R,2021-07-20,CH,quantile,0.975,1.8732
19094,7 day R,2021-07-21,CH,point,NA,1.5376
19094,7 day R,2021-07-21,CH,quantile,0.025,1.2348
19094,7 day R,2021-07-21,CH,quantile,0.975,1.8385
19094,7 day R,2021-07-22,CH,point,NA,1.5049
19094,7 day R,2021-07-22,CH,quantile,0.025,1.2054
19094,7 day R,2021-07-22,CH,quantile,0.975,1.8053
19094,7 day R,2021-07-23,CH,point,NA,1.4704
19094,7 day R,2021-07-23,CH,quantile,0.025,1.1724
19094,7 day R,2021-07-23,CH,quantile,0.975,1.7725
19094,7 day R,2021-07-24,CH,point,NA,1.4274
19094,7 day R,2021-07-24,CH,quantile,0.025,1.1259
19094,7 day R,2021-07-24,CH,quantile,0.975,1.7291
19094,7 day R,2021-07-25,CH,point,NA,1.3996
19094,7 day R,2021-07-25,CH,quantile,0.025,1.095
19094,7 day R,2021-07-25,CH,quantile,0.975,1.6974
19094,7 day R,2021-07-26,CH,point,NA,1.3698
19094,7 day R,2021-07-26,CH,quantile,0.025,1.0643
19094,7 day R,2021-07-26,CH,quantile,0.975,1.6704
19094,7 day R,2021-07-27,CH,point,NA,1.3549
19094,7 day R,2021-07-27,CH,quantile,0.025,1.05
19094,7 day R,2021-07-27,CH,quantile,0.975,1.6522
19094,7 day R,2021-07-28,CH,point,NA,1.3442
19094,7 day R,2021-07-28,CH,quantile,0.025,1.0372
19094,7 day R,2021-07-28,CH,quantile,0.975,1.6487
19094,7 day R,2021-07-29,CH,point,NA,1.3416
19094,7 day R,2021-07-29,CH,quantile,0.025,1.0334
19094,7 day R,2021-07-29,CH,quantile,0.975,1.6417
19094,7 day R,2021-07-30,CH,point,NA,1.3458
19094,7 day R,2021-07-30,CH,quantile,0.025,1.0404
19094,7 day R,2021-07-30,CH,quantile,0.975,1.6502
19094,7 day R,2021-07-31,CH,point,NA,1.3483
19094,7 day R,2021-07-31,CH,quantile,0.025,1.0471
19094,7 day R,2021-07-31,CH,quantile,0.975,1.6499
19094,7 day R,2021-08-01,CH,point,NA,1.3527
19094,7 day R,2021-08-01,CH,quantile,0.025,1.0496
19094,7 day R,2021-08-01,CH,quantile,0.975,1.6605
19094,7 day R,2021-08-02,CH,point,NA,1.3566
19094,7 day R,2021-08-02,CH,quantile,0.025,1.0549
19094,7 day R,2021-08-02,CH,quantile,0.975,1.6614
19094,7 day R,2021-08-03,CH,point,NA,1.3734
19094,7 day R,2021-08-03,CH,quantile,0.025,1.0721
19094,7 day R,2021-08-03,CH,quantile,0.975,1.6779
19094,7 day R,2021-08-04,CH,point,NA,1.3931
19094,7 day R,2021-08-04,CH,quantile,0.025,1.0931
19094,7 day R,2021-08-04,CH,quantile,0.975,1.6967
19094,7 day R,2021-08-05,CH,point,NA,1.4192
19094,7 day R,2021-08-05,CH,quantile,0.025,1.1176
19094,7 day R,2021-08-05,CH,quantile,0.975,1.7224
19094,7 day R,2021-08-06,CH,point,NA,1.4487
19094,7 day R,2021-08-06,CH,quantile,0.025,1.1459
19094,7 day R,2021-08-06,CH,quantile,0.975,1.7579
19094,7 day R,2021-08-07,CH,point,NA,1.4778
19094,7 day R,2021-08-07,CH,quantile,0.025,1.1747
19094,7 day R,2021-08-07,CH,quantile,0.975,1.7851
19094,7 day R,2021-08-08,CH,point,NA,1.5091
19094,7 day R,2021-08-08,CH,quantile,0.025,1.2081
19094,7 day R,2021-08-08,CH,quantile,0.975,1.8206
19094,7 day R,2021-08-09,CH,point,NA,1.5401
19094,7 day R,2021-08-09,CH,quantile,0.025,1.239
19094,7 day R,2021-08-09,CH,quantile,0.975,1.8492
19094,7 day R,2021-08-10,CH,point,NA,1.5567
19094,7 day R,2021-08-10,CH,quantile,0.025,1.2507
19094,7 day R,2021-08-10,CH,quantile,0.975,1.8606
19094,7 day R,2021-08-11,CH,point,NA,1.5663
19094,7 day R,2021-08-11,CH,quantile,0.025,1.267
19094,7 day R,2021-08-11,CH,quantile,0.975,1.8691
19094,7 day R,2021-08-12,CH,point,NA,1.5673
19094,7 day R,2021-08-12,CH,quantile,0.025,1.2695
19094,7 day R,2021-08-12,CH,quantile,0.975,1.8714
19094,7 day R,2021-08-13,CH,point,NA,1.5614
19094,7 day R,2021-08-13,CH,quantile,0.025,1.2592
19094,7 day R,2021-08-13,CH,quantile,0.975,1.8645
19094,7 day R,2021-08-14,CH,point,NA,1.5509
19094,7 day R,2021-08-14,CH,quantile,0.025,1.2508
19094,7 day R,2021-08-14,CH,quantile,0.975,1.8569
19094,7 day R,2021-08-15,CH,point,NA,1.546
19094,7 day R,2021-08-15,CH,quantile,0.025,1.2414
19094,7 day R,2021-08-15,CH,quantile,0.975,1.8506
19094,7 day R,2021-08-16,CH,point,NA,1.5423
19094,7 day R,2021-08-16,CH,quantile,0.025,1.2392
19094,7 day R,2021-08-16,CH,quantile,0.975,1.843
19094,7 day R,2021-08-17,CH,point,NA,1.5098
19094,7 day R,2021-08-17,CH,quantile,0.025,1.2112
19094,7 day R,2021-08-17,CH,quantile,0.975,1.8088
19094,7 day R,2021-08-18,CH,point,NA,1.4744
19094,7 day R,2021-08-18,CH,quantile,0.025,1.175
19094,7 day R,2021-08-18,CH,quantile,0.975,1.7737
19094,7 day R,2021-08-19,CH,point,NA,1.437
19094,7 day R,2021-08-19,CH,quantile,0.025,1.1363
19094,7 day R,2021-08-19,CH,quantile,0.975,1.7367
19094,7 day R,2021-08-20,CH,point,NA,1.4017
19094,7 day R,2021-08-20,CH,quantile,0.025,1.1017
19094,7 day R,2021-08-20,CH,quantile,0.975,1.6995
19094,7 day R,2021-08-21,CH,point,NA,1.3666
19094,7 day R,2021-08-21,CH,quantile,0.025,1.0687
19094,7 day R,2021-08-21,CH,quantile,0.975,1.6656
19094,7 day R,2021-08-22,CH,point,NA,1.3325
19094,7 day R,2021-08-22,CH,quantile,0.025,1.034
19094,7 day R,2021-08-22,CH,quantile,0.975,1.6327
19094,7 day R,2021-08-23,CH,point,NA,1.2973
19094,7 day R,2021-08-23,CH,quantile,0.025,0.9969
19094,7 day R,2021-08-23,CH,quantile,0.975,1.5961
19094,7 day R,2021-08-24,CH,point,NA,1.2603
19094,7 day R,2021-08-24,CH,quantile,0.025,0.9594
19094,7 day R,2021-08-24,CH,quantile,0.975,1.5586
19094,7 day R,2021-08-25,CH,point,NA,1.2454
19094,7 day R,2021-08-25,CH,quantile,0.025,0.947
19094,7 day R,2021-08-25,CH,quantile,0.975,1.5407
19094,7 day R,2021-08-26,CH,point,NA,1.2344
19094,7 day R,2021-08-26,CH,quantile,0.025,0.9328
19094,7 day R,2021-08-26,CH,quantile,0.975,1.5296
19094,7 day R,2021-08-27,CH,point,NA,1.2239
19094,7 day R,2021-08-27,CH,quantile,0.025,0.9228
19094,7 day R,2021-08-27,CH,quantile,0.975,1.5251
19094,7 day R,2021-08-28,CH,point,NA,1.2056
19094,7 day R,2021-08-28,CH,quantile,0.025,0.9039
19094,7 day R,2021-08-28,CH,quantile,0.975,1.5024
19094,7 day R,2021-08-29,CH,point,NA,1.1872
19094,7 day R,2021-08-29,CH,quantile,0.025,0.8862
19094,7 day R,2021-08-29,CH,quantile,0.975,1.4877
19094,7 day R,2021-08-30,CH,point,NA,1.1674
19094,7 day R,2021-08-30,CH,quantile,0.025,0.8662
19094,7 day R,2021-08-30,CH,quantile,0.975,1.4656
19094,7 day R,2021-08-31,CH,point,NA,1.1284
19094,7 day R,2021-08-31,CH,quantile,0.025,0.8215
19094,7 day R,2021-08-31,CH,quantile,0.975,1.4252
19094,7 day R,2021-09-01,CH,point,NA,1.1451
19094,7 day R,2021-09-01,CH,quantile,0.025,0.8423
19094,7 day R,2021-09-01,CH,quantile,0.975,1.4449
19094,7 day R,2021-09-02,CH,point,NA,1.1578
19094,7 day R,2021-09-02,CH,quantile,0.025,0.8557
19094,7 day R,2021-09-02,CH,quantile,0.975,1.4581
19094,7 day R,2021-09-03,CH,point,NA,1.172
19094,7 day R,2021-09-03,CH,quantile,0.025,0.8726
19094,7 day R,2021-09-03,CH,quantile,0.975,1.4689
19094,7 day R,2021-09-04,CH,point,NA,1.2148
19094,7 day R,2021-09-04,CH,quantile,0.025,0.9172
19094,7 day R,2021-09-04,CH,quantile,0.975,1.511
19094,7 day R,2021-09-05,CH,point,NA,1.265
19094,7 day R,2021-09-05,CH,quantile,0.025,0.9667
19094,7 day R,2021-09-05,CH,quantile,0.975,1.5649
19094,7 day R,2021-09-06,CH,point,NA,1.3306
19094,7 day R,2021-09-06,CH,quantile,0.025,1.0303
19094,7 day R,2021-09-06,CH,quantile,0.975,1.64
19094,7 day R,2021-09-07,CH,point,NA,1.4586
19094,7 day R,2021-09-07,CH,quantile,0.025,1.1445
19094,7 day R,2021-09-07,CH,quantile,0.975,1.793
19094,7 day R,2021-09-08,CH,point,NA,1.3975
19094,7 day R,2021-09-08,CH,quantile,0.025,1.0832
19094,7 day R,2021-09-08,CH,quantile,0.975,1.7194
19094,7 day R,2021-09-09,CH,point,NA,1.3202
19094,7 day R,2021-09-09,CH,quantile,0.025,1.0115
19094,7 day R,2021-09-09,CH,quantile,0.975,1.6361
19094,7 day R,2021-09-10,CH,point,NA,1.2482
19094,7 day R,2021-09-10,CH,quantile,0.025,0.9443
19094,7 day R,2021-09-10,CH,quantile,0.975,1.5588
19094,7 day R,2021-09-11,CH,point,NA,1.1761
19094,7 day R,2021-09-11,CH,quantile,0.025,0.8746
19094,7 day R,2021-09-11,CH,quantile,0.975,1.4823
19094,7 day R,2021-09-12,CH,point,NA,1.1088
19094,7 day R,2021-09-12,CH,quantile,0.025,0.805
19094,7 day R,2021-09-12,CH,quantile,0.975,1.4173
19094,7 day R,2021-09-13,CH,point,NA,1.047
19094,7 day R,2021-09-13,CH,quantile,0.025,0.7423
19094,7 day R,2021-09-13,CH,quantile,0.975,1.354
19094,7 day R,2021-09-14,CH,point,NA,0.9667
19094,7 day R,2021-09-14,CH,quantile,0.025,0.6594
19094,7 day R,2021-09-14,CH,quantile,0.975,1.2741
19094,7 day R,2021-09-15,CH,point,NA,0.9487
19094,7 day R,2021-09-15,CH,quantile,0.025,0.6415
19094,7 day R,2021-09-15,CH,quantile,0.975,1.2538
19094,7 day R,2021-09-16,CH,point,NA,0.9314
19094,7 day R,2021-09-16,CH,quantile,0.025,0.6284
19094,7 day R,2021-09-16,CH,quantile,0.975,1.2358
19094,7 day R,2021-09-17,CH,point,NA,0.9129
19094,7 day R,2021-09-17,CH,quantile,0.025,0.6099
19094,7 day R,2021-09-17,CH,quantile,0.975,1.2205
19094,7 day R,2021-09-18,CH,point,NA,0.8897
19094,7 day R,2021-09-18,CH,quantile,0.025,0.5849
19094,7 day R,2021-09-18,CH,quantile,0.975,1.1954
19094,7 day R,2021-09-19,CH,point,NA,0.8592
19094,7 day R,2021-09-19,CH,quantile,0.025,0.556
19094,7 day R,2021-09-19,CH,quantile,0.975,1.1633
19094,7 day R,2021-09-20,CH,point,NA,0.827
19094,7 day R,2021-09-20,CH,quantile,0.025,0.5258
19094,7 day R,2021-09-20,CH,quantile,0.975,1.126
19094,7 day R,2021-09-21,CH,point,NA,0.7988
19094,7 day R,2021-09-21,CH,quantile,0.025,0.4985
19094,7 day R,2021-09-21,CH,quantile,0.975,1.098
19094,7 day R,2021-09-22,CH,point,NA,0.8033
19094,7 day R,2021-09-22,CH,quantile,0.025,0.5006
19094,7 day R,2021-09-22,CH,quantile,0.975,1.1001
19094,7 day R,2021-09-23,CH,point,NA,0.8126
19094,7 day R,2021-09-23,CH,quantile,0.025,0.5126
19094,7 day R,2021-09-23,CH,quantile,0.975,1.1102
19094,7 day R,2021-09-24,CH,point,NA,0.8179
19094,7 day R,2021-09-24,CH,quantile,0.025,0.5182
19094,7 day R,2021-09-24,CH,quantile,0.975,1.1147
19094,7 day R,2021-09-25,CH,point,NA,0.8181
19094,7 day R,2021-09-25,CH,quantile,0.025,0.5198
19094,7 day R,2021-09-25,CH,quantile,0.975,1.1162
19094,7 day R,2021-09-26,CH,point,NA,0.8113
19094,7 day R,2021-09-26,CH,quantile,0.025,0.5108
19094,7 day R,2021-09-26,CH,quantile,0.975,1.107
19094,7 day R,2021-09-27,CH,point,NA,0.8009
19094,7 day R,2021-09-27,CH,quantile,0.025,0.5025
19094,7 day R,2021-09-27,CH,quantile,0.975,1.0956
19094,7 day R,2021-09-28,CH,point,NA,0.7959
19094,7 day R,2021-09-28,CH,quantile,0.025,0.4976
19094,7 day R,2021-09-28,CH,quantile,0.975,1.0959
19094,7 day R,2021-09-29,CH,point,NA,0.8025
19094,7 day R,2021-09-29,CH,quantile,0.025,0.4999
19094,7 day R,2021-09-29,CH,quantile,0.975,1.1046
19094,7 day R,2021-09-30,CH,point,NA,0.8143
19094,7 day R,2021-09-30,CH,quantile,0.025,0.511
19094,7 day R,2021-09-30,CH,quantile,0.975,1.1116
19094,7 day R,2021-10-01,CH,point,NA,0.8282
19094,7 day R,2021-10-01,CH,quantile,0.025,0.5292
19094,7 day R,2021-10-01,CH,quantile,0.975,1.1276
19094,7 day R,2021-10-02,CH,point,NA,0.8366
19094,7 day R,2021-10-02,CH,quantile,0.025,0.5375
19094,7 day R,2021-10-02,CH,quantile,0.975,1.1347
19094,7 day R,2021-10-03,CH,point,NA,0.84
19094,7 day R,2021-10-03,CH,quantile,0.025,0.5396
19094,7 day R,2021-10-03,CH,quantile,0.975,1.1388
19094,7 day R,2021-10-04,CH,point,NA,0.8396
19094,7 day R,2021-10-04,CH,quantile,0.025,0.5364
19094,7 day R,2021-10-04,CH,quantile,0.975,1.1365
19094,7 day R,2021-10-05,CH,point,NA,0.8426
19094,7 day R,2021-10-05,CH,quantile,0.025,0.5431
19094,7 day R,2021-10-05,CH,quantile,0.975,1.1413
19094,7 day R,2021-10-06,CH,point,NA,0.8519
19094,7 day R,2021-10-06,CH,quantile,0.025,0.5524
19094,7 day R,2021-10-06,CH,quantile,0.975,1.1511
19094,7 day R,2021-10-07,CH,point,NA,0.8697
19094,7 day R,2021-10-07,CH,quantile,0.025,0.5654
19094,7 day R,2021-10-07,CH,quantile,0.975,1.17
19094,7 day R,2021-10-08,CH,point,NA,0.8883
19094,7 day R,2021-10-08,CH,quantile,0.025,0.5901
19094,7 day R,2021-10-08,CH,quantile,0.975,1.1924
19094,7 day R,2021-10-09,CH,point,NA,0.9042
19094,7 day R,2021-10-09,CH,quantile,0.025,0.6023
19094,7 day R,2021-10-09,CH,quantile,0.975,1.2073
19094,7 day R,2021-10-10,CH,point,NA,0.9153
19094,7 day R,2021-10-10,CH,quantile,0.025,0.6132
19094,7 day R,2021-10-10,CH,quantile,0.975,1.2175
19094,7 day R,2021-10-11,CH,point,NA,0.9242
19094,7 day R,2021-10-11,CH,quantile,0.025,0.6279
19094,7 day R,2021-10-11,CH,quantile,0.975,1.224
19094,7 day R,2021-10-12,CH,point,NA,0.9392
19094,7 day R,2021-10-12,CH,quantile,0.025,0.6408
19094,7 day R,2021-10-12,CH,quantile,0.975,1.2431
19094,7 day R,2021-10-13,CH,point,NA,0.958
19094,7 day R,2021-10-13,CH,quantile,0.025,0.6588
19094,7 day R,2021-10-13,CH,quantile,0.975,1.2573
19094,7 day R,2021-10-14,CH,point,NA,0.9878
19094,7 day R,2021-10-14,CH,quantile,0.025,0.6888
19094,7 day R,2021-10-14,CH,quantile,0.975,1.2841
19094,7 day R,2021-10-15,CH,point,NA,1.0216
19094,7 day R,2021-10-15,CH,quantile,0.025,0.722
19094,7 day R,2021-10-15,CH,quantile,0.975,1.3193
19094,7 day R,2021-10-16,CH,point,NA,1.0559
19094,7 day R,2021-10-16,CH,quantile,0.025,0.755
19094,7 day R,2021-10-16,CH,quantile,0.975,1.3495
19094,7 day R,2021-10-17,CH,point,NA,1.088
19094,7 day R,2021-10-17,CH,quantile,0.025,0.7878
19094,7 day R,2021-10-17,CH,quantile,0.975,1.3869
19094,7 day R,2021-10-18,CH,point,NA,1.1181
19094,7 day R,2021-10-18,CH,quantile,0.025,0.8189
19094,7 day R,2021-10-18,CH,quantile,0.975,1.4133
19094,7 day R,2021-10-19,CH,point,NA,1.1522
19094,7 day R,2021-10-19,CH,quantile,0.025,0.8544
19094,7 day R,2021-10-19,CH,quantile,0.975,1.4478
19094,7 day R,2021-10-20,CH,point,NA,1.1728
19094,7 day R,2021-10-20,CH,quantile,0.025,0.8747
19094,7 day R,2021-10-20,CH,quantile,0.975,1.4707
19094,7 day R,2021-10-21,CH,point,NA,1.2025
19094,7 day R,2021-10-21,CH,quantile,0.025,0.904
19094,7 day R,2021-10-21,CH,quantile,0.975,1.501
19094,7 day R,2021-10-22,CH,point,NA,1.2265
19094,7 day R,2021-10-22,CH,quantile,0.025,0.9282
19094,7 day R,2021-10-22,CH,quantile,0.975,1.5222
19094,7 day R,2021-10-23,CH,point,NA,1.2501
19094,7 day R,2021-10-23,CH,quantile,0.025,0.9522
19094,7 day R,2021-10-23,CH,quantile,0.975,1.5433
19094,7 day R,2021-10-24,CH,point,NA,1.2739
19094,7 day R,2021-10-24,CH,quantile,0.025,0.9767
19094,7 day R,2021-10-24,CH,quantile,0.975,1.5698
19094,7 day R,2021-10-25,CH,point,NA,1.2994
19094,7 day R,2021-10-25,CH,quantile,0.025,1.0013
19094,7 day R,2021-10-25,CH,quantile,0.975,1.5997
19094,7 day R,2021-10-26,CH,point,NA,1.3216
19094,7 day R,2021-10-26,CH,quantile,0.025,1.0242
19094,7 day R,2021-10-26,CH,quantile,0.975,1.6215
19094,7 day R,2021-10-27,CH,point,NA,1.3716
19094,7 day R,2021-10-27,CH,quantile,0.025,1.0743
19094,7 day R,2021-10-27,CH,quantile,0.975,1.6697
19094,7 day R,2021-10-28,CH,point,NA,1.3798
19094,7 day R,2021-10-28,CH,quantile,0.025,1.0812
19094,7 day R,2021-10-28,CH,quantile,0.975,1.6819
19094,7 day R,2021-10-29,CH,point,NA,1.3869
19094,7 day R,2021-10-29,CH,quantile,0.025,1.0878
19094,7 day R,2021-10-29,CH,quantile,0.975,1.6927
19094,7 day R,2021-10-30,CH,point,NA,1.3966
19094,7 day R,2021-10-30,CH,quantile,0.025,1.0999
19094,7 day R,2021-10-30,CH,quantile,0.975,1.6997
19094,7 day R,2021-10-31,CH,point,NA,1.4093
19094,7 day R,2021-10-31,CH,quantile,0.025,1.1106
19094,7 day R,2021-10-31,CH,quantile,0.975,1.7117
19094,7 day R,2021-11-01,CH,point,NA,1.4242
19094,7 day R,2021-11-01,CH,quantile,0.025,1.1255
19094,7 day R,2021-11-01,CH,quantile,0.975,1.7268
19094,7 day R,2021-11-02,CH,point,NA,1.434
19094,7 day R,2021-11-02,CH,quantile,0.025,1.1312
19094,7 day R,2021-11-02,CH,quantile,0.975,1.7334
19094,7 day R,2021-11-03,CH,point,NA,1.4355
19094,7 day R,2021-11-03,CH,quantile,0.025,1.1396
19094,7 day R,2021-11-03,CH,quantile,0.975,1.7359
19094,7 day R,2021-11-04,CH,point,NA,1.4491
19094,7 day R,2021-11-04,CH,quantile,0.025,1.1509
19094,7 day R,2021-11-04,CH,quantile,0.975,1.7515
19094,7 day R,2021-11-05,CH,point,NA,1.4565
19094,7 day R,2021-11-05,CH,quantile,0.025,1.1579
19094,7 day R,2021-11-05,CH,quantile,0.975,1.7606
19094,7 day R,2021-11-06,CH,point,NA,1.4614
19094,7 day R,2021-11-06,CH,quantile,0.025,1.162
19094,7 day R,2021-11-06,CH,quantile,0.975,1.7637
19094,7 day R,2021-11-07,CH,point,NA,1.4676
19094,7 day R,2021-11-07,CH,quantile,0.025,1.1662
19094,7 day R,2021-11-07,CH,quantile,0.975,1.7717
19094,7 day R,2021-11-08,CH,point,NA,1.4762
19094,7 day R,2021-11-08,CH,quantile,0.025,1.1763
19094,7 day R,2021-11-08,CH,quantile,0.975,1.779
19094,7 day R,2021-11-09,CH,point,NA,1.4791
19094,7 day R,2021-11-09,CH,quantile,0.025,1.1799
19094,7 day R,2021-11-09,CH,quantile,0.975,1.7804
19094,7 day R,2021-11-10,CH,point,NA,1.477
19094,7 day R,2021-11-10,CH,quantile,0.025,1.1811
19094,7 day R,2021-11-10,CH,quantile,0.975,1.7766
19094,7 day R,2021-11-11,CH,point,NA,1.4763
19094,7 day R,2021-11-11,CH,quantile,0.025,1.1795
19094,7 day R,2021-11-11,CH,quantile,0.975,1.7754
19094,7 day R,2021-11-12,CH,point,NA,1.4771
19094,7 day R,2021-11-12,CH,quantile,0.025,1.179
19094,7 day R,2021-11-12,CH,quantile,0.975,1.7773
19094,7 day R,2021-11-13,CH,point,NA,1.4798
19094,7 day R,2021-11-13,CH,quantile,0.025,1.1789
19094,7 day R,2021-11-13,CH,quantile,0.975,1.7818
19094,7 day R,2021-11-14,CH,point,NA,1.485
19094,7 day R,2021-11-14,CH,quantile,0.025,1.1796
19094,7 day R,2021-11-14,CH,quantile,0.975,1.7906
19094,7 day R,2021-11-15,CH,point,NA,1.4923
19094,7 day R,2021-11-15,CH,quantile,0.025,1.1895
19094,7 day R,2021-11-15,CH,quantile,0.975,1.7952
19094,7 day R,2021-11-16,CH,point,NA,1.4943
19094,7 day R,2021-11-16,CH,quantile,0.025,1.1947
19094,7 day R,2021-11-16,CH,quantile,0.975,1.7969
19094,7 day R,2021-11-17,CH,point,NA,1.492
19094,7 day R,2021-11-17,CH,quantile,0.025,1.1912
19094,7 day R,2021-11-17,CH,quantile,0.975,1.7957
19094,7 day R,2021-11-18,CH,point,NA,1.4907
19094,7 day R,2021-11-18,CH,quantile,0.025,1.1951
19094,7 day R,2021-11-18,CH,quantile,0.975,1.7936
19094,7 day R,2021-11-19,CH,point,NA,1.4878
19094,7 day R,2021-11-19,CH,quantile,0.025,1.1895
19094,7 day R,2021-11-19,CH,quantile,0.975,1.7895
19094,7 day R,2021-11-20,CH,point,NA,1.4815
19094,7 day R,2021-11-20,CH,quantile,0.025,1.1823
19094,7 day R,2021-11-20,CH,quantile,0.975,1.7839
19094,7 day R,2021-11-21,CH,point,NA,1.4774
19094,7 day R,2021-11-21,CH,quantile,0.025,1.1776
19094,7 day R,2021-11-21,CH,quantile,0.975,1.7809
19094,7 day R,2021-11-22,CH,point,NA,1.4744
19094,7 day R,2021-11-22,CH,quantile,0.025,1.1748
19094,7 day R,2021-11-22,CH,quantile,0.975,1.7749
19094,7 day R,2021-11-23,CH,point,NA,1.4637
19094,7 day R,2021-11-23,CH,quantile,0.025,1.1661
19094,7 day R,2021-11-23,CH,quantile,0.975,1.7612
19094,7 day R,2021-11-24,CH,point,NA,1.4507
19094,7 day R,2021-11-24,CH,quantile,0.025,1.1528
19094,7 day R,2021-11-24,CH,quantile,0.975,1.7488
19094,7 day R,2021-11-25,CH,point,NA,1.4368
19094,7 day R,2021-11-25,CH,quantile,0.025,1.139
19094,7 day R,2021-11-25,CH,quantile,0.975,1.7336
19094,7 day R,2021-11-26,CH,point,NA,1.4239
19094,7 day R,2021-11-26,CH,quantile,0.025,1.1245
19094,7 day R,2021-11-26,CH,quantile,0.975,1.7215
19094,7 day R,2021-11-27,CH,point,NA,1.4104
19094,7 day R,2021-11-27,CH,quantile,0.025,1.1138
19094,7 day R,2021-11-27,CH,quantile,0.975,1.705
19094,7 day R,2021-11-28,CH,point,NA,1.3985
19094,7 day R,2021-11-28,CH,quantile,0.025,1.0959
19094,7 day R,2021-11-28,CH,quantile,0.975,1.6994
19094,7 day R,2021-11-29,CH,point,NA,1.3879
19094,7 day R,2021-11-29,CH,quantile,0.025,1.0897
19094,7 day R,2021-11-29,CH,quantile,0.975,1.687
19094,7 day R,2021-11-30,CH,point,NA,1.3717
19094,7 day R,2021-11-30,CH,quantile,0.025,1.0694
19094,7 day R,2021-11-30,CH,quantile,0.975,1.6692
19094,7 day R,2021-12-01,CH,point,NA,1.3564
19094,7 day R,2021-12-01,CH,quantile,0.025,1.0582
19094,7 day R,2021-12-01,CH,quantile,0.975,1.6579
19094,7 day R,2021-12-02,CH,point,NA,1.343
19094,7 day R,2021-12-02,CH,quantile,0.025,1.0425
19094,7 day R,2021-12-02,CH,quantile,0.975,1.6442
19094,7 day R,2021-12-03,CH,point,NA,1.3297
19094,7 day R,2021-12-03,CH,quantile,0.025,1.029
19094,7 day R,2021-12-03,CH,quantile,0.975,1.6306
19094,7 day R,2021-12-04,CH,point,NA,1.3161
19094,7 day R,2021-12-04,CH,quantile,0.025,1.0191
19094,7 day R,2021-12-04,CH,quantile,0.975,1.6167
19094,7 day R,2021-12-05,CH,point,NA,1.3015
19094,7 day R,2021-12-05,CH,quantile,0.025,1
19094,7 day R,2021-12-05,CH,quantile,0.975,1.5996
19094,7 day R,2021-12-06,CH,point,NA,1.2862
19094,7 day R,2021-12-06,CH,quantile,0.025,0.9841
19094,7 day R,2021-12-06,CH,quantile,0.975,1.5827
19094,7 day R,2021-12-07,CH,point,NA,1.2675
19094,7 day R,2021-12-07,CH,quantile,0.025,0.9685
19094,7 day R,2021-12-07,CH,quantile,0.975,1.5678
19094,7 day R,2021-12-08,CH,point,NA,1.2469
19094,7 day R,2021-12-08,CH,quantile,0.025,0.947
19094,7 day R,2021-12-08,CH,quantile,0.975,1.547
19094,7 day R,2021-12-09,CH,point,NA,1.2272
19094,7 day R,2021-12-09,CH,quantile,0.025,0.9248
19094,7 day R,2021-12-09,CH,quantile,0.975,1.5297
19094,7 day R,2021-12-10,CH,point,NA,1.2093
19094,7 day R,2021-12-10,CH,quantile,0.025,0.9106
19094,7 day R,2021-12-10,CH,quantile,0.975,1.5107
19094,7 day R,2021-12-11,CH,point,NA,1.191
19094,7 day R,2021-12-11,CH,quantile,0.025,0.886
19094,7 day R,2021-12-11,CH,quantile,0.975,1.4917
19094,7 day R,2021-12-12,CH,point,NA,1.1685
19094,7 day R,2021-12-12,CH,quantile,0.025,0.8611
19094,7 day R,2021-12-12,CH,quantile,0.975,1.4685
19094,7 day R,2021-12-13,CH,point,NA,1.1441
19094,7 day R,2021-12-13,CH,quantile,0.025,0.8385
19094,7 day R,2021-12-13,CH,quantile,0.975,1.4457
19094,7 day R,2021-12-14,CH,point,NA,1.1347
19094,7 day R,2021-12-14,CH,quantile,0.025,0.8289
19094,7 day R,2021-12-14,CH,quantile,0.975,1.4363
19094,7 day R,2021-12-15,CH,point,NA,1.1314
19094,7 day R,2021-12-15,CH,quantile,0.025,0.8265
19094,7 day R,2021-12-15,CH,quantile,0.975,1.4356
19094,7 day R,2021-12-16,CH,point,NA,1.1339
19094,7 day R,2021-12-16,CH,quantile,0.025,0.8287
19094,7 day R,2021-12-16,CH,quantile,0.975,1.4383
19094,7 day R,2021-12-17,CH,point,NA,1.1371
19094,7 day R,2021-12-17,CH,quantile,0.025,0.8341
19094,7 day R,2021-12-17,CH,quantile,0.975,1.4412
19094,7 day R,2021-12-18,CH,point,NA,1.1334
19094,7 day R,2021-12-18,CH,quantile,0.025,0.828
19094,7 day R,2021-12-18,CH,quantile,0.975,1.4337
19094,7 day R,2021-12-19,CH,point,NA,1.1254
19094,7 day R,2021-12-19,CH,quantile,0.025,0.8178
19094,7 day R,2021-12-19,CH,quantile,0.975,1.4275
19094,7 day R,2021-12-20,CH,point,NA,1.1136
19094,7 day R,2021-12-20,CH,quantile,0.025,0.8074
19094,7 day R,2021-12-20,CH,quantile,0.975,1.4145
19094,7 day R,2021-12-21,CH,point,NA,1.1361
19094,7 day R,2021-12-21,CH,quantile,0.025,0.8321
19094,7 day R,2021-12-21,CH,quantile,0.975,1.438
19094,7 day R,2021-12-22,CH,point,NA,1.1634
19094,7 day R,2021-12-22,CH,quantile,0.025,0.8591
19094,7 day R,2021-12-22,CH,quantile,0.975,1.4643
19094,7 day R,2021-12-23,CH,point,NA,1.1947
19094,7 day R,2021-12-23,CH,quantile,0.025,0.8928
19094,7 day R,2021-12-23,CH,quantile,0.975,1.4911
19094,7 day R,2021-12-24,CH,point,NA,1.232
19094,7 day R,2021-12-24,CH,quantile,0.025,0.932
19094,7 day R,2021-12-24,CH,quantile,0.975,1.533
19094,7 day R,2021-12-25,CH,point,NA,1.3033
19094,7 day R,2021-12-25,CH,quantile,0.025,1.0024
19094,7 day R,2021-12-25,CH,quantile,0.975,1.6001
19094,7 day R,2021-12-26,CH,point,NA,1.3784
19094,7 day R,2021-12-26,CH,quantile,0.025,1.079
19094,7 day R,2021-12-26,CH,quantile,0.975,1.6781
19094,7 day R,2021-12-27,CH,point,NA,1.4489
19094,7 day R,2021-12-27,CH,quantile,0.025,1.147
19094,7 day R,2021-12-27,CH,quantile,0.975,1.7559
19094,7 day R,2021-12-28,CH,point,NA,1.4591
19094,7 day R,2021-12-28,CH,quantile,0.025,1.1605
19094,7 day R,2021-12-28,CH,quantile,0.975,1.7621
19094,7 day R,2021-12-29,CH,point,NA,1.4601
19094,7 day R,2021-12-29,CH,quantile,0.025,1.1584
19094,7 day R,2021-12-29,CH,quantile,0.975,1.759
19094,7 day R,2021-12-30,CH,point,NA,1.4629
19094,7 day R,2021-12-30,CH,quantile,0.025,1.1591
19094,7 day R,2021-12-30,CH,quantile,0.975,1.7608
19094,7 day R,2021-12-31,CH,point,NA,1.4637
19094,7 day R,2021-12-31,CH,quantile,0.025,1.1593
19094,7 day R,2021-12-31,CH,quantile,0.975,1.7644
19094,7 day R,2022-01-01,CH,point,NA,1.4549
19094,7 day R,2022-01-01,CH,quantile,0.025,1.152
19094,7 day R,2022-01-01,CH,quantile,0.975,1.7559
19094,7 day R,2022-01-02,CH,point,NA,1.4512
19094,7 day R,2022-01-02,CH,quantile,0.025,1.1515
19094,7 day R,2022-01-02,CH,quantile,0.975,1.7515
19094,7 day R,2022-01-03,CH,point,NA,1.4523
19094,7 day R,2022-01-03,CH,quantile,0.025,1.1523
19094,7 day R,2022-01-03,CH,quantile,0.975,1.7579
19094,7 day R,2022-01-04,CH,point,NA,1.4678
19094,7 day R,2022-01-04,CH,quantile,0.025,1.17
19094,7 day R,2022-01-04,CH,quantile,0.975,1.7696
19094,7 day R,2022-01-05,CH,point,NA,1.4753
19094,7 day R,2022-01-05,CH,quantile,0.025,1.1773
19094,7 day R,2022-01-05,CH,quantile,0.975,1.78
19094,7 day R,2022-01-06,CH,point,NA,1.469
19094,7 day R,2022-01-06,CH,quantile,0.025,1.1654
19094,7 day R,2022-01-06,CH,quantile,0.975,1.7704
19094,7 day R,2022-01-07,CH,point,NA,1.4506
19094,7 day R,2022-01-07,CH,quantile,0.025,1.1462
19094,7 day R,2022-01-07,CH,quantile,0.975,1.7513
19094,7 day R,2022-01-08,CH,point,NA,1.4266
19094,7 day R,2022-01-08,CH,quantile,0.025,1.1238
19094,7 day R,2022-01-08,CH,quantile,0.975,1.7273
19094,7 day R,2022-01-09,CH,point,NA,1.4063
19094,7 day R,2022-01-09,CH,quantile,0.025,1.1042
19094,7 day R,2022-01-09,CH,quantile,0.975,1.71
19094,7 day R,2022-01-10,CH,point,NA,1.3876
19094,7 day R,2022-01-10,CH,quantile,0.025,1.0827
19094,7 day R,2022-01-10,CH,quantile,0.975,1.6912
19094,7 day R,2022-01-11,CH,point,NA,1.3636
19094,7 day R,2022-01-11,CH,quantile,0.025,1.0584
19094,7 day R,2022-01-11,CH,quantile,0.975,1.6657
19094,7 day R,2022-01-12,CH,point,NA,1.343
19094,7 day R,2022-01-12,CH,quantile,0.025,1.0404
19094,7 day R,2022-01-12,CH,quantile,0.975,1.6426
19094,7 day R,2022-01-13,CH,point,NA,1.3258
19094,7 day R,2022-01-13,CH,quantile,0.025,1.0247
19094,7 day R,2022-01-13,CH,quantile,0.975,1.6288
19094,7 day R,2022-01-14,CH,point,NA,1.3131
19094,7 day R,2022-01-14,CH,quantile,0.025,1.0126
19094,7 day R,2022-01-14,CH,quantile,0.975,1.614
19094,7 day R,2022-01-15,CH,point,NA,1.3009
19094,7 day R,2022-01-15,CH,quantile,0.025,1
19094,7 day R,2022-01-15,CH,quantile,0.975,1.6041
19094,7 day R,2022-01-16,CH,point,NA,1.2887
19094,7 day R,2022-01-16,CH,quantile,0.025,0.9883
19094,7 day R,2022-01-16,CH,quantile,0.975,1.5877
19094,7 day R,2022-01-17,CH,point,NA,1.2766
19094,7 day R,2022-01-17,CH,quantile,0.025,0.9713
19094,7 day R,2022-01-17,CH,quantile,0.975,1.5771
19094,7 day R,2022-01-18,CH,point,NA,1.2729
19094,7 day R,2022-01-18,CH,quantile,0.025,0.9744
19094,7 day R,2022-01-18,CH,quantile,0.975,1.5722
19094,7 day R,2022-01-19,CH,point,NA,1.2698
19094,7 day R,2022-01-19,CH,quantile,0.025,0.9687
19094,7 day R,2022-01-19,CH,quantile,0.975,1.5701
19094,7 day R,2022-01-20,CH,point,NA,1.2668
19094,7 day R,2022-01-20,CH,quantile,0.025,0.9636
19094,7 day R,2022-01-20,CH,quantile,0.975,1.5653
19094,7 day R,2022-01-21,CH,point,NA,1.2598
19094,7 day R,2022-01-21,CH,quantile,0.025,0.958
19094,7 day R,2022-01-21,CH,quantile,0.975,1.5567
19094,7 day R,2022-01-22,CH,point,NA,1.251
19094,7 day R,2022-01-22,CH,quantile,0.025,0.9495
19094,7 day R,2022-01-22,CH,quantile,0.975,1.5515
19094,7 day R,2022-01-23,CH,point,NA,1.2432
19094,7 day R,2022-01-23,CH,quantile,0.025,0.9419
19094,7 day R,2022-01-23,CH,quantile,0.975,1.5453
19094,7 day R,2022-01-24,CH,point,NA,1.2356
19094,7 day R,2022-01-24,CH,quantile,0.025,0.9365
19094,7 day R,2022-01-24,CH,quantile,0.975,1.5391
19094,7 day R,2022-01-25,CH,point,NA,1.2192
19094,7 day R,2022-01-25,CH,quantile,0.025,0.917
19094,7 day R,2022-01-25,CH,quantile,0.975,1.5172
19094,7 day R,2022-01-26,CH,point,NA,1.1992
19094,7 day R,2022-01-26,CH,quantile,0.025,0.8959
19094,7 day R,2022-01-26,CH,quantile,0.975,1.4984
19094,7 day R,2022-01-27,CH,point,NA,1.1798
19094,7 day R,2022-01-27,CH,quantile,0.025,0.8775
19094,7 day R,2022-01-27,CH,quantile,0.975,1.4846
19094,7 day R,2022-01-28,CH,point,NA,1.1581
19094,7 day R,2022-01-28,CH,quantile,0.025,0.8566
19094,7 day R,2022-01-28,CH,quantile,0.975,1.4582
19094,7 day R,2022-01-29,CH,point,NA,1.1346
19094,7 day R,2022-01-29,CH,quantile,0.025,0.8342
19094,7 day R,2022-01-29,CH,quantile,0.975,1.4352
19094,7 day R,2022-01-30,CH,point,NA,1.1113
19094,7 day R,2022-01-30,CH,quantile,0.025,0.8113
19094,7 day R,2022-01-30,CH,quantile,0.975,1.414
19094,7 day R,2022-01-31,CH,point,NA,1.0899
19094,7 day R,2022-01-31,CH,quantile,0.025,0.7866
19094,7 day R,2022-01-31,CH,quantile,0.975,1.3901
19094,7 day R,2022-02-01,CH,point,NA,1.063
19094,7 day R,2022-02-01,CH,quantile,0.025,0.7664
19094,7 day R,2022-02-01,CH,quantile,0.975,1.3641
19094,7 day R,2022-02-02,CH,point,NA,1.039
19094,7 day R,2022-02-02,CH,quantile,0.025,0.7399
19094,7 day R,2022-02-02,CH,quantile,0.975,1.3375
19094,7 day R,2022-02-03,CH,point,NA,1.0137
19094,7 day R,2022-02-03,CH,quantile,0.025,0.7111
19094,7 day R,2022-02-03,CH,quantile,0.975,1.3122
19094,7 day R,2022-02-04,CH,point,NA,0.9884
19094,7 day R,2022-02-04,CH,quantile,0.025,0.6881
19094,7 day R,2022-02-04,CH,quantile,0.975,1.2856
19094,7 day R,2022-02-05,CH,point,NA,0.966
19094,7 day R,2022-02-05,CH,quantile,0.025,0.6687
19094,7 day R,2022-02-05,CH,quantile,0.975,1.2662
19094,7 day R,2022-02-06,CH,point,NA,0.9425
19094,7 day R,2022-02-06,CH,quantile,0.025,0.6421
19094,7 day R,2022-02-06,CH,quantile,0.975,1.2457
19094,7 day R,2022-02-07,CH,point,NA,0.917
19094,7 day R,2022-02-07,CH,quantile,0.025,0.6195
19094,7 day R,2022-02-07,CH,quantile,0.975,1.2192
19094,7 day R,2022-02-08,CH,point,NA,0.8975
19094,7 day R,2022-02-08,CH,quantile,0.025,0.5995
19094,7 day R,2022-02-08,CH,quantile,0.975,1.1992
19094,7 day R,2022-02-09,CH,point,NA,0.8822
19094,7 day R,2022-02-09,CH,quantile,0.025,0.5804
19094,7 day R,2022-02-09,CH,quantile,0.975,1.1848
19094,7 day R,2022-02-10,CH,point,NA,0.8714
19094,7 day R,2022-02-10,CH,quantile,0.025,0.5727
19094,7 day R,2022-02-10,CH,quantile,0.975,1.1709
19094,7 day R,2022-02-11,CH,point,NA,0.8566
19094,7 day R,2022-02-11,CH,quantile,0.025,0.5556
19094,7 day R,2022-02-11,CH,quantile,0.975,1.1584
19094,7 day R,2022-02-12,CH,point,NA,0.8506
19094,7 day R,2022-02-12,CH,quantile,0.025,0.5521
19094,7 day R,2022-02-12,CH,quantile,0.975,1.1531
19094,7 day R,2022-02-13,CH,point,NA,0.8409
19094,7 day R,2022-02-13,CH,quantile,0.025,0.5408
19094,7 day R,2022-02-13,CH,quantile,0.975,1.1444
19094,7 day R,2022-02-14,CH,point,NA,0.828
19094,7 day R,2022-02-14,CH,quantile,0.025,0.5276
19094,7 day R,2022-02-14,CH,quantile,0.975,1.1258
19094,7 day R,2022-02-15,CH,point,NA,0.8232
19094,7 day R,2022-02-15,CH,quantile,0.025,0.5196
19094,7 day R,2022-02-15,CH,quantile,0.975,1.1216
19094,7 day R,2022-02-16,CH,point,NA,0.8228
19094,7 day R,2022-02-16,CH,quantile,0.025,0.5179
19094,7 day R,2022-02-16,CH,quantile,0.975,1.1237
19094,7 day R,2022-02-17,CH,point,NA,0.8307
19094,7 day R,2022-02-17,CH,quantile,0.025,0.5244
19094,7 day R,2022-02-17,CH,quantile,0.975,1.1318
19094,7 day R,2022-02-18,CH,point,NA,0.8582
19094,7 day R,2022-02-18,CH,quantile,0.025,0.5596
19094,7 day R,2022-02-18,CH,quantile,0.975,1.1614
19094,7 day R,2022-02-19,CH,point,NA,0.8629
19094,7 day R,2022-02-19,CH,quantile,0.025,0.5652
19094,7 day R,2022-02-19,CH,quantile,0.975,1.1658
19094,7 day R,2022-02-20,CH,point,NA,0.8617
19094,7 day R,2022-02-20,CH,quantile,0.025,0.5619
19094,7 day R,2022-02-20,CH,quantile,0.975,1.1616
19094,7 day R,2022-02-21,CH,point,NA,0.8591
19094,7 day R,2022-02-21,CH,quantile,0.025,0.5568
19094,7 day R,2022-02-21,CH,quantile,0.975,1.1633
19094,7 day R,2022-02-22,CH,point,NA,0.8783
19094,7 day R,2022-02-22,CH,quantile,0.025,0.5753
19094,7 day R,2022-02-22,CH,quantile,0.975,1.1827
19094,7 day R,2022-02-23,CH,point,NA,0.9046
19094,7 day R,2022-02-23,CH,quantile,0.025,0.6015
19094,7 day R,2022-02-23,CH,quantile,0.975,1.2061
19094,7 day R,2022-02-24,CH,point,NA,0.934
19094,7 day R,2022-02-24,CH,quantile,0.025,0.6316
19094,7 day R,2022-02-24,CH,quantile,0.975,1.23
19094,7 day R,2022-02-25,CH,point,NA,0.9585
19094,7 day R,2022-02-25,CH,quantile,0.025,0.6571
19094,7 day R,2022-02-25,CH,quantile,0.975,1.2546
19094,7 day R,2022-02-26,CH,point,NA,0.9901
19094,7 day R,2022-02-26,CH,quantile,0.025,0.6896
19094,7 day R,2022-02-26,CH,quantile,0.975,1.2878
19094,7 day R,2022-02-27,CH,point,NA,1.0187
19094,7 day R,2022-02-27,CH,quantile,0.025,0.7178
19094,7 day R,2022-02-27,CH,quantile,0.975,1.3172
19094,7 day R,2022-02-28,CH,point,NA,1.0465
19094,7 day R,2022-02-28,CH,quantile,0.025,0.7473
19094,7 day R,2022-02-28,CH,quantile,0.975,1.3434
19094,7 day R,2022-03-01,CH,point,NA,1.081
19094,7 day R,2022-03-01,CH,quantile,0.025,0.7841
19094,7 day R,2022-03-01,CH,quantile,0.975,1.379
19094,7 day R,2022-03-02,CH,point,NA,1.119
19094,7 day R,2022-03-02,CH,quantile,0.025,0.817
19094,7 day R,2022-03-02,CH,quantile,0.975,1.4168
19094,7 day R,2022-03-03,CH,point,NA,1.1529
19094,7 day R,2022-03-03,CH,quantile,0.025,0.8515
19094,7 day R,2022-03-03,CH,quantile,0.975,1.4521
19094,7 day R,2022-03-04,CH,point,NA,1.1799
19094,7 day R,2022-03-04,CH,quantile,0.025,0.8758
19094,7 day R,2022-03-04,CH,quantile,0.975,1.4855
19094,7 day R,2022-03-05,CH,point,NA,1.2025
19094,7 day R,2022-03-05,CH,quantile,0.025,0.9005
19094,7 day R,2022-03-05,CH,quantile,0.975,1.5065
19094,7 day R,2022-03-06,CH,point,NA,1.2295
19094,7 day R,2022-03-06,CH,quantile,0.025,0.93
19094,7 day R,2022-03-06,CH,quantile,0.975,1.5316
19094,7 day R,2022-03-07,CH,point,NA,1.2575
19094,7 day R,2022-03-07,CH,quantile,0.025,0.956
19094,7 day R,2022-03-07,CH,quantile,0.975,1.5652
19094,7 day R,2022-03-08,CH,point,NA,1.2587
19094,7 day R,2022-03-08,CH,quantile,0.025,0.9632
19094,7 day R,2022-03-08,CH,quantile,0.975,1.5666
19094,7 day R,2022-03-09,CH,point,NA,1.256
19094,7 day R,2022-03-09,CH,quantile,0.025,0.9533
19094,7 day R,2022-03-09,CH,quantile,0.975,1.5598
19094,7 day R,2022-03-10,CH,point,NA,1.2465
19094,7 day R,2022-03-10,CH,quantile,0.025,0.9401
19094,7 day R,2022-03-10,CH,quantile,0.975,1.5515
19094,7 day R,2022-03-11,CH,point,NA,1.2315
19094,7 day R,2022-03-11,CH,quantile,0.025,0.931
19094,7 day R,2022-03-11,CH,quantile,0.975,1.5345
19094,7 day R,2022-03-12,CH,point,NA,1.2133
19094,7 day R,2022-03-12,CH,quantile,0.025,0.9052
19094,7 day R,2022-03-12,CH,quantile,0.975,1.5202
19094,7 day R,2022-03-13,CH,point,NA,1.1991
19094,7 day R,2022-03-13,CH,quantile,0.025,0.8935
19094,7 day R,2022-03-13,CH,quantile,0.975,1.5053
19094,7 day R,2022-03-14,CH,point,NA,1.1847
19094,7 day R,2022-03-14,CH,quantile,0.025,0.8819
19094,7 day R,2022-03-14,CH,quantile,0.975,1.4889
19094,7 day R,2022-03-15,CH,point,NA,1.1556
19094,7 day R,2022-03-15,CH,quantile,0.025,0.8554
19094,7 day R,2022-03-15,CH,quantile,0.975,1.4612
19094,7 day R,2022-03-16,CH,point,NA,1.1301
19094,7 day R,2022-03-16,CH,quantile,0.025,0.8286
19094,7 day R,2022-03-16,CH,quantile,0.975,1.4373
19094,7 day R,2022-03-17,CH,point,NA,1.1019
19094,7 day R,2022-03-17,CH,quantile,0.025,0.8023
19094,7 day R,2022-03-17,CH,quantile,0.975,1.4018
19094,7 day R,2022-03-18,CH,point,NA,1.0679
19094,7 day R,2022-03-18,CH,quantile,0.025,0.767
19094,7 day R,2022-03-18,CH,quantile,0.975,1.3683
19094,7 day R,2022-03-19,CH,point,NA,1.0335
19094,7 day R,2022-03-19,CH,quantile,0.025,0.7341
19094,7 day R,2022-03-19,CH,quantile,0.975,1.3343
19094,7 day R,2022-03-20,CH,point,NA,0.9983
19094,7 day R,2022-03-20,CH,quantile,0.025,0.6985
19094,7 day R,2022-03-20,CH,quantile,0.975,1.298
19094,7 day R,2022-03-21,CH,point,NA,0.9614
19094,7 day R,2022-03-21,CH,quantile,0.025,0.659
19094,7 day R,2022-03-21,CH,quantile,0.975,1.2624
19094,7 day R,2022-03-22,CH,point,NA,0.9163
19094,7 day R,2022-03-22,CH,quantile,0.025,0.6161
19094,7 day R,2022-03-22,CH,quantile,0.975,1.2159
19094,7 day R,2022-03-23,CH,point,NA,0.8881
19094,7 day R,2022-03-23,CH,quantile,0.025,0.5867
19094,7 day R,2022-03-23,CH,quantile,0.975,1.1883
19094,7 day R,2022-03-24,CH,point,NA,0.86240000000000006
19094,7 day R,2022-03-24,CH,quantile,0.025,0.5564
19094,7 day R,2022-03-24,CH,quantile,0.975,1.1587
19094,7 day R,2022-03-25,CH,point,NA,0.833
19094,7 day R,2022-03-25,CH,quantile,0.025,0.5321
19094,7 day R,2022-03-25,CH,quantile,0.975,1.1353
19094,7 day R,2022-03-26,CH,point,NA,0.8013
19094,7 day R,2022-03-26,CH,quantile,0.025,0.496
19094,7 day R,2022-03-26,CH,quantile,0.975,1.1002
19094,7 day R,2022-03-27,CH,point,NA,0.7649
19094,7 day R,2022-03-27,CH,quantile,0.025,0.461
19094,7 day R,2022-03-27,CH,quantile,0.975,1.0663
19094,7 day R,2022-03-28,CH,point,NA,0.723
19094,7 day R,2022-03-28,CH,quantile,0.025,0.418
19094,7 day R,2022-03-28,CH,quantile,0.975,1.0241
19094,7 day R,2022-03-29,CH,point,NA,0.6781
19094,7 day R,2022-03-29,CH,quantile,0.025,0.3714
19094,7 day R,2022-03-29,CH,quantile,0.975,0.9801
19094,7 day R,2022-03-30,CH,point,NA,0.6772
19094,7 day R,2022-03-30,CH,quantile,0.025,0.3739
19094,7 day R,2022-03-30,CH,quantile,0.975,0.98
19094,7 day R,2022-03-31,CH,point,NA,0.6729
19094,7 day R,2022-03-31,CH,quantile,0.025,0.3679
19094,7 day R,2022-03-31,CH,quantile,0.975,0.9724
19094,7 day R,2022-04-01,CH,point,NA,0.6588
19094,7 day R,2022-04-01,CH,quantile,0.025,0.3538
19094,7 day R,2022-04-01,CH,quantile,0.975,0.9581
19094,7 day R,2022-04-02,CH,point,NA,0.634
19094,7 day R,2022-04-02,CH,quantile,0.025,0.3256
19094,7 day R,2022-04-02,CH,quantile,0.975,0.9357
19094,7 day R,2022-04-03,CH,point,NA,0.6025
19094,7 day R,2022-04-03,CH,quantile,0.025,0.2975
19094,7 day R,2022-04-03,CH,quantile,0.975,0.9054
19094,7 day R,2022-04-04,CH,point,NA,0.5682
19094,7 day R,2022-04-04,CH,quantile,0.025,0.2537
19094,7 day R,2022-04-04,CH,quantile,0.975,0.8722
19094,7 day R,2022-04-05,CH,point,NA,0.5601
19094,7 day R,2022-04-05,CH,quantile,0.025,0.2455
19094,7 day R,2022-04-05,CH,quantile,0.975,0.8663
19094,7 day R,2022-04-06,CH,point,NA,0.5996
19094,7 day R,2022-04-06,CH,quantile,0.025,0.292
19094,7 day R,2022-04-06,CH,quantile,0.975,0.9075
19094,7 day R,2022-04-07,CH,point,NA,0.649
19094,7 day R,2022-04-07,CH,quantile,0.025,0.3436
19094,7 day R,2022-04-07,CH,quantile,0.975,0.955
19094,7 day R,2022-04-08,CH,point,NA,0.7084
19094,7 day R,2022-04-08,CH,quantile,0.025,0.4038
19094,7 day R,2022-04-08,CH,quantile,0.975,1.0073
19094,7 day R,2022-04-09,CH,point,NA,0.7782
19094,7 day R,2022-04-09,CH,quantile,0.025,0.4734
19094,7 day R,2022-04-09,CH,quantile,0.975,1.0828
19094,7 day R,2022-04-10,CH,point,NA,0.8516
19094,7 day R,2022-04-10,CH,quantile,0.025,0.5437
19094,7 day R,2022-04-10,CH,quantile,0.975,1.1626
