data_version,target,date,location,type,quantile,value
2022-02-10,9 day R,2020-03-02,DE,point,NA,3.564
2022-02-10,9 day R,2020-03-02,DE,quantile,0.025,3.2179
2022-02-10,9 day R,2020-03-02,DE,quantile,0.975,3.911
2022-02-10,9 day R,2020-03-03,DE,point,NA,3.5968
2022-02-10,9 day R,2020-03-03,DE,quantile,0.025,3.281
2022-02-10,9 day R,2020-03-03,DE,quantile,0.975,3.9083
2022-02-10,9 day R,2020-03-04,DE,point,NA,3.679
2022-02-10,9 day R,2020-03-04,DE,quantile,0.025,3.381
2022-02-10,9 day R,2020-03-04,DE,quantile,0.975,3.9756
2022-02-10,9 day R,2020-03-05,DE,point,NA,3.7642
2022-02-10,9 day R,2020-03-05,DE,quantile,0.025,3.4666
2022-02-10,9 day R,2020-03-05,DE,quantile,0.975,4.0674
2022-02-10,9 day R,2020-03-06,DE,point,NA,3.6328
2022-02-10,9 day R,2020-03-06,DE,quantile,0.025,3.3589
2022-02-10,9 day R,2020-03-06,DE,quantile,0.975,3.9123
2022-02-10,9 day R,2020-03-07,DE,point,NA,3.479
2022-02-10,9 day R,2020-03-07,DE,quantile,0.025,3.2217
2022-02-10,9 day R,2020-03-07,DE,quantile,0.975,3.7398
2022-02-10,9 day R,2020-03-08,DE,point,NA,3.3536
2022-02-10,9 day R,2020-03-08,DE,quantile,0.025,3.1013
2022-02-10,9 day R,2020-03-08,DE,quantile,0.975,3.6074
2022-02-10,9 day R,2020-03-09,DE,point,NA,3.2306
2022-02-10,9 day R,2020-03-09,DE,quantile,0.025,2.9746
2022-02-10,9 day R,2020-03-09,DE,quantile,0.975,3.4841
2022-02-10,9 day R,2020-03-10,DE,point,NA,3.1503
2022-02-10,9 day R,2020-03-10,DE,quantile,0.025,2.8922
2022-02-10,9 day R,2020-03-10,DE,quantile,0.975,3.4027
2022-02-10,9 day R,2020-03-11,DE,point,NA,3.0569
2022-02-10,9 day R,2020-03-11,DE,quantile,0.025,2.7922
2022-02-10,9 day R,2020-03-11,DE,quantile,0.975,3.3139
2022-02-10,9 day R,2020-03-12,DE,point,NA,2.9441
2022-02-10,9 day R,2020-03-12,DE,quantile,0.025,2.6695
2022-02-10,9 day R,2020-03-12,DE,quantile,0.975,3.2057
2022-02-10,9 day R,2020-03-13,DE,point,NA,2.9931
2022-02-10,9 day R,2020-03-13,DE,quantile,0.025,2.7229
2022-02-10,9 day R,2020-03-13,DE,quantile,0.975,3.2592
2022-02-10,9 day R,2020-03-14,DE,point,NA,3.0424
2022-02-10,9 day R,2020-03-14,DE,quantile,0.025,2.7805
2022-02-10,9 day R,2020-03-14,DE,quantile,0.975,3.3052
2022-02-10,9 day R,2020-03-15,DE,point,NA,3.0585
2022-02-10,9 day R,2020-03-15,DE,quantile,0.025,2.8007
2022-02-10,9 day R,2020-03-15,DE,quantile,0.975,3.3204
2022-02-10,9 day R,2020-03-16,DE,point,NA,3.0543
2022-02-10,9 day R,2020-03-16,DE,quantile,0.025,2.7949
2022-02-10,9 day R,2020-03-16,DE,quantile,0.975,3.3198
2022-02-10,9 day R,2020-03-17,DE,point,NA,3.0064
2022-02-10,9 day R,2020-03-17,DE,quantile,0.025,2.7467
2022-02-10,9 day R,2020-03-17,DE,quantile,0.975,3.2756
2022-02-10,9 day R,2020-03-18,DE,point,NA,2.9138
2022-02-10,9 day R,2020-03-18,DE,quantile,0.025,2.658
2022-02-10,9 day R,2020-03-18,DE,quantile,0.975,3.1763
2022-02-10,9 day R,2020-03-19,DE,point,NA,2.7764
2022-02-10,9 day R,2020-03-19,DE,quantile,0.025,2.526
2022-02-10,9 day R,2020-03-19,DE,quantile,0.975,3.0271
2022-02-10,9 day R,2020-03-20,DE,point,NA,2.6543
2022-02-10,9 day R,2020-03-20,DE,quantile,0.025,2.4064
2022-02-10,9 day R,2020-03-20,DE,quantile,0.975,2.9037
2022-02-10,9 day R,2020-03-21,DE,point,NA,2.5099
2022-02-10,9 day R,2020-03-21,DE,quantile,0.025,2.2627
2022-02-10,9 day R,2020-03-21,DE,quantile,0.975,2.7573
2022-02-10,9 day R,2020-03-22,DE,point,NA,2.3948
2022-02-10,9 day R,2020-03-22,DE,quantile,0.025,2.1474
2022-02-10,9 day R,2020-03-22,DE,quantile,0.975,2.6412
2022-02-10,9 day R,2020-03-23,DE,point,NA,2.3073
2022-02-10,9 day R,2020-03-23,DE,quantile,0.025,2.0603
2022-02-10,9 day R,2020-03-23,DE,quantile,0.975,2.5532
2022-02-10,9 day R,2020-03-24,DE,point,NA,2.1967
2022-02-10,9 day R,2020-03-24,DE,quantile,0.025,1.9476
2022-02-10,9 day R,2020-03-24,DE,quantile,0.975,2.4441
2022-02-10,9 day R,2020-03-25,DE,point,NA,2.0874
2022-02-10,9 day R,2020-03-25,DE,quantile,0.025,1.8399
2022-02-10,9 day R,2020-03-25,DE,quantile,0.975,2.3358
2022-02-10,9 day R,2020-03-26,DE,point,NA,2.0087
2022-02-10,9 day R,2020-03-26,DE,quantile,0.025,1.7581
2022-02-10,9 day R,2020-03-26,DE,quantile,0.975,2.2583
2022-02-10,9 day R,2020-03-27,DE,point,NA,1.9221
2022-02-10,9 day R,2020-03-27,DE,quantile,0.025,1.6753
2022-02-10,9 day R,2020-03-27,DE,quantile,0.975,2.1675
2022-02-10,9 day R,2020-03-28,DE,point,NA,1.8368
2022-02-10,9 day R,2020-03-28,DE,quantile,0.025,1.587
2022-02-10,9 day R,2020-03-28,DE,quantile,0.975,2.0858
2022-02-10,9 day R,2020-03-29,DE,point,NA,1.7232
2022-02-10,9 day R,2020-03-29,DE,quantile,0.025,1.4729
2022-02-10,9 day R,2020-03-29,DE,quantile,0.975,1.9706
2022-02-10,9 day R,2020-03-30,DE,point,NA,1.6181
2022-02-10,9 day R,2020-03-30,DE,quantile,0.025,1.3639
2022-02-10,9 day R,2020-03-30,DE,quantile,0.975,1.8678
2022-02-10,9 day R,2020-03-31,DE,point,NA,1.5174
2022-02-10,9 day R,2020-03-31,DE,quantile,0.025,1.2654
2022-02-10,9 day R,2020-03-31,DE,quantile,0.975,1.7649
2022-02-10,9 day R,2020-04-01,DE,point,NA,1.4225
2022-02-10,9 day R,2020-04-01,DE,quantile,0.025,1.1742
2022-02-10,9 day R,2020-04-01,DE,quantile,0.975,1.671
2022-02-10,9 day R,2020-04-02,DE,point,NA,1.3406
2022-02-10,9 day R,2020-04-02,DE,quantile,0.025,1.0895
2022-02-10,9 day R,2020-04-02,DE,quantile,0.975,1.5892
2022-02-10,9 day R,2020-04-03,DE,point,NA,1.2688
2022-02-10,9 day R,2020-04-03,DE,quantile,0.025,1.016
2022-02-10,9 day R,2020-04-03,DE,quantile,0.975,1.5162
2022-02-10,9 day R,2020-04-04,DE,point,NA,1.2092
2022-02-10,9 day R,2020-04-04,DE,quantile,0.025,0.9604
2022-02-10,9 day R,2020-04-04,DE,quantile,0.975,1.4534
2022-02-10,9 day R,2020-04-05,DE,point,NA,1.1486
2022-02-10,9 day R,2020-04-05,DE,quantile,0.025,0.9005
2022-02-10,9 day R,2020-04-05,DE,quantile,0.975,1.3919
2022-02-10,9 day R,2020-04-06,DE,point,NA,1.087
2022-02-10,9 day R,2020-04-06,DE,quantile,0.025,0.8404
2022-02-10,9 day R,2020-04-06,DE,quantile,0.975,1.3293
2022-02-10,9 day R,2020-04-07,DE,point,NA,1.0317
2022-02-10,9 day R,2020-04-07,DE,quantile,0.025,0.7827
2022-02-10,9 day R,2020-04-07,DE,quantile,0.975,1.2769
2022-02-10,9 day R,2020-04-08,DE,point,NA,0.9712
2022-02-10,9 day R,2020-04-08,DE,quantile,0.025,0.7255
2022-02-10,9 day R,2020-04-08,DE,quantile,0.975,1.2154
2022-02-10,9 day R,2020-04-09,DE,point,NA,0.9106
2022-02-10,9 day R,2020-04-09,DE,quantile,0.025,0.6649
2022-02-10,9 day R,2020-04-09,DE,quantile,0.975,1.1534
2022-02-10,9 day R,2020-04-10,DE,point,NA,0.8627
2022-02-10,9 day R,2020-04-10,DE,quantile,0.025,0.614
2022-02-10,9 day R,2020-04-10,DE,quantile,0.975,1.11
2022-02-10,9 day R,2020-04-11,DE,point,NA,0.8325
2022-02-10,9 day R,2020-04-11,DE,quantile,0.025,0.5827
2022-02-10,9 day R,2020-04-11,DE,quantile,0.975,1.0806
2022-02-10,9 day R,2020-04-12,DE,point,NA,0.8053
2022-02-10,9 day R,2020-04-12,DE,quantile,0.025,0.5572
2022-02-10,9 day R,2020-04-12,DE,quantile,0.975,1.0522
2022-02-10,9 day R,2020-04-13,DE,point,NA,0.7722
2022-02-10,9 day R,2020-04-13,DE,quantile,0.025,0.5253
2022-02-10,9 day R,2020-04-13,DE,quantile,0.975,1.02
2022-02-10,9 day R,2020-04-14,DE,point,NA,0.739
2022-02-10,9 day R,2020-04-14,DE,quantile,0.025,0.4889
2022-02-10,9 day R,2020-04-14,DE,quantile,0.975,0.9852
2022-02-10,9 day R,2020-04-15,DE,point,NA,0.719
2022-02-10,9 day R,2020-04-15,DE,quantile,0.025,0.4699
2022-02-10,9 day R,2020-04-15,DE,quantile,0.975,0.9679
2022-02-10,9 day R,2020-04-16,DE,point,NA,0.7054
2022-02-10,9 day R,2020-04-16,DE,quantile,0.025,0.4548
2022-02-10,9 day R,2020-04-16,DE,quantile,0.975,0.9545
2022-02-10,9 day R,2020-04-17,DE,point,NA,0.7022
2022-02-10,9 day R,2020-04-17,DE,quantile,0.025,0.4571
2022-02-10,9 day R,2020-04-17,DE,quantile,0.975,0.9498
2022-02-10,9 day R,2020-04-18,DE,point,NA,0.6939
2022-02-10,9 day R,2020-04-18,DE,quantile,0.025,0.449
2022-02-10,9 day R,2020-04-18,DE,quantile,0.975,0.9396
2022-02-10,9 day R,2020-04-19,DE,point,NA,0.6859
2022-02-10,9 day R,2020-04-19,DE,quantile,0.025,0.4383
2022-02-10,9 day R,2020-04-19,DE,quantile,0.975,0.9308
2022-02-10,9 day R,2020-04-20,DE,point,NA,0.6737
2022-02-10,9 day R,2020-04-20,DE,quantile,0.025,0.4245
2022-02-10,9 day R,2020-04-20,DE,quantile,0.975,0.9178
2022-02-10,9 day R,2020-04-21,DE,point,NA,0.6535
2022-02-10,9 day R,2020-04-21,DE,quantile,0.025,0.407
2022-02-10,9 day R,2020-04-21,DE,quantile,0.975,0.8988
2022-02-10,9 day R,2020-04-22,DE,point,NA,0.6387
2022-02-10,9 day R,2020-04-22,DE,quantile,0.025,0.3926
2022-02-10,9 day R,2020-04-22,DE,quantile,0.975,0.8859
2022-02-10,9 day R,2020-04-23,DE,point,NA,0.6292
2022-02-10,9 day R,2020-04-23,DE,quantile,0.025,0.3803
2022-02-10,9 day R,2020-04-23,DE,quantile,0.975,0.88
2022-02-10,9 day R,2020-04-24,DE,point,NA,0.6196
2022-02-10,9 day R,2020-04-24,DE,quantile,0.025,0.3723
2022-02-10,9 day R,2020-04-24,DE,quantile,0.975,0.8696
2022-02-10,9 day R,2020-04-25,DE,point,NA,0.6188
2022-02-10,9 day R,2020-04-25,DE,quantile,0.025,0.3728
2022-02-10,9 day R,2020-04-25,DE,quantile,0.975,0.8654
2022-02-10,9 day R,2020-04-26,DE,point,NA,0.6137
2022-02-10,9 day R,2020-04-26,DE,quantile,0.025,0.368
2022-02-10,9 day R,2020-04-26,DE,quantile,0.975,0.8613
2022-02-10,9 day R,2020-04-27,DE,point,NA,0.6039
2022-02-10,9 day R,2020-04-27,DE,quantile,0.025,0.3598
2022-02-10,9 day R,2020-04-27,DE,quantile,0.975,0.8498
2022-02-10,9 day R,2020-04-28,DE,point,NA,0.5917
2022-02-10,9 day R,2020-04-28,DE,quantile,0.025,0.3459
2022-02-10,9 day R,2020-04-28,DE,quantile,0.975,0.8394
2022-02-10,9 day R,2020-04-29,DE,point,NA,0.5799
2022-02-10,9 day R,2020-04-29,DE,quantile,0.025,0.3338
2022-02-10,9 day R,2020-04-29,DE,quantile,0.975,0.8286
2022-02-10,9 day R,2020-04-30,DE,point,NA,0.5694
2022-02-10,9 day R,2020-04-30,DE,quantile,0.025,0.3237
2022-02-10,9 day R,2020-04-30,DE,quantile,0.975,0.8168
2022-02-10,9 day R,2020-05-01,DE,point,NA,0.5632
2022-02-10,9 day R,2020-05-01,DE,quantile,0.025,0.3153
2022-02-10,9 day R,2020-05-01,DE,quantile,0.975,0.8093
2022-02-10,9 day R,2020-05-02,DE,point,NA,0.5678
2022-02-10,9 day R,2020-05-02,DE,quantile,0.025,0.3184
2022-02-10,9 day R,2020-05-02,DE,quantile,0.975,0.8158
2022-02-10,9 day R,2020-05-03,DE,point,NA,0.5744
2022-02-10,9 day R,2020-05-03,DE,quantile,0.025,0.3272
2022-02-10,9 day R,2020-05-03,DE,quantile,0.975,0.8243
2022-02-10,9 day R,2020-05-04,DE,point,NA,0.5815
2022-02-10,9 day R,2020-05-04,DE,quantile,0.025,0.331
2022-02-10,9 day R,2020-05-04,DE,quantile,0.975,0.829
2022-02-10,9 day R,2020-05-05,DE,point,NA,0.5905
2022-02-10,9 day R,2020-05-05,DE,quantile,0.025,0.3406
2022-02-10,9 day R,2020-05-05,DE,quantile,0.975,0.84
2022-02-10,9 day R,2020-05-06,DE,point,NA,0.6019
2022-02-10,9 day R,2020-05-06,DE,quantile,0.025,0.3524
2022-02-10,9 day R,2020-05-06,DE,quantile,0.975,0.8514
2022-02-10,9 day R,2020-05-07,DE,point,NA,0.6141
2022-02-10,9 day R,2020-05-07,DE,quantile,0.025,0.3631
2022-02-10,9 day R,2020-05-07,DE,quantile,0.975,0.861
2022-02-10,9 day R,2020-05-08,DE,point,NA,0.6172
2022-02-10,9 day R,2020-05-08,DE,quantile,0.025,0.3684
2022-02-10,9 day R,2020-05-08,DE,quantile,0.975,0.8654
2022-02-10,9 day R,2020-05-09,DE,point,NA,0.6179
2022-02-10,9 day R,2020-05-09,DE,quantile,0.025,0.3701
2022-02-10,9 day R,2020-05-09,DE,quantile,0.975,0.864
2022-02-10,9 day R,2020-05-10,DE,point,NA,0.6195
2022-02-10,9 day R,2020-05-10,DE,quantile,0.025,0.3714
2022-02-10,9 day R,2020-05-10,DE,quantile,0.975,0.8665
2022-02-10,9 day R,2020-05-11,DE,point,NA,0.6205
2022-02-10,9 day R,2020-05-11,DE,quantile,0.025,0.3716
2022-02-10,9 day R,2020-05-11,DE,quantile,0.975,0.8699
2022-02-10,9 day R,2020-05-12,DE,point,NA,0.6102
2022-02-10,9 day R,2020-05-12,DE,quantile,0.025,0.3638
2022-02-10,9 day R,2020-05-12,DE,quantile,0.975,0.8583
2022-02-10,9 day R,2020-05-13,DE,point,NA,0.6105
2022-02-10,9 day R,2020-05-13,DE,quantile,0.025,0.3609
2022-02-10,9 day R,2020-05-13,DE,quantile,0.975,0.8602
2022-02-10,9 day R,2020-05-14,DE,point,NA,0.6065
2022-02-10,9 day R,2020-05-14,DE,quantile,0.025,0.3585
2022-02-10,9 day R,2020-05-14,DE,quantile,0.975,0.8546
2022-02-10,9 day R,2020-05-15,DE,point,NA,0.623
2022-02-10,9 day R,2020-05-15,DE,quantile,0.025,0.3765
2022-02-10,9 day R,2020-05-15,DE,quantile,0.975,0.8703
2022-02-10,9 day R,2020-05-16,DE,point,NA,0.6471
2022-02-10,9 day R,2020-05-16,DE,quantile,0.025,0.4026
2022-02-10,9 day R,2020-05-16,DE,quantile,0.975,0.8944
2022-02-10,9 day R,2020-05-17,DE,point,NA,0.6701
2022-02-10,9 day R,2020-05-17,DE,quantile,0.025,0.4246
2022-02-10,9 day R,2020-05-17,DE,quantile,0.975,0.9165
2022-02-10,9 day R,2020-05-18,DE,point,NA,0.6844
2022-02-10,9 day R,2020-05-18,DE,quantile,0.025,0.4362
2022-02-10,9 day R,2020-05-18,DE,quantile,0.975,0.9315
2022-02-10,9 day R,2020-05-19,DE,point,NA,0.7066
2022-02-10,9 day R,2020-05-19,DE,quantile,0.025,0.4588
2022-02-10,9 day R,2020-05-19,DE,quantile,0.975,0.953
2022-02-10,9 day R,2020-05-20,DE,point,NA,0.6943
2022-02-10,9 day R,2020-05-20,DE,quantile,0.025,0.445
2022-02-10,9 day R,2020-05-20,DE,quantile,0.975,0.9413
2022-02-10,9 day R,2020-05-21,DE,point,NA,0.675
2022-02-10,9 day R,2020-05-21,DE,quantile,0.025,0.4252
2022-02-10,9 day R,2020-05-21,DE,quantile,0.975,0.9214
2022-02-10,9 day R,2020-05-22,DE,point,NA,0.6644
2022-02-10,9 day R,2020-05-22,DE,quantile,0.025,0.4166
2022-02-10,9 day R,2020-05-22,DE,quantile,0.975,0.9108
2022-02-10,9 day R,2020-05-23,DE,point,NA,0.66
2022-02-10,9 day R,2020-05-23,DE,quantile,0.025,0.4135
2022-02-10,9 day R,2020-05-23,DE,quantile,0.975,0.9069
2022-02-10,9 day R,2020-05-24,DE,point,NA,0.6651
2022-02-10,9 day R,2020-05-24,DE,quantile,0.025,0.4163
2022-02-10,9 day R,2020-05-24,DE,quantile,0.975,0.9126
2022-02-10,9 day R,2020-05-25,DE,point,NA,0.6725
2022-02-10,9 day R,2020-05-25,DE,quantile,0.025,0.4216
2022-02-10,9 day R,2020-05-25,DE,quantile,0.975,0.9197
2022-02-10,9 day R,2020-05-26,DE,point,NA,0.6792
2022-02-10,9 day R,2020-05-26,DE,quantile,0.025,0.4293
2022-02-10,9 day R,2020-05-26,DE,quantile,0.975,0.9264
2022-02-10,9 day R,2020-05-27,DE,point,NA,0.6862
2022-02-10,9 day R,2020-05-27,DE,quantile,0.025,0.4385
2022-02-10,9 day R,2020-05-27,DE,quantile,0.975,0.9355
2022-02-10,9 day R,2020-05-28,DE,point,NA,0.6972
2022-02-10,9 day R,2020-05-28,DE,quantile,0.025,0.4498
2022-02-10,9 day R,2020-05-28,DE,quantile,0.975,0.9491
2022-02-10,9 day R,2020-05-29,DE,point,NA,0.694
2022-02-10,9 day R,2020-05-29,DE,quantile,0.025,0.4469
2022-02-10,9 day R,2020-05-29,DE,quantile,0.975,0.9405
2022-02-10,9 day R,2020-05-30,DE,point,NA,0.6805
2022-02-10,9 day R,2020-05-30,DE,quantile,0.025,0.4333
2022-02-10,9 day R,2020-05-30,DE,quantile,0.975,0.9258
2022-02-10,9 day R,2020-05-31,DE,point,NA,0.6704
2022-02-10,9 day R,2020-05-31,DE,quantile,0.025,0.423
2022-02-10,9 day R,2020-05-31,DE,quantile,0.975,0.9152
2022-02-10,9 day R,2020-06-01,DE,point,NA,0.6674
2022-02-10,9 day R,2020-06-01,DE,quantile,0.025,0.4214
2022-02-10,9 day R,2020-06-01,DE,quantile,0.975,0.9148
2022-02-10,9 day R,2020-06-02,DE,point,NA,0.6698
2022-02-10,9 day R,2020-06-02,DE,quantile,0.025,0.4195
2022-02-10,9 day R,2020-06-02,DE,quantile,0.975,0.916
2022-02-10,9 day R,2020-06-03,DE,point,NA,0.693
2022-02-10,9 day R,2020-06-03,DE,quantile,0.025,0.4447
2022-02-10,9 day R,2020-06-03,DE,quantile,0.975,0.94
2022-02-10,9 day R,2020-06-04,DE,point,NA,0.719
2022-02-10,9 day R,2020-06-04,DE,quantile,0.025,0.4679
2022-02-10,9 day R,2020-06-04,DE,quantile,0.975,0.9664
2022-02-10,9 day R,2020-06-05,DE,point,NA,0.7566
2022-02-10,9 day R,2020-06-05,DE,quantile,0.025,0.5099
2022-02-10,9 day R,2020-06-05,DE,quantile,0.975,1.006
2022-02-10,9 day R,2020-06-06,DE,point,NA,0.7961
2022-02-10,9 day R,2020-06-06,DE,quantile,0.025,0.5477
2022-02-10,9 day R,2020-06-06,DE,quantile,0.975,1.0437
2022-02-10,9 day R,2020-06-07,DE,point,NA,0.8007
2022-02-10,9 day R,2020-06-07,DE,quantile,0.025,0.5538
2022-02-10,9 day R,2020-06-07,DE,quantile,0.975,1.0513
2022-02-10,9 day R,2020-06-08,DE,point,NA,0.7985
2022-02-10,9 day R,2020-06-08,DE,quantile,0.025,0.55
2022-02-10,9 day R,2020-06-08,DE,quantile,0.975,1.0439
2022-02-10,9 day R,2020-06-09,DE,point,NA,0.782
2022-02-10,9 day R,2020-06-09,DE,quantile,0.025,0.5323
2022-02-10,9 day R,2020-06-09,DE,quantile,0.975,1.0273
2022-02-10,9 day R,2020-06-10,DE,point,NA,0.7719
2022-02-10,9 day R,2020-06-10,DE,quantile,0.025,0.5241
2022-02-10,9 day R,2020-06-10,DE,quantile,0.975,1.0194
2022-02-10,9 day R,2020-06-11,DE,point,NA,0.7917
2022-02-10,9 day R,2020-06-11,DE,quantile,0.025,0.5397
2022-02-10,9 day R,2020-06-11,DE,quantile,0.975,1.0385
2022-02-10,9 day R,2020-06-12,DE,point,NA,0.8565
2022-02-10,9 day R,2020-06-12,DE,quantile,0.025,0.6056
2022-02-10,9 day R,2020-06-12,DE,quantile,0.975,1.101
2022-02-10,9 day R,2020-06-13,DE,point,NA,0.9032
2022-02-10,9 day R,2020-06-13,DE,quantile,0.025,0.6531
2022-02-10,9 day R,2020-06-13,DE,quantile,0.975,1.1506
2022-02-10,9 day R,2020-06-14,DE,point,NA,0.9773
2022-02-10,9 day R,2020-06-14,DE,quantile,0.025,0.7282
2022-02-10,9 day R,2020-06-14,DE,quantile,0.975,1.2231
2022-02-10,9 day R,2020-06-15,DE,point,NA,1.0588
2022-02-10,9 day R,2020-06-15,DE,quantile,0.025,0.8061
2022-02-10,9 day R,2020-06-15,DE,quantile,0.975,1.3103
2022-02-10,9 day R,2020-06-16,DE,point,NA,1.1567
2022-02-10,9 day R,2020-06-16,DE,quantile,0.025,0.905
2022-02-10,9 day R,2020-06-16,DE,quantile,0.975,1.4073
2022-02-10,9 day R,2020-06-17,DE,point,NA,1.2328
2022-02-10,9 day R,2020-06-17,DE,quantile,0.025,0.9835
2022-02-10,9 day R,2020-06-17,DE,quantile,0.975,1.4888
2022-02-10,9 day R,2020-06-18,DE,point,NA,1.2958
2022-02-10,9 day R,2020-06-18,DE,quantile,0.025,1.0419
2022-02-10,9 day R,2020-06-18,DE,quantile,0.975,1.5586
2022-02-10,9 day R,2020-06-19,DE,point,NA,1.2608
2022-02-10,9 day R,2020-06-19,DE,quantile,0.025,1.0113
2022-02-10,9 day R,2020-06-19,DE,quantile,0.975,1.5144
2022-02-10,9 day R,2020-06-20,DE,point,NA,1.2393
2022-02-10,9 day R,2020-06-20,DE,quantile,0.025,0.9916
2022-02-10,9 day R,2020-06-20,DE,quantile,0.975,1.4913
2022-02-10,9 day R,2020-06-21,DE,point,NA,1.2249
2022-02-10,9 day R,2020-06-21,DE,quantile,0.025,0.9753
2022-02-10,9 day R,2020-06-21,DE,quantile,0.975,1.4737
2022-02-10,9 day R,2020-06-22,DE,point,NA,1.1911
2022-02-10,9 day R,2020-06-22,DE,quantile,0.025,0.9459
2022-02-10,9 day R,2020-06-22,DE,quantile,0.975,1.4405
2022-02-10,9 day R,2020-06-23,DE,point,NA,1.1497
2022-02-10,9 day R,2020-06-23,DE,quantile,0.025,0.9063
2022-02-10,9 day R,2020-06-23,DE,quantile,0.975,1.3959
2022-02-10,9 day R,2020-06-24,DE,point,NA,1.0976
2022-02-10,9 day R,2020-06-24,DE,quantile,0.025,0.8519
2022-02-10,9 day R,2020-06-24,DE,quantile,0.975,1.3468
2022-02-10,9 day R,2020-06-25,DE,point,NA,1.0511
2022-02-10,9 day R,2020-06-25,DE,quantile,0.025,0.8033
2022-02-10,9 day R,2020-06-25,DE,quantile,0.975,1.2994
2022-02-10,9 day R,2020-06-26,DE,point,NA,1.0306
2022-02-10,9 day R,2020-06-26,DE,quantile,0.025,0.7805
2022-02-10,9 day R,2020-06-26,DE,quantile,0.975,1.2754
2022-02-10,9 day R,2020-06-27,DE,point,NA,1.0008
2022-02-10,9 day R,2020-06-27,DE,quantile,0.025,0.7516
2022-02-10,9 day R,2020-06-27,DE,quantile,0.975,1.2458
2022-02-10,9 day R,2020-06-28,DE,point,NA,0.9685
2022-02-10,9 day R,2020-06-28,DE,quantile,0.025,0.7203
2022-02-10,9 day R,2020-06-28,DE,quantile,0.975,1.2149
2022-02-10,9 day R,2020-06-29,DE,point,NA,0.9498
2022-02-10,9 day R,2020-06-29,DE,quantile,0.025,0.7011
2022-02-10,9 day R,2020-06-29,DE,quantile,0.975,1.1972
2022-02-10,9 day R,2020-06-30,DE,point,NA,0.9384
2022-02-10,9 day R,2020-06-30,DE,quantile,0.025,0.6875
2022-02-10,9 day R,2020-06-30,DE,quantile,0.975,1.183
2022-02-10,9 day R,2020-07-01,DE,point,NA,0.9351
2022-02-10,9 day R,2020-07-01,DE,quantile,0.025,0.685
2022-02-10,9 day R,2020-07-01,DE,quantile,0.975,1.1804
2022-02-10,9 day R,2020-07-02,DE,point,NA,0.9243
2022-02-10,9 day R,2020-07-02,DE,quantile,0.025,0.6768
2022-02-10,9 day R,2020-07-02,DE,quantile,0.975,1.1685
2022-02-10,9 day R,2020-07-03,DE,point,NA,0.9228
2022-02-10,9 day R,2020-07-03,DE,quantile,0.025,0.67490000000000006
2022-02-10,9 day R,2020-07-03,DE,quantile,0.975,1.1683
2022-02-10,9 day R,2020-07-04,DE,point,NA,0.9315
2022-02-10,9 day R,2020-07-04,DE,quantile,0.025,0.6827
2022-02-10,9 day R,2020-07-04,DE,quantile,0.975,1.1804
2022-02-10,9 day R,2020-07-05,DE,point,NA,0.9319
2022-02-10,9 day R,2020-07-05,DE,quantile,0.025,0.6834
2022-02-10,9 day R,2020-07-05,DE,quantile,0.975,1.1749
2022-02-10,9 day R,2020-07-06,DE,point,NA,0.9233
2022-02-10,9 day R,2020-07-06,DE,quantile,0.025,0.677
2022-02-10,9 day R,2020-07-06,DE,quantile,0.975,1.1699
2022-02-10,9 day R,2020-07-07,DE,point,NA,0.8939
2022-02-10,9 day R,2020-07-07,DE,quantile,0.025,0.6469
2022-02-10,9 day R,2020-07-07,DE,quantile,0.975,1.1396
2022-02-10,9 day R,2020-07-08,DE,point,NA,0.8757
2022-02-10,9 day R,2020-07-08,DE,quantile,0.025,0.6274
2022-02-10,9 day R,2020-07-08,DE,quantile,0.975,1.1232
2022-02-10,9 day R,2020-07-09,DE,point,NA,0.8688
2022-02-10,9 day R,2020-07-09,DE,quantile,0.025,0.6158
2022-02-10,9 day R,2020-07-09,DE,quantile,0.975,1.1159
2022-02-10,9 day R,2020-07-10,DE,point,NA,0.8844
2022-02-10,9 day R,2020-07-10,DE,quantile,0.025,0.6342
2022-02-10,9 day R,2020-07-10,DE,quantile,0.975,1.1327
2022-02-10,9 day R,2020-07-11,DE,point,NA,0.9137
2022-02-10,9 day R,2020-07-11,DE,quantile,0.025,0.6652
2022-02-10,9 day R,2020-07-11,DE,quantile,0.975,1.16
2022-02-10,9 day R,2020-07-12,DE,point,NA,0.9364
2022-02-10,9 day R,2020-07-12,DE,quantile,0.025,0.6917
2022-02-10,9 day R,2020-07-12,DE,quantile,0.975,1.1841
2022-02-10,9 day R,2020-07-13,DE,point,NA,0.9589
2022-02-10,9 day R,2020-07-13,DE,quantile,0.025,0.7092
2022-02-10,9 day R,2020-07-13,DE,quantile,0.975,1.2048
2022-02-10,9 day R,2020-07-14,DE,point,NA,0.9995
2022-02-10,9 day R,2020-07-14,DE,quantile,0.025,0.7478
2022-02-10,9 day R,2020-07-14,DE,quantile,0.975,1.2455
2022-02-10,9 day R,2020-07-15,DE,point,NA,1.0464
2022-02-10,9 day R,2020-07-15,DE,quantile,0.025,0.7987
2022-02-10,9 day R,2020-07-15,DE,quantile,0.975,1.2973
2022-02-10,9 day R,2020-07-16,DE,point,NA,1.0929
2022-02-10,9 day R,2020-07-16,DE,quantile,0.025,0.8444
2022-02-10,9 day R,2020-07-16,DE,quantile,0.975,1.3424
2022-02-10,9 day R,2020-07-17,DE,point,NA,1.1264
2022-02-10,9 day R,2020-07-17,DE,quantile,0.025,0.8793
2022-02-10,9 day R,2020-07-17,DE,quantile,0.975,1.3729
2022-02-10,9 day R,2020-07-18,DE,point,NA,1.1484
2022-02-10,9 day R,2020-07-18,DE,quantile,0.025,0.902
2022-02-10,9 day R,2020-07-18,DE,quantile,0.975,1.3948
2022-02-10,9 day R,2020-07-19,DE,point,NA,1.1731
2022-02-10,9 day R,2020-07-19,DE,quantile,0.025,0.9266
2022-02-10,9 day R,2020-07-19,DE,quantile,0.975,1.4232
2022-02-10,9 day R,2020-07-20,DE,point,NA,1.1921
2022-02-10,9 day R,2020-07-20,DE,quantile,0.025,0.9455
2022-02-10,9 day R,2020-07-20,DE,quantile,0.975,1.4418
2022-02-10,9 day R,2020-07-21,DE,point,NA,1.1984
2022-02-10,9 day R,2020-07-21,DE,quantile,0.025,0.9547
2022-02-10,9 day R,2020-07-21,DE,quantile,0.975,1.447
2022-02-10,9 day R,2020-07-22,DE,point,NA,1.2114
2022-02-10,9 day R,2020-07-22,DE,quantile,0.025,0.9638
2022-02-10,9 day R,2020-07-22,DE,quantile,0.975,1.4597
2022-02-10,9 day R,2020-07-23,DE,point,NA,1.2302
2022-02-10,9 day R,2020-07-23,DE,quantile,0.025,0.982
2022-02-10,9 day R,2020-07-23,DE,quantile,0.975,1.4768
2022-02-10,9 day R,2020-07-24,DE,point,NA,1.2548
2022-02-10,9 day R,2020-07-24,DE,quantile,0.025,1.01
2022-02-10,9 day R,2020-07-24,DE,quantile,0.975,1.5028
2022-02-10,9 day R,2020-07-25,DE,point,NA,1.2675
2022-02-10,9 day R,2020-07-25,DE,quantile,0.025,1.0225
2022-02-10,9 day R,2020-07-25,DE,quantile,0.975,1.5152
2022-02-10,9 day R,2020-07-26,DE,point,NA,1.2644
2022-02-10,9 day R,2020-07-26,DE,quantile,0.025,1.0177
2022-02-10,9 day R,2020-07-26,DE,quantile,0.975,1.5113
2022-02-10,9 day R,2020-07-27,DE,point,NA,1.2575
2022-02-10,9 day R,2020-07-27,DE,quantile,0.025,1.0116
2022-02-10,9 day R,2020-07-27,DE,quantile,0.975,1.4998
2022-02-10,9 day R,2020-07-28,DE,point,NA,1.2763
2022-02-10,9 day R,2020-07-28,DE,quantile,0.025,1.0313
2022-02-10,9 day R,2020-07-28,DE,quantile,0.975,1.5202
2022-02-10,9 day R,2020-07-29,DE,point,NA,1.2911
2022-02-10,9 day R,2020-07-29,DE,quantile,0.025,1.0455
2022-02-10,9 day R,2020-07-29,DE,quantile,0.975,1.5352
2022-02-10,9 day R,2020-07-30,DE,point,NA,1.3005
2022-02-10,9 day R,2020-07-30,DE,quantile,0.025,1.056
2022-02-10,9 day R,2020-07-30,DE,quantile,0.975,1.5444
2022-02-10,9 day R,2020-07-31,DE,point,NA,1.2914
2022-02-10,9 day R,2020-07-31,DE,quantile,0.025,1.0534
2022-02-10,9 day R,2020-07-31,DE,quantile,0.975,1.5356
2022-02-10,9 day R,2020-08-01,DE,point,NA,1.285
2022-02-10,9 day R,2020-08-01,DE,quantile,0.025,1.0421
2022-02-10,9 day R,2020-08-01,DE,quantile,0.975,1.5296
2022-02-10,9 day R,2020-08-02,DE,point,NA,1.284
2022-02-10,9 day R,2020-08-02,DE,quantile,0.025,1.0421
2022-02-10,9 day R,2020-08-02,DE,quantile,0.975,1.5292
2022-02-10,9 day R,2020-08-03,DE,point,NA,1.2988
2022-02-10,9 day R,2020-08-03,DE,quantile,0.025,1.0542
2022-02-10,9 day R,2020-08-03,DE,quantile,0.975,1.5441
2022-02-10,9 day R,2020-08-04,DE,point,NA,1.3099
2022-02-10,9 day R,2020-08-04,DE,quantile,0.025,1.0644
2022-02-10,9 day R,2020-08-04,DE,quantile,0.975,1.5559
2022-02-10,9 day R,2020-08-05,DE,point,NA,1.3215
2022-02-10,9 day R,2020-08-05,DE,quantile,0.025,1.0734
2022-02-10,9 day R,2020-08-05,DE,quantile,0.975,1.5666
2022-02-10,9 day R,2020-08-06,DE,point,NA,1.3101
2022-02-10,9 day R,2020-08-06,DE,quantile,0.025,1.061
2022-02-10,9 day R,2020-08-06,DE,quantile,0.975,1.5595
2022-02-10,9 day R,2020-08-07,DE,point,NA,1.3094
2022-02-10,9 day R,2020-08-07,DE,quantile,0.025,1.0616
2022-02-10,9 day R,2020-08-07,DE,quantile,0.975,1.5562
2022-02-10,9 day R,2020-08-08,DE,point,NA,1.307
2022-02-10,9 day R,2020-08-08,DE,quantile,0.025,1.0628
2022-02-10,9 day R,2020-08-08,DE,quantile,0.975,1.5507
2022-02-10,9 day R,2020-08-09,DE,point,NA,1.3088
2022-02-10,9 day R,2020-08-09,DE,quantile,0.025,1.0624
2022-02-10,9 day R,2020-08-09,DE,quantile,0.975,1.5569
2022-02-10,9 day R,2020-08-10,DE,point,NA,1.3167
2022-02-10,9 day R,2020-08-10,DE,quantile,0.025,1.0692
2022-02-10,9 day R,2020-08-10,DE,quantile,0.975,1.5678
2022-02-10,9 day R,2020-08-11,DE,point,NA,1.3191
2022-02-10,9 day R,2020-08-11,DE,quantile,0.025,1.0717
2022-02-10,9 day R,2020-08-11,DE,quantile,0.975,1.5665
2022-02-10,9 day R,2020-08-12,DE,point,NA,1.3167
2022-02-10,9 day R,2020-08-12,DE,quantile,0.025,1.0674
2022-02-10,9 day R,2020-08-12,DE,quantile,0.975,1.5643
2022-02-10,9 day R,2020-08-13,DE,point,NA,1.3132
2022-02-10,9 day R,2020-08-13,DE,quantile,0.025,1.0658
2022-02-10,9 day R,2020-08-13,DE,quantile,0.975,1.5605
2022-02-10,9 day R,2020-08-14,DE,point,NA,1.3035
2022-02-10,9 day R,2020-08-14,DE,quantile,0.025,1.0586
2022-02-10,9 day R,2020-08-14,DE,quantile,0.975,1.5495
2022-02-10,9 day R,2020-08-15,DE,point,NA,1.2909
2022-02-10,9 day R,2020-08-15,DE,quantile,0.025,1.0477
2022-02-10,9 day R,2020-08-15,DE,quantile,0.975,1.5384
2022-02-10,9 day R,2020-08-16,DE,point,NA,1.2896
2022-02-10,9 day R,2020-08-16,DE,quantile,0.025,1.0454
2022-02-10,9 day R,2020-08-16,DE,quantile,0.975,1.5374
2022-02-10,9 day R,2020-08-17,DE,point,NA,1.2907
2022-02-10,9 day R,2020-08-17,DE,quantile,0.025,1.0435
2022-02-10,9 day R,2020-08-17,DE,quantile,0.975,1.5386
2022-02-10,9 day R,2020-08-18,DE,point,NA,1.2777
2022-02-10,9 day R,2020-08-18,DE,quantile,0.025,1.0269
2022-02-10,9 day R,2020-08-18,DE,quantile,0.975,1.5262
2022-02-10,9 day R,2020-08-19,DE,point,NA,1.255
2022-02-10,9 day R,2020-08-19,DE,quantile,0.025,1.0091
2022-02-10,9 day R,2020-08-19,DE,quantile,0.975,1.5023
2022-02-10,9 day R,2020-08-20,DE,point,NA,1.2305
2022-02-10,9 day R,2020-08-20,DE,quantile,0.025,0.9831
2022-02-10,9 day R,2020-08-20,DE,quantile,0.975,1.4775
2022-02-10,9 day R,2020-08-21,DE,point,NA,1.207
2022-02-10,9 day R,2020-08-21,DE,quantile,0.025,0.9612
2022-02-10,9 day R,2020-08-21,DE,quantile,0.975,1.4521
2022-02-10,9 day R,2020-08-22,DE,point,NA,1.1824
2022-02-10,9 day R,2020-08-22,DE,quantile,0.025,0.9339
2022-02-10,9 day R,2020-08-22,DE,quantile,0.975,1.428
2022-02-10,9 day R,2020-08-23,DE,point,NA,1.1626
2022-02-10,9 day R,2020-08-23,DE,quantile,0.025,0.9151
2022-02-10,9 day R,2020-08-23,DE,quantile,0.975,1.407
2022-02-10,9 day R,2020-08-24,DE,point,NA,1.1411
2022-02-10,9 day R,2020-08-24,DE,quantile,0.025,0.8946
2022-02-10,9 day R,2020-08-24,DE,quantile,0.975,1.3857
2022-02-10,9 day R,2020-08-25,DE,point,NA,1.1199
2022-02-10,9 day R,2020-08-25,DE,quantile,0.025,0.8702
2022-02-10,9 day R,2020-08-25,DE,quantile,0.975,1.3638
2022-02-10,9 day R,2020-08-26,DE,point,NA,1.0938
2022-02-10,9 day R,2020-08-26,DE,quantile,0.025,0.8466
2022-02-10,9 day R,2020-08-26,DE,quantile,0.975,1.3431
2022-02-10,9 day R,2020-08-27,DE,point,NA,1.074
2022-02-10,9 day R,2020-08-27,DE,quantile,0.025,0.829
2022-02-10,9 day R,2020-08-27,DE,quantile,0.975,1.3216
2022-02-10,9 day R,2020-08-28,DE,point,NA,1.0576
2022-02-10,9 day R,2020-08-28,DE,quantile,0.025,0.8128
2022-02-10,9 day R,2020-08-28,DE,quantile,0.975,1.3078
2022-02-10,9 day R,2020-08-29,DE,point,NA,1.045
2022-02-10,9 day R,2020-08-29,DE,quantile,0.025,0.7979
2022-02-10,9 day R,2020-08-29,DE,quantile,0.975,1.2938
2022-02-10,9 day R,2020-08-30,DE,point,NA,1.0373000000000001
2022-02-10,9 day R,2020-08-30,DE,quantile,0.025,0.7871
2022-02-10,9 day R,2020-08-30,DE,quantile,0.975,1.2876
2022-02-10,9 day R,2020-08-31,DE,point,NA,1.0336
2022-02-10,9 day R,2020-08-31,DE,quantile,0.025,0.7838
2022-02-10,9 day R,2020-08-31,DE,quantile,0.975,1.2819
2022-02-10,9 day R,2020-09-01,DE,point,NA,1.0316
2022-02-10,9 day R,2020-09-01,DE,quantile,0.025,0.7827
2022-02-10,9 day R,2020-09-01,DE,quantile,0.975,1.2803
2022-02-10,9 day R,2020-09-02,DE,point,NA,1.0323
2022-02-10,9 day R,2020-09-02,DE,quantile,0.025,0.7873
2022-02-10,9 day R,2020-09-02,DE,quantile,0.975,1.2783
2022-02-10,9 day R,2020-09-03,DE,point,NA,1.0354
2022-02-10,9 day R,2020-09-03,DE,quantile,0.025,0.7888
2022-02-10,9 day R,2020-09-03,DE,quantile,0.975,1.282
2022-02-10,9 day R,2020-09-04,DE,point,NA,1.0462
2022-02-10,9 day R,2020-09-04,DE,quantile,0.025,0.7977
2022-02-10,9 day R,2020-09-04,DE,quantile,0.975,1.2912
2022-02-10,9 day R,2020-09-05,DE,point,NA,1.0619
2022-02-10,9 day R,2020-09-05,DE,quantile,0.025,0.815
2022-02-10,9 day R,2020-09-05,DE,quantile,0.975,1.3114
2022-02-10,9 day R,2020-09-06,DE,point,NA,1.0816
2022-02-10,9 day R,2020-09-06,DE,quantile,0.025,0.8353
2022-02-10,9 day R,2020-09-06,DE,quantile,0.975,1.3292
2022-02-10,9 day R,2020-09-07,DE,point,NA,1.0984
2022-02-10,9 day R,2020-09-07,DE,quantile,0.025,0.8497
2022-02-10,9 day R,2020-09-07,DE,quantile,0.975,1.3455
2022-02-10,9 day R,2020-09-08,DE,point,NA,1.0976
2022-02-10,9 day R,2020-09-08,DE,quantile,0.025,0.8482
2022-02-10,9 day R,2020-09-08,DE,quantile,0.975,1.3484
2022-02-10,9 day R,2020-09-09,DE,point,NA,1.1001
2022-02-10,9 day R,2020-09-09,DE,quantile,0.025,0.8516
2022-02-10,9 day R,2020-09-09,DE,quantile,0.975,1.3485
2022-02-10,9 day R,2020-09-10,DE,point,NA,1.1063
2022-02-10,9 day R,2020-09-10,DE,quantile,0.025,0.8603
2022-02-10,9 day R,2020-09-10,DE,quantile,0.975,1.3534
2022-02-10,9 day R,2020-09-11,DE,point,NA,1.1146
2022-02-10,9 day R,2020-09-11,DE,quantile,0.025,0.8658
2022-02-10,9 day R,2020-09-11,DE,quantile,0.975,1.365
2022-02-10,9 day R,2020-09-12,DE,point,NA,1.1304
2022-02-10,9 day R,2020-09-12,DE,quantile,0.025,0.8796
2022-02-10,9 day R,2020-09-12,DE,quantile,0.975,1.3817
2022-02-10,9 day R,2020-09-13,DE,point,NA,1.1435
2022-02-10,9 day R,2020-09-13,DE,quantile,0.025,0.8924
2022-02-10,9 day R,2020-09-13,DE,quantile,0.975,1.3926
2022-02-10,9 day R,2020-09-14,DE,point,NA,1.1527
2022-02-10,9 day R,2020-09-14,DE,quantile,0.025,0.9011
2022-02-10,9 day R,2020-09-14,DE,quantile,0.975,1.4021
2022-02-10,9 day R,2020-09-15,DE,point,NA,1.1711
2022-02-10,9 day R,2020-09-15,DE,quantile,0.025,0.9253
2022-02-10,9 day R,2020-09-15,DE,quantile,0.975,1.4207
2022-02-10,9 day R,2020-09-16,DE,point,NA,1.1817
2022-02-10,9 day R,2020-09-16,DE,quantile,0.025,0.9332
2022-02-10,9 day R,2020-09-16,DE,quantile,0.975,1.4335
2022-02-10,9 day R,2020-09-17,DE,point,NA,1.188
2022-02-10,9 day R,2020-09-17,DE,quantile,0.025,0.9432
2022-02-10,9 day R,2020-09-17,DE,quantile,0.975,1.437
2022-02-10,9 day R,2020-09-18,DE,point,NA,1.1898
2022-02-10,9 day R,2020-09-18,DE,quantile,0.025,0.9453
2022-02-10,9 day R,2020-09-18,DE,quantile,0.975,1.4365
2022-02-10,9 day R,2020-09-19,DE,point,NA,1.1857
2022-02-10,9 day R,2020-09-19,DE,quantile,0.025,0.9393
2022-02-10,9 day R,2020-09-19,DE,quantile,0.975,1.4286
2022-02-10,9 day R,2020-09-20,DE,point,NA,1.1682
2022-02-10,9 day R,2020-09-20,DE,quantile,0.025,0.9224
2022-02-10,9 day R,2020-09-20,DE,quantile,0.975,1.4154
2022-02-10,9 day R,2020-09-21,DE,point,NA,1.1506
2022-02-10,9 day R,2020-09-21,DE,quantile,0.025,0.9
2022-02-10,9 day R,2020-09-21,DE,quantile,0.975,1.3986
2022-02-10,9 day R,2020-09-22,DE,point,NA,1.1478
2022-02-10,9 day R,2020-09-22,DE,quantile,0.025,0.9019
2022-02-10,9 day R,2020-09-22,DE,quantile,0.975,1.3942
2022-02-10,9 day R,2020-09-23,DE,point,NA,1.1457
2022-02-10,9 day R,2020-09-23,DE,quantile,0.025,0.8976
2022-02-10,9 day R,2020-09-23,DE,quantile,0.975,1.3897
2022-02-10,9 day R,2020-09-24,DE,point,NA,1.1604
2022-02-10,9 day R,2020-09-24,DE,quantile,0.025,0.9116
2022-02-10,9 day R,2020-09-24,DE,quantile,0.975,1.4068
2022-02-10,9 day R,2020-09-25,DE,point,NA,1.175
2022-02-10,9 day R,2020-09-25,DE,quantile,0.025,0.9243
2022-02-10,9 day R,2020-09-25,DE,quantile,0.975,1.4224
2022-02-10,9 day R,2020-09-26,DE,point,NA,1.187
2022-02-10,9 day R,2020-09-26,DE,quantile,0.025,0.9352
2022-02-10,9 day R,2020-09-26,DE,quantile,0.975,1.4357
2022-02-10,9 day R,2020-09-27,DE,point,NA,1.2014
2022-02-10,9 day R,2020-09-27,DE,quantile,0.025,0.9534
2022-02-10,9 day R,2020-09-27,DE,quantile,0.975,1.4498
2022-02-10,9 day R,2020-09-28,DE,point,NA,1.211
2022-02-10,9 day R,2020-09-28,DE,quantile,0.025,0.9601
2022-02-10,9 day R,2020-09-28,DE,quantile,0.975,1.4606
2022-02-10,9 day R,2020-09-29,DE,point,NA,1.2221
2022-02-10,9 day R,2020-09-29,DE,quantile,0.025,0.9724
2022-02-10,9 day R,2020-09-29,DE,quantile,0.975,1.4714
2022-02-10,9 day R,2020-09-30,DE,point,NA,1.2383
2022-02-10,9 day R,2020-09-30,DE,quantile,0.025,0.9897
2022-02-10,9 day R,2020-09-30,DE,quantile,0.975,1.4839
2022-02-10,9 day R,2020-10-01,DE,point,NA,1.26
2022-02-10,9 day R,2020-10-01,DE,quantile,0.025,1.0123
2022-02-10,9 day R,2020-10-01,DE,quantile,0.975,1.5036
2022-02-10,9 day R,2020-10-02,DE,point,NA,1.2894
2022-02-10,9 day R,2020-10-02,DE,quantile,0.025,1.0409
2022-02-10,9 day R,2020-10-02,DE,quantile,0.975,1.5376
2022-02-10,9 day R,2020-10-03,DE,point,NA,1.3201
2022-02-10,9 day R,2020-10-03,DE,quantile,0.025,1.073
2022-02-10,9 day R,2020-10-03,DE,quantile,0.975,1.5666
2022-02-10,9 day R,2020-10-04,DE,point,NA,1.3555
2022-02-10,9 day R,2020-10-04,DE,quantile,0.025,1.107
2022-02-10,9 day R,2020-10-04,DE,quantile,0.975,1.6032
2022-02-10,9 day R,2020-10-05,DE,point,NA,1.392
2022-02-10,9 day R,2020-10-05,DE,quantile,0.025,1.142
2022-02-10,9 day R,2020-10-05,DE,quantile,0.975,1.64
2022-02-10,9 day R,2020-10-06,DE,point,NA,1.4308
2022-02-10,9 day R,2020-10-06,DE,quantile,0.025,1.1777
2022-02-10,9 day R,2020-10-06,DE,quantile,0.975,1.6793
2022-02-10,9 day R,2020-10-07,DE,point,NA,1.4758
2022-02-10,9 day R,2020-10-07,DE,quantile,0.025,1.2273
2022-02-10,9 day R,2020-10-07,DE,quantile,0.975,1.7243
2022-02-10,9 day R,2020-10-08,DE,point,NA,1.5161
2022-02-10,9 day R,2020-10-08,DE,quantile,0.025,1.2667
2022-02-10,9 day R,2020-10-08,DE,quantile,0.975,1.766
2022-02-10,9 day R,2020-10-09,DE,point,NA,1.5383
2022-02-10,9 day R,2020-10-09,DE,quantile,0.025,1.2885
2022-02-10,9 day R,2020-10-09,DE,quantile,0.975,1.7898
2022-02-10,9 day R,2020-10-10,DE,point,NA,1.5603
2022-02-10,9 day R,2020-10-10,DE,quantile,0.025,1.3088
2022-02-10,9 day R,2020-10-10,DE,quantile,0.975,1.8127
2022-02-10,9 day R,2020-10-11,DE,point,NA,1.5875
2022-02-10,9 day R,2020-10-11,DE,quantile,0.025,1.3373
2022-02-10,9 day R,2020-10-11,DE,quantile,0.975,1.8373
2022-02-10,9 day R,2020-10-12,DE,point,NA,1.6133
2022-02-10,9 day R,2020-10-12,DE,quantile,0.025,1.3645
2022-02-10,9 day R,2020-10-12,DE,quantile,0.975,1.8613
2022-02-10,9 day R,2020-10-13,DE,point,NA,1.6144
2022-02-10,9 day R,2020-10-13,DE,quantile,0.025,1.3697
2022-02-10,9 day R,2020-10-13,DE,quantile,0.975,1.8588
2022-02-10,9 day R,2020-10-14,DE,point,NA,1.6187
2022-02-10,9 day R,2020-10-14,DE,quantile,0.025,1.3715
2022-02-10,9 day R,2020-10-14,DE,quantile,0.975,1.8648
2022-02-10,9 day R,2020-10-15,DE,point,NA,1.6201
2022-02-10,9 day R,2020-10-15,DE,quantile,0.025,1.3748
2022-02-10,9 day R,2020-10-15,DE,quantile,0.975,1.8663
2022-02-10,9 day R,2020-10-16,DE,point,NA,1.6083
2022-02-10,9 day R,2020-10-16,DE,quantile,0.025,1.3641
2022-02-10,9 day R,2020-10-16,DE,quantile,0.975,1.8539
2022-02-10,9 day R,2020-10-17,DE,point,NA,1.6003
2022-02-10,9 day R,2020-10-17,DE,quantile,0.025,1.353
2022-02-10,9 day R,2020-10-17,DE,quantile,0.975,1.8457
2022-02-10,9 day R,2020-10-18,DE,point,NA,1.5994
2022-02-10,9 day R,2020-10-18,DE,quantile,0.025,1.3532
2022-02-10,9 day R,2020-10-18,DE,quantile,0.975,1.8448
2022-02-10,9 day R,2020-10-19,DE,point,NA,1.6088
2022-02-10,9 day R,2020-10-19,DE,quantile,0.025,1.3628
2022-02-10,9 day R,2020-10-19,DE,quantile,0.975,1.8567
2022-02-10,9 day R,2020-10-20,DE,point,NA,1.6171
2022-02-10,9 day R,2020-10-20,DE,quantile,0.025,1.3707
2022-02-10,9 day R,2020-10-20,DE,quantile,0.975,1.8662
2022-02-10,9 day R,2020-10-21,DE,point,NA,1.6126
2022-02-10,9 day R,2020-10-21,DE,quantile,0.025,1.3657
2022-02-10,9 day R,2020-10-21,DE,quantile,0.975,1.8601
2022-02-10,9 day R,2020-10-22,DE,point,NA,1.6003
2022-02-10,9 day R,2020-10-22,DE,quantile,0.025,1.3518
2022-02-10,9 day R,2020-10-22,DE,quantile,0.975,1.8468
2022-02-10,9 day R,2020-10-23,DE,point,NA,1.6294
2022-02-10,9 day R,2020-10-23,DE,quantile,0.025,1.3833
2022-02-10,9 day R,2020-10-23,DE,quantile,0.975,1.8769
2022-02-10,9 day R,2020-10-24,DE,point,NA,1.6421
2022-02-10,9 day R,2020-10-24,DE,quantile,0.025,1.3946
2022-02-10,9 day R,2020-10-24,DE,quantile,0.975,1.892
2022-02-10,9 day R,2020-10-25,DE,point,NA,1.6383
2022-02-10,9 day R,2020-10-25,DE,quantile,0.025,1.3901
2022-02-10,9 day R,2020-10-25,DE,quantile,0.975,1.8871
2022-02-10,9 day R,2020-10-26,DE,point,NA,1.6196
2022-02-10,9 day R,2020-10-26,DE,quantile,0.025,1.3713
2022-02-10,9 day R,2020-10-26,DE,quantile,0.975,1.8674
2022-02-10,9 day R,2020-10-27,DE,point,NA,1.6063
2022-02-10,9 day R,2020-10-27,DE,quantile,0.025,1.3574
2022-02-10,9 day R,2020-10-27,DE,quantile,0.975,1.8547
2022-02-10,9 day R,2020-10-28,DE,point,NA,1.5873
2022-02-10,9 day R,2020-10-28,DE,quantile,0.025,1.3385
2022-02-10,9 day R,2020-10-28,DE,quantile,0.975,1.8351
2022-02-10,9 day R,2020-10-29,DE,point,NA,1.5827
2022-02-10,9 day R,2020-10-29,DE,quantile,0.025,1.3362
2022-02-10,9 day R,2020-10-29,DE,quantile,0.975,1.829
2022-02-10,9 day R,2020-10-30,DE,point,NA,1.5637
2022-02-10,9 day R,2020-10-30,DE,quantile,0.025,1.32
2022-02-10,9 day R,2020-10-30,DE,quantile,0.975,1.8088
2022-02-10,9 day R,2020-10-31,DE,point,NA,1.5434
2022-02-10,9 day R,2020-10-31,DE,quantile,0.025,1.2979
2022-02-10,9 day R,2020-10-31,DE,quantile,0.975,1.79
2022-02-10,9 day R,2020-11-01,DE,point,NA,1.5216
2022-02-10,9 day R,2020-11-01,DE,quantile,0.025,1.274
2022-02-10,9 day R,2020-11-01,DE,quantile,0.975,1.7665
2022-02-10,9 day R,2020-11-02,DE,point,NA,1.4926
2022-02-10,9 day R,2020-11-02,DE,quantile,0.025,1.2455
2022-02-10,9 day R,2020-11-02,DE,quantile,0.975,1.7386
2022-02-10,9 day R,2020-11-03,DE,point,NA,1.4313
2022-02-10,9 day R,2020-11-03,DE,quantile,0.025,1.1846
2022-02-10,9 day R,2020-11-03,DE,quantile,0.975,1.677
2022-02-10,9 day R,2020-11-04,DE,point,NA,1.4122
2022-02-10,9 day R,2020-11-04,DE,quantile,0.025,1.1661
2022-02-10,9 day R,2020-11-04,DE,quantile,0.975,1.6607
2022-02-10,9 day R,2020-11-05,DE,point,NA,1.3679
2022-02-10,9 day R,2020-11-05,DE,quantile,0.025,1.1209
2022-02-10,9 day R,2020-11-05,DE,quantile,0.975,1.6125
2022-02-10,9 day R,2020-11-06,DE,point,NA,1.3216
2022-02-10,9 day R,2020-11-06,DE,quantile,0.025,1.075
2022-02-10,9 day R,2020-11-06,DE,quantile,0.975,1.5688
2022-02-10,9 day R,2020-11-07,DE,point,NA,1.2809
2022-02-10,9 day R,2020-11-07,DE,quantile,0.025,1.032
2022-02-10,9 day R,2020-11-07,DE,quantile,0.975,1.5282
2022-02-10,9 day R,2020-11-08,DE,point,NA,1.2458
2022-02-10,9 day R,2020-11-08,DE,quantile,0.025,0.999
2022-02-10,9 day R,2020-11-08,DE,quantile,0.975,1.4924
2022-02-10,9 day R,2020-11-09,DE,point,NA,1.2019
2022-02-10,9 day R,2020-11-09,DE,quantile,0.025,0.9555
2022-02-10,9 day R,2020-11-09,DE,quantile,0.975,1.4452
2022-02-10,9 day R,2020-11-10,DE,point,NA,1.1941
2022-02-10,9 day R,2020-11-10,DE,quantile,0.025,0.9464
2022-02-10,9 day R,2020-11-10,DE,quantile,0.975,1.4426
2022-02-10,9 day R,2020-11-11,DE,point,NA,1.1617
2022-02-10,9 day R,2020-11-11,DE,quantile,0.025,0.9145
2022-02-10,9 day R,2020-11-11,DE,quantile,0.975,1.4118
2022-02-10,9 day R,2020-11-12,DE,point,NA,1.1442
2022-02-10,9 day R,2020-11-12,DE,quantile,0.025,0.8957
2022-02-10,9 day R,2020-11-12,DE,quantile,0.975,1.3918
2022-02-10,9 day R,2020-11-13,DE,point,NA,1.1231
2022-02-10,9 day R,2020-11-13,DE,quantile,0.025,0.8754
2022-02-10,9 day R,2020-11-13,DE,quantile,0.975,1.3705
2022-02-10,9 day R,2020-11-14,DE,point,NA,1.105
2022-02-10,9 day R,2020-11-14,DE,quantile,0.025,0.8548
2022-02-10,9 day R,2020-11-14,DE,quantile,0.975,1.3522
2022-02-10,9 day R,2020-11-15,DE,point,NA,1.0878
2022-02-10,9 day R,2020-11-15,DE,quantile,0.025,0.8414
2022-02-10,9 day R,2020-11-15,DE,quantile,0.975,1.3322
2022-02-10,9 day R,2020-11-16,DE,point,NA,1.0884
2022-02-10,9 day R,2020-11-16,DE,quantile,0.025,0.8382
2022-02-10,9 day R,2020-11-16,DE,quantile,0.975,1.3327
2022-02-10,9 day R,2020-11-17,DE,point,NA,1.0879
2022-02-10,9 day R,2020-11-17,DE,quantile,0.025,0.8382
2022-02-10,9 day R,2020-11-17,DE,quantile,0.975,1.3358
2022-02-10,9 day R,2020-11-18,DE,point,NA,1.071
2022-02-10,9 day R,2020-11-18,DE,quantile,0.025,0.8246
2022-02-10,9 day R,2020-11-18,DE,quantile,0.975,1.3185
2022-02-10,9 day R,2020-11-19,DE,point,NA,1.0617
2022-02-10,9 day R,2020-11-19,DE,quantile,0.025,0.8166
2022-02-10,9 day R,2020-11-19,DE,quantile,0.975,1.3085
2022-02-10,9 day R,2020-11-20,DE,point,NA,1.051
2022-02-10,9 day R,2020-11-20,DE,quantile,0.025,0.8038
2022-02-10,9 day R,2020-11-20,DE,quantile,0.975,1.2994
2022-02-10,9 day R,2020-11-21,DE,point,NA,1.0379
2022-02-10,9 day R,2020-11-21,DE,quantile,0.025,0.7899
2022-02-10,9 day R,2020-11-21,DE,quantile,0.975,1.2858
2022-02-10,9 day R,2020-11-22,DE,point,NA,1.0309
2022-02-10,9 day R,2020-11-22,DE,quantile,0.025,0.7845
2022-02-10,9 day R,2020-11-22,DE,quantile,0.975,1.28
2022-02-10,9 day R,2020-11-23,DE,point,NA,1.0296
2022-02-10,9 day R,2020-11-23,DE,quantile,0.025,0.7837
2022-02-10,9 day R,2020-11-23,DE,quantile,0.975,1.2792
2022-02-10,9 day R,2020-11-24,DE,point,NA,1.027
2022-02-10,9 day R,2020-11-24,DE,quantile,0.025,0.7827
2022-02-10,9 day R,2020-11-24,DE,quantile,0.975,1.2768
2022-02-10,9 day R,2020-11-25,DE,point,NA,1.043
2022-02-10,9 day R,2020-11-25,DE,quantile,0.025,0.7961
2022-02-10,9 day R,2020-11-25,DE,quantile,0.975,1.2927
2022-02-10,9 day R,2020-11-26,DE,point,NA,1.034
2022-02-10,9 day R,2020-11-26,DE,quantile,0.025,0.7856
2022-02-10,9 day R,2020-11-26,DE,quantile,0.975,1.2837
2022-02-10,9 day R,2020-11-27,DE,point,NA,1.0286
2022-02-10,9 day R,2020-11-27,DE,quantile,0.025,0.783
2022-02-10,9 day R,2020-11-27,DE,quantile,0.975,1.2785
2022-02-10,9 day R,2020-11-28,DE,point,NA,1.0238
2022-02-10,9 day R,2020-11-28,DE,quantile,0.025,0.7743
2022-02-10,9 day R,2020-11-28,DE,quantile,0.975,1.2717
2022-02-10,9 day R,2020-11-29,DE,point,NA,1.0274
2022-02-10,9 day R,2020-11-29,DE,quantile,0.025,0.7802
2022-02-10,9 day R,2020-11-29,DE,quantile,0.975,1.2751
2022-02-10,9 day R,2020-11-30,DE,point,NA,1.0425
2022-02-10,9 day R,2020-11-30,DE,quantile,0.025,0.7913
2022-02-10,9 day R,2020-11-30,DE,quantile,0.975,1.2888
2022-02-10,9 day R,2020-12-01,DE,point,NA,1.049
2022-02-10,9 day R,2020-12-01,DE,quantile,0.025,0.7954
2022-02-10,9 day R,2020-12-01,DE,quantile,0.975,1.2976
2022-02-10,9 day R,2020-12-02,DE,point,NA,1.052
2022-02-10,9 day R,2020-12-02,DE,quantile,0.025,0.8003
2022-02-10,9 day R,2020-12-02,DE,quantile,0.975,1.3012
2022-02-10,9 day R,2020-12-03,DE,point,NA,1.063
2022-02-10,9 day R,2020-12-03,DE,quantile,0.025,0.8118
2022-02-10,9 day R,2020-12-03,DE,quantile,0.975,1.3125
2022-02-10,9 day R,2020-12-04,DE,point,NA,1.0777
2022-02-10,9 day R,2020-12-04,DE,quantile,0.025,0.832
2022-02-10,9 day R,2020-12-04,DE,quantile,0.975,1.3287
2022-02-10,9 day R,2020-12-05,DE,point,NA,1.1032
2022-02-10,9 day R,2020-12-05,DE,quantile,0.025,0.8564
2022-02-10,9 day R,2020-12-05,DE,quantile,0.975,1.3531
2022-02-10,9 day R,2020-12-06,DE,point,NA,1.1063
2022-02-10,9 day R,2020-12-06,DE,quantile,0.025,0.8569
2022-02-10,9 day R,2020-12-06,DE,quantile,0.975,1.355
2022-02-10,9 day R,2020-12-07,DE,point,NA,1.1042
2022-02-10,9 day R,2020-12-07,DE,quantile,0.025,0.8583
2022-02-10,9 day R,2020-12-07,DE,quantile,0.975,1.3522
2022-02-10,9 day R,2020-12-08,DE,point,NA,1.1207
2022-02-10,9 day R,2020-12-08,DE,quantile,0.025,0.8739
2022-02-10,9 day R,2020-12-08,DE,quantile,0.975,1.3719
2022-02-10,9 day R,2020-12-09,DE,point,NA,1.1318
2022-02-10,9 day R,2020-12-09,DE,quantile,0.025,0.8825
2022-02-10,9 day R,2020-12-09,DE,quantile,0.975,1.3814
2022-02-10,9 day R,2020-12-10,DE,point,NA,1.1503
2022-02-10,9 day R,2020-12-10,DE,quantile,0.025,0.9062
2022-02-10,9 day R,2020-12-10,DE,quantile,0.975,1.3997
2022-02-10,9 day R,2020-12-11,DE,point,NA,1.1541
2022-02-10,9 day R,2020-12-11,DE,quantile,0.025,0.9075
2022-02-10,9 day R,2020-12-11,DE,quantile,0.975,1.4015
2022-02-10,9 day R,2020-12-12,DE,point,NA,1.1457
2022-02-10,9 day R,2020-12-12,DE,quantile,0.025,0.8985
2022-02-10,9 day R,2020-12-12,DE,quantile,0.975,1.3939
2022-02-10,9 day R,2020-12-13,DE,point,NA,1.1374
2022-02-10,9 day R,2020-12-13,DE,quantile,0.025,0.8935
2022-02-10,9 day R,2020-12-13,DE,quantile,0.975,1.3842
2022-02-10,9 day R,2020-12-14,DE,point,NA,1.1229
2022-02-10,9 day R,2020-12-14,DE,quantile,0.025,0.874
2022-02-10,9 day R,2020-12-14,DE,quantile,0.975,1.3698
2022-02-10,9 day R,2020-12-15,DE,point,NA,1.1268
2022-02-10,9 day R,2020-12-15,DE,quantile,0.025,0.8788
2022-02-10,9 day R,2020-12-15,DE,quantile,0.975,1.377
2022-02-10,9 day R,2020-12-16,DE,point,NA,1.1208
2022-02-10,9 day R,2020-12-16,DE,quantile,0.025,0.8719
2022-02-10,9 day R,2020-12-16,DE,quantile,0.975,1.3689
2022-02-10,9 day R,2020-12-17,DE,point,NA,1.1128
2022-02-10,9 day R,2020-12-17,DE,quantile,0.025,0.863
2022-02-10,9 day R,2020-12-17,DE,quantile,0.975,1.3613
2022-02-10,9 day R,2020-12-18,DE,point,NA,1.1072
2022-02-10,9 day R,2020-12-18,DE,quantile,0.025,0.8587
2022-02-10,9 day R,2020-12-18,DE,quantile,0.975,1.357
2022-02-10,9 day R,2020-12-19,DE,point,NA,1.0792
2022-02-10,9 day R,2020-12-19,DE,quantile,0.025,0.8346
2022-02-10,9 day R,2020-12-19,DE,quantile,0.975,1.3251
2022-02-10,9 day R,2020-12-20,DE,point,NA,1.0534
2022-02-10,9 day R,2020-12-20,DE,quantile,0.025,0.8092
2022-02-10,9 day R,2020-12-20,DE,quantile,0.975,1.298
2022-02-10,9 day R,2020-12-21,DE,point,NA,1.0413
2022-02-10,9 day R,2020-12-21,DE,quantile,0.025,0.7979
2022-02-10,9 day R,2020-12-21,DE,quantile,0.975,1.2895
2022-02-10,9 day R,2020-12-22,DE,point,NA,1.0128
2022-02-10,9 day R,2020-12-22,DE,quantile,0.025,0.7676
2022-02-10,9 day R,2020-12-22,DE,quantile,0.975,1.2613
2022-02-10,9 day R,2020-12-23,DE,point,NA,0.9688
2022-02-10,9 day R,2020-12-23,DE,quantile,0.025,0.7253
2022-02-10,9 day R,2020-12-23,DE,quantile,0.975,1.2183
2022-02-10,9 day R,2020-12-24,DE,point,NA,0.9224
2022-02-10,9 day R,2020-12-24,DE,quantile,0.025,0.6767
2022-02-10,9 day R,2020-12-24,DE,quantile,0.975,1.1717
2022-02-10,9 day R,2020-12-25,DE,point,NA,0.8898
2022-02-10,9 day R,2020-12-25,DE,quantile,0.025,0.6411
2022-02-10,9 day R,2020-12-25,DE,quantile,0.975,1.139
2022-02-10,9 day R,2020-12-26,DE,point,NA,0.8956
2022-02-10,9 day R,2020-12-26,DE,quantile,0.025,0.6483
2022-02-10,9 day R,2020-12-26,DE,quantile,0.975,1.1442
2022-02-10,9 day R,2020-12-27,DE,point,NA,0.9112
2022-02-10,9 day R,2020-12-27,DE,quantile,0.025,0.6657
2022-02-10,9 day R,2020-12-27,DE,quantile,0.975,1.1567
2022-02-10,9 day R,2020-12-28,DE,point,NA,0.9163
2022-02-10,9 day R,2020-12-28,DE,quantile,0.025,0.6701
2022-02-10,9 day R,2020-12-28,DE,quantile,0.975,1.1641
2022-02-10,9 day R,2020-12-29,DE,point,NA,0.9149
2022-02-10,9 day R,2020-12-29,DE,quantile,0.025,0.6664
2022-02-10,9 day R,2020-12-29,DE,quantile,0.975,1.1646
2022-02-10,9 day R,2020-12-30,DE,point,NA,0.9212
2022-02-10,9 day R,2020-12-30,DE,quantile,0.025,0.6716
2022-02-10,9 day R,2020-12-30,DE,quantile,0.975,1.1706
2022-02-10,9 day R,2020-12-31,DE,point,NA,0.9164
2022-02-10,9 day R,2020-12-31,DE,quantile,0.025,0.6679
2022-02-10,9 day R,2020-12-31,DE,quantile,0.975,1.1666
2022-02-10,9 day R,2021-01-01,DE,point,NA,0.925
2022-02-10,9 day R,2021-01-01,DE,quantile,0.025,0.6727
2022-02-10,9 day R,2021-01-01,DE,quantile,0.975,1.1747
2022-02-10,9 day R,2021-01-02,DE,point,NA,0.9331
2022-02-10,9 day R,2021-01-02,DE,quantile,0.025,0.686
2022-02-10,9 day R,2021-01-02,DE,quantile,0.975,1.1786
2022-02-10,9 day R,2021-01-03,DE,point,NA,0.9572
2022-02-10,9 day R,2021-01-03,DE,quantile,0.025,0.709
2022-02-10,9 day R,2021-01-03,DE,quantile,0.975,1.2022
2022-02-10,9 day R,2021-01-04,DE,point,NA,0.9778
2022-02-10,9 day R,2021-01-04,DE,quantile,0.025,0.7302
2022-02-10,9 day R,2021-01-04,DE,quantile,0.975,1.2214
2022-02-10,9 day R,2021-01-05,DE,point,NA,0.9992
2022-02-10,9 day R,2021-01-05,DE,quantile,0.025,0.7516
2022-02-10,9 day R,2021-01-05,DE,quantile,0.975,1.2464
2022-02-10,9 day R,2021-01-06,DE,point,NA,1.0292
2022-02-10,9 day R,2021-01-06,DE,quantile,0.025,0.7808
2022-02-10,9 day R,2021-01-06,DE,quantile,0.975,1.2771
2022-02-10,9 day R,2021-01-07,DE,point,NA,1.057
2022-02-10,9 day R,2021-01-07,DE,quantile,0.025,0.809
2022-02-10,9 day R,2021-01-07,DE,quantile,0.975,1.3083
2022-02-10,9 day R,2021-01-08,DE,point,NA,1.0317
2022-02-10,9 day R,2021-01-08,DE,quantile,0.025,0.7838
2022-02-10,9 day R,2021-01-08,DE,quantile,0.975,1.2817
2022-02-10,9 day R,2021-01-09,DE,point,NA,1.0006
2022-02-10,9 day R,2021-01-09,DE,quantile,0.025,0.7522
2022-02-10,9 day R,2021-01-09,DE,quantile,0.975,1.2499
2022-02-10,9 day R,2021-01-10,DE,point,NA,0.9627
2022-02-10,9 day R,2021-01-10,DE,quantile,0.025,0.7165
2022-02-10,9 day R,2021-01-10,DE,quantile,0.975,1.209
2022-02-10,9 day R,2021-01-11,DE,point,NA,0.9504
2022-02-10,9 day R,2021-01-11,DE,quantile,0.025,0.7029
2022-02-10,9 day R,2021-01-11,DE,quantile,0.975,1.1952
2022-02-10,9 day R,2021-01-12,DE,point,NA,0.9386
2022-02-10,9 day R,2021-01-12,DE,quantile,0.025,0.6919
2022-02-10,9 day R,2021-01-12,DE,quantile,0.975,1.1854
2022-02-10,9 day R,2021-01-13,DE,point,NA,0.9038
2022-02-10,9 day R,2021-01-13,DE,quantile,0.025,0.6589
2022-02-10,9 day R,2021-01-13,DE,quantile,0.975,1.1525
2022-02-10,9 day R,2021-01-14,DE,point,NA,0.8758
2022-02-10,9 day R,2021-01-14,DE,quantile,0.025,0.6277
2022-02-10,9 day R,2021-01-14,DE,quantile,0.975,1.123
2022-02-10,9 day R,2021-01-15,DE,point,NA,0.8577
2022-02-10,9 day R,2021-01-15,DE,quantile,0.025,0.6098
2022-02-10,9 day R,2021-01-15,DE,quantile,0.975,1.1056
2022-02-10,9 day R,2021-01-16,DE,point,NA,0.8559
2022-02-10,9 day R,2021-01-16,DE,quantile,0.025,0.6085
2022-02-10,9 day R,2021-01-16,DE,quantile,0.975,1.0971
2022-02-10,9 day R,2021-01-17,DE,point,NA,0.8568
2022-02-10,9 day R,2021-01-17,DE,quantile,0.025,0.6111
2022-02-10,9 day R,2021-01-17,DE,quantile,0.975,1.1043
2022-02-10,9 day R,2021-01-18,DE,point,NA,0.8466
2022-02-10,9 day R,2021-01-18,DE,quantile,0.025,0.6014
2022-02-10,9 day R,2021-01-18,DE,quantile,0.975,1.0951
2022-02-10,9 day R,2021-01-19,DE,point,NA,0.8362
2022-02-10,9 day R,2021-01-19,DE,quantile,0.025,0.5895
2022-02-10,9 day R,2021-01-19,DE,quantile,0.975,1.0834
2022-02-10,9 day R,2021-01-20,DE,point,NA,0.8331
2022-02-10,9 day R,2021-01-20,DE,quantile,0.025,0.5856
2022-02-10,9 day R,2021-01-20,DE,quantile,0.975,1.0815
2022-02-10,9 day R,2021-01-21,DE,point,NA,0.8103
2022-02-10,9 day R,2021-01-21,DE,quantile,0.025,0.5613
2022-02-10,9 day R,2021-01-21,DE,quantile,0.975,1.0567
2022-02-10,9 day R,2021-01-22,DE,point,NA,0.8172
2022-02-10,9 day R,2021-01-22,DE,quantile,0.025,0.569
2022-02-10,9 day R,2021-01-22,DE,quantile,0.975,1.0649
2022-02-10,9 day R,2021-01-23,DE,point,NA,0.8149
2022-02-10,9 day R,2021-01-23,DE,quantile,0.025,0.5662
2022-02-10,9 day R,2021-01-23,DE,quantile,0.975,1.0626
2022-02-10,9 day R,2021-01-24,DE,point,NA,0.8152
2022-02-10,9 day R,2021-01-24,DE,quantile,0.025,0.5688
2022-02-10,9 day R,2021-01-24,DE,quantile,0.975,1.062
2022-02-10,9 day R,2021-01-25,DE,point,NA,0.8024
2022-02-10,9 day R,2021-01-25,DE,quantile,0.025,0.5568
2022-02-10,9 day R,2021-01-25,DE,quantile,0.975,1.0479
2022-02-10,9 day R,2021-01-26,DE,point,NA,0.7924
2022-02-10,9 day R,2021-01-26,DE,quantile,0.025,0.5478
2022-02-10,9 day R,2021-01-26,DE,quantile,0.975,1.0363
2022-02-10,9 day R,2021-01-27,DE,point,NA,0.7897
2022-02-10,9 day R,2021-01-27,DE,quantile,0.025,0.5452
2022-02-10,9 day R,2021-01-27,DE,quantile,0.975,1.0323
2022-02-10,9 day R,2021-01-28,DE,point,NA,0.7983
2022-02-10,9 day R,2021-01-28,DE,quantile,0.025,0.5525
2022-02-10,9 day R,2021-01-28,DE,quantile,0.975,1.0443
2022-02-10,9 day R,2021-01-29,DE,point,NA,0.8044
2022-02-10,9 day R,2021-01-29,DE,quantile,0.025,0.5597
2022-02-10,9 day R,2021-01-29,DE,quantile,0.975,1.054
2022-02-10,9 day R,2021-01-30,DE,point,NA,0.806
2022-02-10,9 day R,2021-01-30,DE,quantile,0.025,0.558
2022-02-10,9 day R,2021-01-30,DE,quantile,0.975,1.0531
2022-02-10,9 day R,2021-01-31,DE,point,NA,0.7828
2022-02-10,9 day R,2021-01-31,DE,quantile,0.025,0.5341
2022-02-10,9 day R,2021-01-31,DE,quantile,0.975,1.0316
2022-02-10,9 day R,2021-02-01,DE,point,NA,0.7763
2022-02-10,9 day R,2021-02-01,DE,quantile,0.025,0.5279
2022-02-10,9 day R,2021-02-01,DE,quantile,0.975,1.0238
2022-02-10,9 day R,2021-02-02,DE,point,NA,0.7694
2022-02-10,9 day R,2021-02-02,DE,quantile,0.025,0.5208
2022-02-10,9 day R,2021-02-02,DE,quantile,0.975,1.015
2022-02-10,9 day R,2021-02-03,DE,point,NA,0.7669
2022-02-10,9 day R,2021-02-03,DE,quantile,0.025,0.5163
2022-02-10,9 day R,2021-02-03,DE,quantile,0.975,1.0111
2022-02-10,9 day R,2021-02-04,DE,point,NA,0.7737
2022-02-10,9 day R,2021-02-04,DE,quantile,0.025,0.5274
2022-02-10,9 day R,2021-02-04,DE,quantile,0.975,1.019
2022-02-10,9 day R,2021-02-05,DE,point,NA,0.777
2022-02-10,9 day R,2021-02-05,DE,quantile,0.025,0.5287
2022-02-10,9 day R,2021-02-05,DE,quantile,0.975,1.0238
2022-02-10,9 day R,2021-02-06,DE,point,NA,0.7767
2022-02-10,9 day R,2021-02-06,DE,quantile,0.025,0.5266
2022-02-10,9 day R,2021-02-06,DE,quantile,0.975,1.0216
2022-02-10,9 day R,2021-02-07,DE,point,NA,0.778
2022-02-10,9 day R,2021-02-07,DE,quantile,0.025,0.5338
2022-02-10,9 day R,2021-02-07,DE,quantile,0.975,1.0237
2022-02-10,9 day R,2021-02-08,DE,point,NA,0.7682
2022-02-10,9 day R,2021-02-08,DE,quantile,0.025,0.5213
2022-02-10,9 day R,2021-02-08,DE,quantile,0.975,1.0145
2022-02-10,9 day R,2021-02-09,DE,point,NA,0.7603
2022-02-10,9 day R,2021-02-09,DE,quantile,0.025,0.5189
2022-02-10,9 day R,2021-02-09,DE,quantile,0.975,1.0064
2022-02-10,9 day R,2021-02-10,DE,point,NA,0.7603
2022-02-10,9 day R,2021-02-10,DE,quantile,0.025,0.5141
2022-02-10,9 day R,2021-02-10,DE,quantile,0.975,1.0065
2022-02-10,9 day R,2021-02-11,DE,point,NA,0.7736
2022-02-10,9 day R,2021-02-11,DE,quantile,0.025,0.5289
2022-02-10,9 day R,2021-02-11,DE,quantile,0.975,1.0212
2022-02-10,9 day R,2021-02-12,DE,point,NA,0.7915
2022-02-10,9 day R,2021-02-12,DE,quantile,0.025,0.5442
2022-02-10,9 day R,2021-02-12,DE,quantile,0.975,1.0352
2022-02-10,9 day R,2021-02-13,DE,point,NA,0.8063
2022-02-10,9 day R,2021-02-13,DE,quantile,0.025,0.5595
2022-02-10,9 day R,2021-02-13,DE,quantile,0.975,1.0546
2022-02-10,9 day R,2021-02-14,DE,point,NA,0.823
2022-02-10,9 day R,2021-02-14,DE,quantile,0.025,0.5753
2022-02-10,9 day R,2021-02-14,DE,quantile,0.975,1.0721
2022-02-10,9 day R,2021-02-15,DE,point,NA,0.8377
2022-02-10,9 day R,2021-02-15,DE,quantile,0.025,0.5871
2022-02-10,9 day R,2021-02-15,DE,quantile,0.975,1.0846
2022-02-10,9 day R,2021-02-16,DE,point,NA,0.849
2022-02-10,9 day R,2021-02-16,DE,quantile,0.025,0.6009
2022-02-10,9 day R,2021-02-16,DE,quantile,0.975,1.0929
2022-02-10,9 day R,2021-02-17,DE,point,NA,0.8626
2022-02-10,9 day R,2021-02-17,DE,quantile,0.025,0.6172
2022-02-10,9 day R,2021-02-17,DE,quantile,0.975,1.1085
2022-02-10,9 day R,2021-02-18,DE,point,NA,0.8831
2022-02-10,9 day R,2021-02-18,DE,quantile,0.025,0.6362
2022-02-10,9 day R,2021-02-18,DE,quantile,0.975,1.1336
2022-02-10,9 day R,2021-02-19,DE,point,NA,0.9049
2022-02-10,9 day R,2021-02-19,DE,quantile,0.025,0.6611
2022-02-10,9 day R,2021-02-19,DE,quantile,0.975,1.1539
2022-02-10,9 day R,2021-02-20,DE,point,NA,0.9238
2022-02-10,9 day R,2021-02-20,DE,quantile,0.025,0.678
2022-02-10,9 day R,2021-02-20,DE,quantile,0.975,1.1727
2022-02-10,9 day R,2021-02-21,DE,point,NA,0.9398
2022-02-10,9 day R,2021-02-21,DE,quantile,0.025,0.6889
2022-02-10,9 day R,2021-02-21,DE,quantile,0.975,1.187
2022-02-10,9 day R,2021-02-22,DE,point,NA,0.9498
2022-02-10,9 day R,2021-02-22,DE,quantile,0.025,0.6996
2022-02-10,9 day R,2021-02-22,DE,quantile,0.975,1.1986
2022-02-10,9 day R,2021-02-23,DE,point,NA,0.9577
2022-02-10,9 day R,2021-02-23,DE,quantile,0.025,0.7028
2022-02-10,9 day R,2021-02-23,DE,quantile,0.975,1.2062
2022-02-10,9 day R,2021-02-24,DE,point,NA,0.9718
2022-02-10,9 day R,2021-02-24,DE,quantile,0.025,0.7228
2022-02-10,9 day R,2021-02-24,DE,quantile,0.975,1.2198
2022-02-10,9 day R,2021-02-25,DE,point,NA,0.9917
2022-02-10,9 day R,2021-02-25,DE,quantile,0.025,0.7421
2022-02-10,9 day R,2021-02-25,DE,quantile,0.975,1.2372
2022-02-10,9 day R,2021-02-26,DE,point,NA,1.0031
2022-02-10,9 day R,2021-02-26,DE,quantile,0.025,0.7551
2022-02-10,9 day R,2021-02-26,DE,quantile,0.975,1.2509
2022-02-10,9 day R,2021-02-27,DE,point,NA,1.0125
2022-02-10,9 day R,2021-02-27,DE,quantile,0.025,0.763
2022-02-10,9 day R,2021-02-27,DE,quantile,0.975,1.2583
2022-02-10,9 day R,2021-02-28,DE,point,NA,1.0196
2022-02-10,9 day R,2021-02-28,DE,quantile,0.025,0.7724
2022-02-10,9 day R,2021-02-28,DE,quantile,0.975,1.2658
2022-02-10,9 day R,2021-03-01,DE,point,NA,1.0245
2022-02-10,9 day R,2021-03-01,DE,quantile,0.025,0.7785
2022-02-10,9 day R,2021-03-01,DE,quantile,0.975,1.2697
2022-02-10,9 day R,2021-03-02,DE,point,NA,1.0278
2022-02-10,9 day R,2021-03-02,DE,quantile,0.025,0.7829
2022-02-10,9 day R,2021-03-02,DE,quantile,0.975,1.2729
2022-02-10,9 day R,2021-03-03,DE,point,NA,1.0349
2022-02-10,9 day R,2021-03-03,DE,quantile,0.025,0.783
2022-02-10,9 day R,2021-03-03,DE,quantile,0.975,1.2822
2022-02-10,9 day R,2021-03-04,DE,point,NA,1.0593
2022-02-10,9 day R,2021-03-04,DE,quantile,0.025,0.8094
2022-02-10,9 day R,2021-03-04,DE,quantile,0.975,1.3083
2022-02-10,9 day R,2021-03-05,DE,point,NA,1.0723
2022-02-10,9 day R,2021-03-05,DE,quantile,0.025,0.8213
2022-02-10,9 day R,2021-03-05,DE,quantile,0.975,1.3207
2022-02-10,9 day R,2021-03-06,DE,point,NA,1.0913
2022-02-10,9 day R,2021-03-06,DE,quantile,0.025,0.8433
2022-02-10,9 day R,2021-03-06,DE,quantile,0.975,1.3409
2022-02-10,9 day R,2021-03-07,DE,point,NA,1.1076
2022-02-10,9 day R,2021-03-07,DE,quantile,0.025,0.861
2022-02-10,9 day R,2021-03-07,DE,quantile,0.975,1.3569
2022-02-10,9 day R,2021-03-08,DE,point,NA,1.1236
2022-02-10,9 day R,2021-03-08,DE,quantile,0.025,0.8743
2022-02-10,9 day R,2021-03-08,DE,quantile,0.975,1.3711
2022-02-10,9 day R,2021-03-09,DE,point,NA,1.1418
2022-02-10,9 day R,2021-03-09,DE,quantile,0.025,0.8961
2022-02-10,9 day R,2021-03-09,DE,quantile,0.975,1.3889
2022-02-10,9 day R,2021-03-10,DE,point,NA,1.1681
2022-02-10,9 day R,2021-03-10,DE,quantile,0.025,0.9243
2022-02-10,9 day R,2021-03-10,DE,quantile,0.975,1.4147
2022-02-10,9 day R,2021-03-11,DE,point,NA,1.1554
2022-02-10,9 day R,2021-03-11,DE,quantile,0.025,0.9063
2022-02-10,9 day R,2021-03-11,DE,quantile,0.975,1.4025
2022-02-10,9 day R,2021-03-12,DE,point,NA,1.1824
2022-02-10,9 day R,2021-03-12,DE,quantile,0.025,0.9333
2022-02-10,9 day R,2021-03-12,DE,quantile,0.975,1.4299
2022-02-10,9 day R,2021-03-13,DE,point,NA,1.2052
2022-02-10,9 day R,2021-03-13,DE,quantile,0.025,0.9597
2022-02-10,9 day R,2021-03-13,DE,quantile,0.975,1.4507
2022-02-10,9 day R,2021-03-14,DE,point,NA,1.2235
2022-02-10,9 day R,2021-03-14,DE,quantile,0.025,0.975
2022-02-10,9 day R,2021-03-14,DE,quantile,0.975,1.4708
2022-02-10,9 day R,2021-03-15,DE,point,NA,1.2321
2022-02-10,9 day R,2021-03-15,DE,quantile,0.025,0.9846
2022-02-10,9 day R,2021-03-15,DE,quantile,0.975,1.4757
2022-02-10,9 day R,2021-03-16,DE,point,NA,1.2421
2022-02-10,9 day R,2021-03-16,DE,quantile,0.025,0.9991
2022-02-10,9 day R,2021-03-16,DE,quantile,0.975,1.4862
2022-02-10,9 day R,2021-03-17,DE,point,NA,1.2623
2022-02-10,9 day R,2021-03-17,DE,quantile,0.025,1.0215
2022-02-10,9 day R,2021-03-17,DE,quantile,0.975,1.5107
2022-02-10,9 day R,2021-03-18,DE,point,NA,1.2868
2022-02-10,9 day R,2021-03-18,DE,quantile,0.025,1.043
2022-02-10,9 day R,2021-03-18,DE,quantile,0.975,1.5318
2022-02-10,9 day R,2021-03-19,DE,point,NA,1.2975
2022-02-10,9 day R,2021-03-19,DE,quantile,0.025,1.0512
2022-02-10,9 day R,2021-03-19,DE,quantile,0.975,1.5432
2022-02-10,9 day R,2021-03-20,DE,point,NA,1.3051
2022-02-10,9 day R,2021-03-20,DE,quantile,0.025,1.0602
2022-02-10,9 day R,2021-03-20,DE,quantile,0.975,1.5549
2022-02-10,9 day R,2021-03-21,DE,point,NA,1.3091
2022-02-10,9 day R,2021-03-21,DE,quantile,0.025,1.0616
2022-02-10,9 day R,2021-03-21,DE,quantile,0.975,1.5578
2022-02-10,9 day R,2021-03-22,DE,point,NA,1.3082
2022-02-10,9 day R,2021-03-22,DE,quantile,0.025,1.0599
2022-02-10,9 day R,2021-03-22,DE,quantile,0.975,1.5588
2022-02-10,9 day R,2021-03-23,DE,point,NA,1.3096
2022-02-10,9 day R,2021-03-23,DE,quantile,0.025,1.0643
2022-02-10,9 day R,2021-03-23,DE,quantile,0.975,1.5582
2022-02-10,9 day R,2021-03-24,DE,point,NA,1.2892
2022-02-10,9 day R,2021-03-24,DE,quantile,0.025,1.043
2022-02-10,9 day R,2021-03-24,DE,quantile,0.975,1.5409
2022-02-10,9 day R,2021-03-25,DE,point,NA,1.2691
2022-02-10,9 day R,2021-03-25,DE,quantile,0.025,1.0239
2022-02-10,9 day R,2021-03-25,DE,quantile,0.975,1.5181
2022-02-10,9 day R,2021-03-26,DE,point,NA,1.2441
2022-02-10,9 day R,2021-03-26,DE,quantile,0.025,0.9998
2022-02-10,9 day R,2021-03-26,DE,quantile,0.975,1.4934
2022-02-10,9 day R,2021-03-27,DE,point,NA,1.2159
2022-02-10,9 day R,2021-03-27,DE,quantile,0.025,0.966
2022-02-10,9 day R,2021-03-27,DE,quantile,0.975,1.4633
2022-02-10,9 day R,2021-03-28,DE,point,NA,1.1804
2022-02-10,9 day R,2021-03-28,DE,quantile,0.025,0.934
2022-02-10,9 day R,2021-03-28,DE,quantile,0.975,1.4294
2022-02-10,9 day R,2021-03-29,DE,point,NA,1.1714
2022-02-10,9 day R,2021-03-29,DE,quantile,0.025,0.9212
2022-02-10,9 day R,2021-03-29,DE,quantile,0.975,1.4172
2022-02-10,9 day R,2021-03-30,DE,point,NA,1.1595
2022-02-10,9 day R,2021-03-30,DE,quantile,0.025,0.9079
2022-02-10,9 day R,2021-03-30,DE,quantile,0.975,1.4031
2022-02-10,9 day R,2021-03-31,DE,point,NA,1.125
2022-02-10,9 day R,2021-03-31,DE,quantile,0.025,0.8714
2022-02-10,9 day R,2021-03-31,DE,quantile,0.975,1.3713
2022-02-10,9 day R,2021-04-01,DE,point,NA,1.0953
2022-02-10,9 day R,2021-04-01,DE,quantile,0.025,0.8474
2022-02-10,9 day R,2021-04-01,DE,quantile,0.975,1.3447
2022-02-10,9 day R,2021-04-02,DE,point,NA,1.0632
2022-02-10,9 day R,2021-04-02,DE,quantile,0.025,0.8131
2022-02-10,9 day R,2021-04-02,DE,quantile,0.975,1.3096
2022-02-10,9 day R,2021-04-03,DE,point,NA,1.0457
2022-02-10,9 day R,2021-04-03,DE,quantile,0.025,0.7968
2022-02-10,9 day R,2021-04-03,DE,quantile,0.975,1.2913
2022-02-10,9 day R,2021-04-04,DE,point,NA,1.0622
2022-02-10,9 day R,2021-04-04,DE,quantile,0.025,0.8153
2022-02-10,9 day R,2021-04-04,DE,quantile,0.975,1.3081
2022-02-10,9 day R,2021-04-05,DE,point,NA,1.0678
2022-02-10,9 day R,2021-04-05,DE,quantile,0.025,0.8185
2022-02-10,9 day R,2021-04-05,DE,quantile,0.975,1.3153
2022-02-10,9 day R,2021-04-06,DE,point,NA,1.0853
2022-02-10,9 day R,2021-04-06,DE,quantile,0.025,0.8333
2022-02-10,9 day R,2021-04-06,DE,quantile,0.975,1.3344
2022-02-10,9 day R,2021-04-07,DE,point,NA,1.1459
2022-02-10,9 day R,2021-04-07,DE,quantile,0.025,0.8937
2022-02-10,9 day R,2021-04-07,DE,quantile,0.975,1.3937
2022-02-10,9 day R,2021-04-08,DE,point,NA,1.1758
2022-02-10,9 day R,2021-04-08,DE,quantile,0.025,0.9273
2022-02-10,9 day R,2021-04-08,DE,quantile,0.975,1.4214
2022-02-10,9 day R,2021-04-09,DE,point,NA,1.1861
2022-02-10,9 day R,2021-04-09,DE,quantile,0.025,0.9385
2022-02-10,9 day R,2021-04-09,DE,quantile,0.975,1.4368
2022-02-10,9 day R,2021-04-10,DE,point,NA,1.1836
2022-02-10,9 day R,2021-04-10,DE,quantile,0.025,0.9343
2022-02-10,9 day R,2021-04-10,DE,quantile,0.975,1.4354
2022-02-10,9 day R,2021-04-11,DE,point,NA,1.1758
2022-02-10,9 day R,2021-04-11,DE,quantile,0.025,0.9276
2022-02-10,9 day R,2021-04-11,DE,quantile,0.975,1.423
2022-02-10,9 day R,2021-04-12,DE,point,NA,1.1886
2022-02-10,9 day R,2021-04-12,DE,quantile,0.025,0.9461
2022-02-10,9 day R,2021-04-12,DE,quantile,0.975,1.4365
2022-02-10,9 day R,2021-04-13,DE,point,NA,1.1963
2022-02-10,9 day R,2021-04-13,DE,quantile,0.025,0.9519
2022-02-10,9 day R,2021-04-13,DE,quantile,0.975,1.4432
2022-02-10,9 day R,2021-04-14,DE,point,NA,1.1803
2022-02-10,9 day R,2021-04-14,DE,quantile,0.025,0.9361
2022-02-10,9 day R,2021-04-14,DE,quantile,0.975,1.4291
2022-02-10,9 day R,2021-04-15,DE,point,NA,1.1575
2022-02-10,9 day R,2021-04-15,DE,quantile,0.025,0.9128
2022-02-10,9 day R,2021-04-15,DE,quantile,0.975,1.4047
2022-02-10,9 day R,2021-04-16,DE,point,NA,1.1409
2022-02-10,9 day R,2021-04-16,DE,quantile,0.025,0.8943
2022-02-10,9 day R,2021-04-16,DE,quantile,0.975,1.3903
2022-02-10,9 day R,2021-04-17,DE,point,NA,1.1216
2022-02-10,9 day R,2021-04-17,DE,quantile,0.025,0.8733
2022-02-10,9 day R,2021-04-17,DE,quantile,0.975,1.3702
2022-02-10,9 day R,2021-04-18,DE,point,NA,1.1007
2022-02-10,9 day R,2021-04-18,DE,quantile,0.025,0.851
2022-02-10,9 day R,2021-04-18,DE,quantile,0.975,1.3484
2022-02-10,9 day R,2021-04-19,DE,point,NA,1.1022
2022-02-10,9 day R,2021-04-19,DE,quantile,0.025,0.8557
2022-02-10,9 day R,2021-04-19,DE,quantile,0.975,1.3531
2022-02-10,9 day R,2021-04-20,DE,point,NA,1.1016
2022-02-10,9 day R,2021-04-20,DE,quantile,0.025,0.8549
2022-02-10,9 day R,2021-04-20,DE,quantile,0.975,1.3497
2022-02-10,9 day R,2021-04-21,DE,point,NA,1.083
2022-02-10,9 day R,2021-04-21,DE,quantile,0.025,0.836
2022-02-10,9 day R,2021-04-21,DE,quantile,0.975,1.33
2022-02-10,9 day R,2021-04-22,DE,point,NA,1.0768
2022-02-10,9 day R,2021-04-22,DE,quantile,0.025,0.8306
2022-02-10,9 day R,2021-04-22,DE,quantile,0.975,1.3259
2022-02-10,9 day R,2021-04-23,DE,point,NA,1.0562
2022-02-10,9 day R,2021-04-23,DE,quantile,0.025,0.81
2022-02-10,9 day R,2021-04-23,DE,quantile,0.975,1.3044
2022-02-10,9 day R,2021-04-24,DE,point,NA,1.0361
2022-02-10,9 day R,2021-04-24,DE,quantile,0.025,0.7898
2022-02-10,9 day R,2021-04-24,DE,quantile,0.975,1.2812
2022-02-10,9 day R,2021-04-25,DE,point,NA,1.0259
2022-02-10,9 day R,2021-04-25,DE,quantile,0.025,0.7798
2022-02-10,9 day R,2021-04-25,DE,quantile,0.975,1.2737
2022-02-10,9 day R,2021-04-26,DE,point,NA,1.0003
2022-02-10,9 day R,2021-04-26,DE,quantile,0.025,0.7515
2022-02-10,9 day R,2021-04-26,DE,quantile,0.975,1.2458
2022-02-10,9 day R,2021-04-27,DE,point,NA,0.9837
2022-02-10,9 day R,2021-04-27,DE,quantile,0.025,0.7379
2022-02-10,9 day R,2021-04-27,DE,quantile,0.975,1.229
2022-02-10,9 day R,2021-04-28,DE,point,NA,0.9678
2022-02-10,9 day R,2021-04-28,DE,quantile,0.025,0.7191
2022-02-10,9 day R,2021-04-28,DE,quantile,0.975,1.214
2022-02-10,9 day R,2021-04-29,DE,point,NA,0.9425
2022-02-10,9 day R,2021-04-29,DE,quantile,0.025,0.695
2022-02-10,9 day R,2021-04-29,DE,quantile,0.975,1.1891
2022-02-10,9 day R,2021-04-30,DE,point,NA,0.9205
2022-02-10,9 day R,2021-04-30,DE,quantile,0.025,0.6698
2022-02-10,9 day R,2021-04-30,DE,quantile,0.975,1.1709
2022-02-10,9 day R,2021-05-01,DE,point,NA,0.9114
2022-02-10,9 day R,2021-05-01,DE,quantile,0.025,0.6611
2022-02-10,9 day R,2021-05-01,DE,quantile,0.975,1.1567
2022-02-10,9 day R,2021-05-02,DE,point,NA,0.8954
2022-02-10,9 day R,2021-05-02,DE,quantile,0.025,0.6488
2022-02-10,9 day R,2021-05-02,DE,quantile,0.975,1.146
2022-02-10,9 day R,2021-05-03,DE,point,NA,0.8775
2022-02-10,9 day R,2021-05-03,DE,quantile,0.025,0.6319
2022-02-10,9 day R,2021-05-03,DE,quantile,0.975,1.1239
2022-02-10,9 day R,2021-05-04,DE,point,NA,0.8641
2022-02-10,9 day R,2021-05-04,DE,quantile,0.025,0.6173
2022-02-10,9 day R,2021-05-04,DE,quantile,0.975,1.1118
2022-02-10,9 day R,2021-05-05,DE,point,NA,0.8435
2022-02-10,9 day R,2021-05-05,DE,quantile,0.025,0.5984
2022-02-10,9 day R,2021-05-05,DE,quantile,0.975,1.0912
2022-02-10,9 day R,2021-05-06,DE,point,NA,0.8149
2022-02-10,9 day R,2021-05-06,DE,quantile,0.025,0.5683
2022-02-10,9 day R,2021-05-06,DE,quantile,0.975,1.0629
2022-02-10,9 day R,2021-05-07,DE,point,NA,0.7928
2022-02-10,9 day R,2021-05-07,DE,quantile,0.025,0.5449
2022-02-10,9 day R,2021-05-07,DE,quantile,0.975,1.0417
2022-02-10,9 day R,2021-05-08,DE,point,NA,0.7707
2022-02-10,9 day R,2021-05-08,DE,quantile,0.025,0.5244
2022-02-10,9 day R,2021-05-08,DE,quantile,0.975,1.018
2022-02-10,9 day R,2021-05-09,DE,point,NA,0.7466
2022-02-10,9 day R,2021-05-09,DE,quantile,0.025,0.4974
2022-02-10,9 day R,2021-05-09,DE,quantile,0.975,0.9929
2022-02-10,9 day R,2021-05-10,DE,point,NA,0.7405
2022-02-10,9 day R,2021-05-10,DE,quantile,0.025,0.4886
2022-02-10,9 day R,2021-05-10,DE,quantile,0.975,0.9867
2022-02-10,9 day R,2021-05-11,DE,point,NA,0.7258
2022-02-10,9 day R,2021-05-11,DE,quantile,0.025,0.4763
2022-02-10,9 day R,2021-05-11,DE,quantile,0.975,0.9747
2022-02-10,9 day R,2021-05-12,DE,point,NA,0.6959
2022-02-10,9 day R,2021-05-12,DE,quantile,0.025,0.444
2022-02-10,9 day R,2021-05-12,DE,quantile,0.975,0.945
2022-02-10,9 day R,2021-05-13,DE,point,NA,0.6932
2022-02-10,9 day R,2021-05-13,DE,quantile,0.025,0.4446
2022-02-10,9 day R,2021-05-13,DE,quantile,0.975,0.9414
2022-02-10,9 day R,2021-05-14,DE,point,NA,0.694
2022-02-10,9 day R,2021-05-14,DE,quantile,0.025,0.4452
2022-02-10,9 day R,2021-05-14,DE,quantile,0.975,0.939
2022-02-10,9 day R,2021-05-15,DE,point,NA,0.6939
2022-02-10,9 day R,2021-05-15,DE,quantile,0.025,0.4449
2022-02-10,9 day R,2021-05-15,DE,quantile,0.975,0.9397
2022-02-10,9 day R,2021-05-16,DE,point,NA,0.6967
2022-02-10,9 day R,2021-05-16,DE,quantile,0.025,0.4485
2022-02-10,9 day R,2021-05-16,DE,quantile,0.975,0.9437
2022-02-10,9 day R,2021-05-17,DE,point,NA,0.6865
2022-02-10,9 day R,2021-05-17,DE,quantile,0.025,0.4423
2022-02-10,9 day R,2021-05-17,DE,quantile,0.975,0.9327
2022-02-10,9 day R,2021-05-18,DE,point,NA,0.674
2022-02-10,9 day R,2021-05-18,DE,quantile,0.025,0.4273
2022-02-10,9 day R,2021-05-18,DE,quantile,0.975,0.9217
2022-02-10,9 day R,2021-05-19,DE,point,NA,0.6717
2022-02-10,9 day R,2021-05-19,DE,quantile,0.025,0.4226
2022-02-10,9 day R,2021-05-19,DE,quantile,0.975,0.9215
2022-02-10,9 day R,2021-05-20,DE,point,NA,0.6591
2022-02-10,9 day R,2021-05-20,DE,quantile,0.025,0.412
2022-02-10,9 day R,2021-05-20,DE,quantile,0.975,0.9077
2022-02-10,9 day R,2021-05-21,DE,point,NA,0.645
2022-02-10,9 day R,2021-05-21,DE,quantile,0.025,0.3963
2022-02-10,9 day R,2021-05-21,DE,quantile,0.975,0.8924
2022-02-10,9 day R,2021-05-22,DE,point,NA,0.63
2022-02-10,9 day R,2021-05-22,DE,quantile,0.025,0.3793
2022-02-10,9 day R,2021-05-22,DE,quantile,0.975,0.8793
2022-02-10,9 day R,2021-05-23,DE,point,NA,0.6101
2022-02-10,9 day R,2021-05-23,DE,quantile,0.025,0.3624
2022-02-10,9 day R,2021-05-23,DE,quantile,0.975,0.8573
2022-02-10,9 day R,2021-05-24,DE,point,NA,0.5842
2022-02-10,9 day R,2021-05-24,DE,quantile,0.025,0.3346
2022-02-10,9 day R,2021-05-24,DE,quantile,0.975,0.83
2022-02-10,9 day R,2021-05-25,DE,point,NA,0.5616
2022-02-10,9 day R,2021-05-25,DE,quantile,0.025,0.313
2022-02-10,9 day R,2021-05-25,DE,quantile,0.975,0.8081
2022-02-10,9 day R,2021-05-26,DE,point,NA,0.5599
2022-02-10,9 day R,2021-05-26,DE,quantile,0.025,0.3147
2022-02-10,9 day R,2021-05-26,DE,quantile,0.975,0.8069
2022-02-10,9 day R,2021-05-27,DE,point,NA,0.5742
2022-02-10,9 day R,2021-05-27,DE,quantile,0.025,0.3293
2022-02-10,9 day R,2021-05-27,DE,quantile,0.975,0.8221
2022-02-10,9 day R,2021-05-28,DE,point,NA,0.5843
2022-02-10,9 day R,2021-05-28,DE,quantile,0.025,0.3404
2022-02-10,9 day R,2021-05-28,DE,quantile,0.975,0.83
2022-02-10,9 day R,2021-05-29,DE,point,NA,0.5853
2022-02-10,9 day R,2021-05-29,DE,quantile,0.025,0.3394
2022-02-10,9 day R,2021-05-29,DE,quantile,0.975,0.8327
2022-02-10,9 day R,2021-05-30,DE,point,NA,0.5793
2022-02-10,9 day R,2021-05-30,DE,quantile,0.025,0.3338
2022-02-10,9 day R,2021-05-30,DE,quantile,0.975,0.8295
2022-02-10,9 day R,2021-05-31,DE,point,NA,0.5674
2022-02-10,9 day R,2021-05-31,DE,quantile,0.025,0.3207
2022-02-10,9 day R,2021-05-31,DE,quantile,0.975,0.8171
2022-02-10,9 day R,2021-06-01,DE,point,NA,0.5541
2022-02-10,9 day R,2021-06-01,DE,quantile,0.025,0.3087
2022-02-10,9 day R,2021-06-01,DE,quantile,0.975,0.8025
2022-02-10,9 day R,2021-06-02,DE,point,NA,0.5451
2022-02-10,9 day R,2021-06-02,DE,quantile,0.025,0.296
2022-02-10,9 day R,2021-06-02,DE,quantile,0.975,0.7886
2022-02-10,9 day R,2021-06-03,DE,point,NA,0.5349
2022-02-10,9 day R,2021-06-03,DE,quantile,0.025,0.2846
2022-02-10,9 day R,2021-06-03,DE,quantile,0.975,0.783
2022-02-10,9 day R,2021-06-04,DE,point,NA,0.5304
2022-02-10,9 day R,2021-06-04,DE,quantile,0.025,0.2821
2022-02-10,9 day R,2021-06-04,DE,quantile,0.975,0.7791
2022-02-10,9 day R,2021-06-05,DE,point,NA,0.5298
2022-02-10,9 day R,2021-06-05,DE,quantile,0.025,0.2795
2022-02-10,9 day R,2021-06-05,DE,quantile,0.975,0.7786
2022-02-10,9 day R,2021-06-06,DE,point,NA,0.5302
2022-02-10,9 day R,2021-06-06,DE,quantile,0.025,0.2799
2022-02-10,9 day R,2021-06-06,DE,quantile,0.975,0.7807
2022-02-10,9 day R,2021-06-07,DE,point,NA,0.5259
2022-02-10,9 day R,2021-06-07,DE,quantile,0.025,0.2757
2022-02-10,9 day R,2021-06-07,DE,quantile,0.975,0.7772
2022-02-10,9 day R,2021-06-08,DE,point,NA,0.5183
2022-02-10,9 day R,2021-06-08,DE,quantile,0.025,0.2687
2022-02-10,9 day R,2021-06-08,DE,quantile,0.975,0.7696
2022-02-10,9 day R,2021-06-09,DE,point,NA,0.5098
2022-02-10,9 day R,2021-06-09,DE,quantile,0.025,0.2602
2022-02-10,9 day R,2021-06-09,DE,quantile,0.975,0.7623
2022-02-10,9 day R,2021-06-10,DE,point,NA,0.501
2022-02-10,9 day R,2021-06-10,DE,quantile,0.025,0.2551
2022-02-10,9 day R,2021-06-10,DE,quantile,0.975,0.753
2022-02-10,9 day R,2021-06-11,DE,point,NA,0.4906
2022-02-10,9 day R,2021-06-11,DE,quantile,0.025,0.2442
2022-02-10,9 day R,2021-06-11,DE,quantile,0.975,0.7394
2022-02-10,9 day R,2021-06-12,DE,point,NA,0.4788
2022-02-10,9 day R,2021-06-12,DE,quantile,0.025,0.2352
2022-02-10,9 day R,2021-06-12,DE,quantile,0.975,0.7262
2022-02-10,9 day R,2021-06-13,DE,point,NA,0.4661
2022-02-10,9 day R,2021-06-13,DE,quantile,0.025,0.2157
2022-02-10,9 day R,2021-06-13,DE,quantile,0.975,0.714
2022-02-10,9 day R,2021-06-14,DE,point,NA,0.4492
2022-02-10,9 day R,2021-06-14,DE,quantile,0.025,0.2024
2022-02-10,9 day R,2021-06-14,DE,quantile,0.975,0.6974
2022-02-10,9 day R,2021-06-15,DE,point,NA,0.4288
2022-02-10,9 day R,2021-06-15,DE,quantile,0.025,0.1786
2022-02-10,9 day R,2021-06-15,DE,quantile,0.975,0.6777
2022-02-10,9 day R,2021-06-16,DE,point,NA,0.4116
2022-02-10,9 day R,2021-06-16,DE,quantile,0.025,0.162
2022-02-10,9 day R,2021-06-16,DE,quantile,0.975,0.6606
2022-02-10,9 day R,2021-06-17,DE,point,NA,0.4057
2022-02-10,9 day R,2021-06-17,DE,quantile,0.025,0.1567
2022-02-10,9 day R,2021-06-17,DE,quantile,0.975,0.65
2022-02-10,9 day R,2021-06-18,DE,point,NA,0.4128
2022-02-10,9 day R,2021-06-18,DE,quantile,0.025,0.1677
2022-02-10,9 day R,2021-06-18,DE,quantile,0.975,0.6562
2022-02-10,9 day R,2021-06-19,DE,point,NA,0.4255
2022-02-10,9 day R,2021-06-19,DE,quantile,0.025,0.1804
2022-02-10,9 day R,2021-06-19,DE,quantile,0.975,0.6703
2022-02-10,9 day R,2021-06-20,DE,point,NA,0.43120000000000003
2022-02-10,9 day R,2021-06-20,DE,quantile,0.025,0.184
2022-02-10,9 day R,2021-06-20,DE,quantile,0.975,0.6754
2022-02-10,9 day R,2021-06-21,DE,point,NA,0.4327
2022-02-10,9 day R,2021-06-21,DE,quantile,0.025,0.1837
2022-02-10,9 day R,2021-06-21,DE,quantile,0.975,0.6796
2022-02-10,9 day R,2021-06-22,DE,point,NA,0.4295
2022-02-10,9 day R,2021-06-22,DE,quantile,0.025,0.1769
2022-02-10,9 day R,2021-06-22,DE,quantile,0.975,0.6758
2022-02-10,9 day R,2021-06-23,DE,point,NA,0.4296
2022-02-10,9 day R,2021-06-23,DE,quantile,0.025,0.1771
2022-02-10,9 day R,2021-06-23,DE,quantile,0.975,0.6734
2022-02-10,9 day R,2021-06-24,DE,point,NA,0.4357
2022-02-10,9 day R,2021-06-24,DE,quantile,0.025,0.1866
2022-02-10,9 day R,2021-06-24,DE,quantile,0.975,0.6787
2022-02-10,9 day R,2021-06-25,DE,point,NA,0.4569
2022-02-10,9 day R,2021-06-25,DE,quantile,0.025,0.2072
2022-02-10,9 day R,2021-06-25,DE,quantile,0.975,0.7025
2022-02-10,9 day R,2021-06-26,DE,point,NA,0.4816
2022-02-10,9 day R,2021-06-26,DE,quantile,0.025,0.2321
2022-02-10,9 day R,2021-06-26,DE,quantile,0.975,0.7297
2022-02-10,9 day R,2021-06-27,DE,point,NA,0.5079
2022-02-10,9 day R,2021-06-27,DE,quantile,0.025,0.2582
2022-02-10,9 day R,2021-06-27,DE,quantile,0.975,0.7564
2022-02-10,9 day R,2021-06-28,DE,point,NA,0.5323
2022-02-10,9 day R,2021-06-28,DE,quantile,0.025,0.2871
2022-02-10,9 day R,2021-06-28,DE,quantile,0.975,0.7772
2022-02-10,9 day R,2021-06-29,DE,point,NA,0.5548
2022-02-10,9 day R,2021-06-29,DE,quantile,0.025,0.3077
2022-02-10,9 day R,2021-06-29,DE,quantile,0.975,0.8004
2022-02-10,9 day R,2021-06-30,DE,point,NA,0.5807
2022-02-10,9 day R,2021-06-30,DE,quantile,0.025,0.3308
2022-02-10,9 day R,2021-06-30,DE,quantile,0.975,0.8269
2022-02-10,9 day R,2021-07-01,DE,point,NA,0.6166
2022-02-10,9 day R,2021-07-01,DE,quantile,0.025,0.3679
2022-02-10,9 day R,2021-07-01,DE,quantile,0.975,0.8649
2022-02-10,9 day R,2021-07-02,DE,point,NA,0.655
2022-02-10,9 day R,2021-07-02,DE,quantile,0.025,0.4067
2022-02-10,9 day R,2021-07-02,DE,quantile,0.975,0.9028
2022-02-10,9 day R,2021-07-03,DE,point,NA,0.699
2022-02-10,9 day R,2021-07-03,DE,quantile,0.025,0.4479
2022-02-10,9 day R,2021-07-03,DE,quantile,0.975,0.9459
2022-02-10,9 day R,2021-07-04,DE,point,NA,0.7489
2022-02-10,9 day R,2021-07-04,DE,quantile,0.025,0.4968
2022-02-10,9 day R,2021-07-04,DE,quantile,0.975,0.9944
2022-02-10,9 day R,2021-07-05,DE,point,NA,0.7975
2022-02-10,9 day R,2021-07-05,DE,quantile,0.025,0.547
2022-02-10,9 day R,2021-07-05,DE,quantile,0.975,1.0457
2022-02-10,9 day R,2021-07-06,DE,point,NA,0.8473
2022-02-10,9 day R,2021-07-06,DE,quantile,0.025,0.6016
2022-02-10,9 day R,2021-07-06,DE,quantile,0.975,1.0922
2022-02-10,9 day R,2021-07-07,DE,point,NA,0.8956
2022-02-10,9 day R,2021-07-07,DE,quantile,0.025,0.6484
2022-02-10,9 day R,2021-07-07,DE,quantile,0.975,1.145
2022-02-10,9 day R,2021-07-08,DE,point,NA,0.9474
2022-02-10,9 day R,2021-07-08,DE,quantile,0.025,0.6992
2022-02-10,9 day R,2021-07-08,DE,quantile,0.975,1.1943
2022-02-10,9 day R,2021-07-09,DE,point,NA,0.9989
2022-02-10,9 day R,2021-07-09,DE,quantile,0.025,0.7502
2022-02-10,9 day R,2021-07-09,DE,quantile,0.975,1.2478
2022-02-10,9 day R,2021-07-10,DE,point,NA,1.0505
2022-02-10,9 day R,2021-07-10,DE,quantile,0.025,0.8004
2022-02-10,9 day R,2021-07-10,DE,quantile,0.975,1.295
2022-02-10,9 day R,2021-07-11,DE,point,NA,1.0992
2022-02-10,9 day R,2021-07-11,DE,quantile,0.025,0.8497
2022-02-10,9 day R,2021-07-11,DE,quantile,0.975,1.3444
2022-02-10,9 day R,2021-07-12,DE,point,NA,1.1491
2022-02-10,9 day R,2021-07-12,DE,quantile,0.025,0.9047
2022-02-10,9 day R,2021-07-12,DE,quantile,0.975,1.3934
2022-02-10,9 day R,2021-07-13,DE,point,NA,1.2048
2022-02-10,9 day R,2021-07-13,DE,quantile,0.025,0.9609
2022-02-10,9 day R,2021-07-13,DE,quantile,0.975,1.4516
2022-02-10,9 day R,2021-07-14,DE,point,NA,1.2579
2022-02-10,9 day R,2021-07-14,DE,quantile,0.025,1.0131
2022-02-10,9 day R,2021-07-14,DE,quantile,0.975,1.5054
2022-02-10,9 day R,2021-07-15,DE,point,NA,1.2923
2022-02-10,9 day R,2021-07-15,DE,quantile,0.025,1.0428
2022-02-10,9 day R,2021-07-15,DE,quantile,0.975,1.5402
2022-02-10,9 day R,2021-07-16,DE,point,NA,1.3161
2022-02-10,9 day R,2021-07-16,DE,quantile,0.025,1.0707
2022-02-10,9 day R,2021-07-16,DE,quantile,0.975,1.5644
2022-02-10,9 day R,2021-07-17,DE,point,NA,1.326
2022-02-10,9 day R,2021-07-17,DE,quantile,0.025,1.0822
2022-02-10,9 day R,2021-07-17,DE,quantile,0.975,1.5731
2022-02-10,9 day R,2021-07-18,DE,point,NA,1.3289
2022-02-10,9 day R,2021-07-18,DE,quantile,0.025,1.0841
2022-02-10,9 day R,2021-07-18,DE,quantile,0.975,1.5778
2022-02-10,9 day R,2021-07-19,DE,point,NA,1.3305
2022-02-10,9 day R,2021-07-19,DE,quantile,0.025,1.0852
2022-02-10,9 day R,2021-07-19,DE,quantile,0.975,1.5796
2022-02-10,9 day R,2021-07-20,DE,point,NA,1.3318
2022-02-10,9 day R,2021-07-20,DE,quantile,0.025,1.0889
2022-02-10,9 day R,2021-07-20,DE,quantile,0.975,1.5806
2022-02-10,9 day R,2021-07-21,DE,point,NA,1.3284
2022-02-10,9 day R,2021-07-21,DE,quantile,0.025,1.0854
2022-02-10,9 day R,2021-07-21,DE,quantile,0.975,1.5771
2022-02-10,9 day R,2021-07-22,DE,point,NA,1.3438
2022-02-10,9 day R,2021-07-22,DE,quantile,0.025,1.0971
2022-02-10,9 day R,2021-07-22,DE,quantile,0.975,1.593
2022-02-10,9 day R,2021-07-23,DE,point,NA,1.3561
2022-02-10,9 day R,2021-07-23,DE,quantile,0.025,1.1091
2022-02-10,9 day R,2021-07-23,DE,quantile,0.975,1.6077
2022-02-10,9 day R,2021-07-24,DE,point,NA,1.3657
2022-02-10,9 day R,2021-07-24,DE,quantile,0.025,1.1172
2022-02-10,9 day R,2021-07-24,DE,quantile,0.975,1.6137
2022-02-10,9 day R,2021-07-25,DE,point,NA,1.3738
2022-02-10,9 day R,2021-07-25,DE,quantile,0.025,1.1255
2022-02-10,9 day R,2021-07-25,DE,quantile,0.975,1.619
2022-02-10,9 day R,2021-07-26,DE,point,NA,1.3858
2022-02-10,9 day R,2021-07-26,DE,quantile,0.025,1.1405
2022-02-10,9 day R,2021-07-26,DE,quantile,0.975,1.6331
2022-02-10,9 day R,2021-07-27,DE,point,NA,1.3938
2022-02-10,9 day R,2021-07-27,DE,quantile,0.025,1.1488
2022-02-10,9 day R,2021-07-27,DE,quantile,0.975,1.6445
2022-02-10,9 day R,2021-07-28,DE,point,NA,1.4014
2022-02-10,9 day R,2021-07-28,DE,quantile,0.025,1.1581
2022-02-10,9 day R,2021-07-28,DE,quantile,0.975,1.6512
2022-02-10,9 day R,2021-07-29,DE,point,NA,1.3955
2022-02-10,9 day R,2021-07-29,DE,quantile,0.025,1.1495
2022-02-10,9 day R,2021-07-29,DE,quantile,0.975,1.6434
2022-02-10,9 day R,2021-07-30,DE,point,NA,1.3845
2022-02-10,9 day R,2021-07-30,DE,quantile,0.025,1.1355
2022-02-10,9 day R,2021-07-30,DE,quantile,0.975,1.6325
2022-02-10,9 day R,2021-07-31,DE,point,NA,1.3715
2022-02-10,9 day R,2021-07-31,DE,quantile,0.025,1.1225
2022-02-10,9 day R,2021-07-31,DE,quantile,0.975,1.616
2022-02-10,9 day R,2021-08-01,DE,point,NA,1.3673
2022-02-10,9 day R,2021-08-01,DE,quantile,0.025,1.1207
2022-02-10,9 day R,2021-08-01,DE,quantile,0.975,1.6138
2022-02-10,9 day R,2021-08-02,DE,point,NA,1.3669
2022-02-10,9 day R,2021-08-02,DE,quantile,0.025,1.1195
2022-02-10,9 day R,2021-08-02,DE,quantile,0.975,1.6131
2022-02-10,9 day R,2021-08-03,DE,point,NA,1.3755
2022-02-10,9 day R,2021-08-03,DE,quantile,0.025,1.1285
2022-02-10,9 day R,2021-08-03,DE,quantile,0.975,1.6199
2022-02-10,9 day R,2021-08-04,DE,point,NA,1.3898
2022-02-10,9 day R,2021-08-04,DE,quantile,0.025,1.1461
2022-02-10,9 day R,2021-08-04,DE,quantile,0.975,1.6331
2022-02-10,9 day R,2021-08-05,DE,point,NA,1.4033
2022-02-10,9 day R,2021-08-05,DE,quantile,0.025,1.157
2022-02-10,9 day R,2021-08-05,DE,quantile,0.975,1.647
2022-02-10,9 day R,2021-08-06,DE,point,NA,1.4162
2022-02-10,9 day R,2021-08-06,DE,quantile,0.025,1.1684
2022-02-10,9 day R,2021-08-06,DE,quantile,0.975,1.6623000000000001
2022-02-10,9 day R,2021-08-07,DE,point,NA,1.4262
2022-02-10,9 day R,2021-08-07,DE,quantile,0.025,1.1764
2022-02-10,9 day R,2021-08-07,DE,quantile,0.975,1.6725
2022-02-10,9 day R,2021-08-08,DE,point,NA,1.4357
2022-02-10,9 day R,2021-08-08,DE,quantile,0.025,1.1855
2022-02-10,9 day R,2021-08-08,DE,quantile,0.975,1.6815
2022-02-10,9 day R,2021-08-09,DE,point,NA,1.4471
2022-02-10,9 day R,2021-08-09,DE,quantile,0.025,1.1993
2022-02-10,9 day R,2021-08-09,DE,quantile,0.975,1.6951
2022-02-10,9 day R,2021-08-10,DE,point,NA,1.4645
2022-02-10,9 day R,2021-08-10,DE,quantile,0.025,1.217
2022-02-10,9 day R,2021-08-10,DE,quantile,0.975,1.7122
2022-02-10,9 day R,2021-08-11,DE,point,NA,1.4999
2022-02-10,9 day R,2021-08-11,DE,quantile,0.025,1.2546
2022-02-10,9 day R,2021-08-11,DE,quantile,0.975,1.7494
2022-02-10,9 day R,2021-08-12,DE,point,NA,1.5286
2022-02-10,9 day R,2021-08-12,DE,quantile,0.025,1.281
2022-02-10,9 day R,2021-08-12,DE,quantile,0.975,1.7779
2022-02-10,9 day R,2021-08-13,DE,point,NA,1.547
2022-02-10,9 day R,2021-08-13,DE,quantile,0.025,1.2995
2022-02-10,9 day R,2021-08-13,DE,quantile,0.975,1.7985
2022-02-10,9 day R,2021-08-14,DE,point,NA,1.5487
2022-02-10,9 day R,2021-08-14,DE,quantile,0.025,1.3008
2022-02-10,9 day R,2021-08-14,DE,quantile,0.975,1.7959
2022-02-10,9 day R,2021-08-15,DE,point,NA,1.5451
2022-02-10,9 day R,2021-08-15,DE,quantile,0.025,1.3019
2022-02-10,9 day R,2021-08-15,DE,quantile,0.975,1.7925
2022-02-10,9 day R,2021-08-16,DE,point,NA,1.5437
2022-02-10,9 day R,2021-08-16,DE,quantile,0.025,1.2964
2022-02-10,9 day R,2021-08-16,DE,quantile,0.975,1.7875
2022-02-10,9 day R,2021-08-17,DE,point,NA,1.5459
2022-02-10,9 day R,2021-08-17,DE,quantile,0.025,1.2994
2022-02-10,9 day R,2021-08-17,DE,quantile,0.975,1.7914
2022-02-10,9 day R,2021-08-18,DE,point,NA,1.5736
2022-02-10,9 day R,2021-08-18,DE,quantile,0.025,1.3257
2022-02-10,9 day R,2021-08-18,DE,quantile,0.975,1.8224
2022-02-10,9 day R,2021-08-19,DE,point,NA,1.5862
2022-02-10,9 day R,2021-08-19,DE,quantile,0.025,1.3367
2022-02-10,9 day R,2021-08-19,DE,quantile,0.975,1.8363
2022-02-10,9 day R,2021-08-20,DE,point,NA,1.5964
2022-02-10,9 day R,2021-08-20,DE,quantile,0.025,1.3454
2022-02-10,9 day R,2021-08-20,DE,quantile,0.975,1.8466
2022-02-10,9 day R,2021-08-21,DE,point,NA,1.5798
2022-02-10,9 day R,2021-08-21,DE,quantile,0.025,1.333
2022-02-10,9 day R,2021-08-21,DE,quantile,0.975,1.8293
2022-02-10,9 day R,2021-08-22,DE,point,NA,1.568
2022-02-10,9 day R,2021-08-22,DE,quantile,0.025,1.3158
2022-02-10,9 day R,2021-08-22,DE,quantile,0.975,1.8176
2022-02-10,9 day R,2021-08-23,DE,point,NA,1.5569
2022-02-10,9 day R,2021-08-23,DE,quantile,0.025,1.3065
2022-02-10,9 day R,2021-08-23,DE,quantile,0.975,1.809
2022-02-10,9 day R,2021-08-24,DE,point,NA,1.5437
2022-02-10,9 day R,2021-08-24,DE,quantile,0.025,1.2968
2022-02-10,9 day R,2021-08-24,DE,quantile,0.975,1.7913
2022-02-10,9 day R,2021-08-25,DE,point,NA,1.4815
2022-02-10,9 day R,2021-08-25,DE,quantile,0.025,1.2344
2022-02-10,9 day R,2021-08-25,DE,quantile,0.975,1.7304
2022-02-10,9 day R,2021-08-26,DE,point,NA,1.4111
2022-02-10,9 day R,2021-08-26,DE,quantile,0.025,1.1637
2022-02-10,9 day R,2021-08-26,DE,quantile,0.975,1.6576
2022-02-10,9 day R,2021-08-27,DE,point,NA,1.3588
2022-02-10,9 day R,2021-08-27,DE,quantile,0.025,1.1097
2022-02-10,9 day R,2021-08-27,DE,quantile,0.975,1.6054
2022-02-10,9 day R,2021-08-28,DE,point,NA,1.3497
2022-02-10,9 day R,2021-08-28,DE,quantile,0.025,1.101
2022-02-10,9 day R,2021-08-28,DE,quantile,0.975,1.598
2022-02-10,9 day R,2021-08-29,DE,point,NA,1.3446
2022-02-10,9 day R,2021-08-29,DE,quantile,0.025,1.0961
2022-02-10,9 day R,2021-08-29,DE,quantile,0.975,1.5888
2022-02-10,9 day R,2021-08-30,DE,point,NA,1.3419
2022-02-10,9 day R,2021-08-30,DE,quantile,0.025,1.0953
2022-02-10,9 day R,2021-08-30,DE,quantile,0.975,1.5899
2022-02-10,9 day R,2021-08-31,DE,point,NA,1.3291
2022-02-10,9 day R,2021-08-31,DE,quantile,0.025,1.0812
2022-02-10,9 day R,2021-08-31,DE,quantile,0.975,1.579
2022-02-10,9 day R,2021-09-01,DE,point,NA,1.2862
2022-02-10,9 day R,2021-09-01,DE,quantile,0.025,1.0411
2022-02-10,9 day R,2021-09-01,DE,quantile,0.975,1.5364
2022-02-10,9 day R,2021-09-02,DE,point,NA,1.2346
2022-02-10,9 day R,2021-09-02,DE,quantile,0.025,0.9839
2022-02-10,9 day R,2021-09-02,DE,quantile,0.975,1.4828
2022-02-10,9 day R,2021-09-03,DE,point,NA,1.2006
2022-02-10,9 day R,2021-09-03,DE,quantile,0.025,0.9482
2022-02-10,9 day R,2021-09-03,DE,quantile,0.975,1.4513
2022-02-10,9 day R,2021-09-04,DE,point,NA,1.1904
2022-02-10,9 day R,2021-09-04,DE,quantile,0.025,0.9396
2022-02-10,9 day R,2021-09-04,DE,quantile,0.975,1.436
2022-02-10,9 day R,2021-09-05,DE,point,NA,1.1854
2022-02-10,9 day R,2021-09-05,DE,quantile,0.025,0.9382
2022-02-10,9 day R,2021-09-05,DE,quantile,0.975,1.434
2022-02-10,9 day R,2021-09-06,DE,point,NA,1.1728
2022-02-10,9 day R,2021-09-06,DE,quantile,0.025,0.9238
2022-02-10,9 day R,2021-09-06,DE,quantile,0.975,1.4206
2022-02-10,9 day R,2021-09-07,DE,point,NA,1.1557
2022-02-10,9 day R,2021-09-07,DE,quantile,0.025,0.9087
2022-02-10,9 day R,2021-09-07,DE,quantile,0.975,1.4057
2022-02-10,9 day R,2021-09-08,DE,point,NA,1.116
2022-02-10,9 day R,2021-09-08,DE,quantile,0.025,0.8684
2022-02-10,9 day R,2021-09-08,DE,quantile,0.975,1.3627
2022-02-10,9 day R,2021-09-09,DE,point,NA,1.1159
2022-02-10,9 day R,2021-09-09,DE,quantile,0.025,0.8734
2022-02-10,9 day R,2021-09-09,DE,quantile,0.975,1.3644
2022-02-10,9 day R,2021-09-10,DE,point,NA,1.0719
2022-02-10,9 day R,2021-09-10,DE,quantile,0.025,0.8262
2022-02-10,9 day R,2021-09-10,DE,quantile,0.975,1.3188
2022-02-10,9 day R,2021-09-11,DE,point,NA,1.0474
2022-02-10,9 day R,2021-09-11,DE,quantile,0.025,0.8015
2022-02-10,9 day R,2021-09-11,DE,quantile,0.975,1.2959
2022-02-10,9 day R,2021-09-12,DE,point,NA,1.0251
2022-02-10,9 day R,2021-09-12,DE,quantile,0.025,0.7821
2022-02-10,9 day R,2021-09-12,DE,quantile,0.975,1.2745
2022-02-10,9 day R,2021-09-13,DE,point,NA,0.9997
2022-02-10,9 day R,2021-09-13,DE,quantile,0.025,0.7577
2022-02-10,9 day R,2021-09-13,DE,quantile,0.975,1.2483
2022-02-10,9 day R,2021-09-14,DE,point,NA,0.9723
2022-02-10,9 day R,2021-09-14,DE,quantile,0.025,0.7268
2022-02-10,9 day R,2021-09-14,DE,quantile,0.975,1.2207
2022-02-10,9 day R,2021-09-15,DE,point,NA,0.9703
2022-02-10,9 day R,2021-09-15,DE,quantile,0.025,0.7257
2022-02-10,9 day R,2021-09-15,DE,quantile,0.975,1.2216
2022-02-10,9 day R,2021-09-16,DE,point,NA,0.96
2022-02-10,9 day R,2021-09-16,DE,quantile,0.025,0.7133
2022-02-10,9 day R,2021-09-16,DE,quantile,0.975,1.2095
2022-02-10,9 day R,2021-09-17,DE,point,NA,0.9631
2022-02-10,9 day R,2021-09-17,DE,quantile,0.025,0.7162
2022-02-10,9 day R,2021-09-17,DE,quantile,0.975,1.2094
2022-02-10,9 day R,2021-09-18,DE,point,NA,0.9503
2022-02-10,9 day R,2021-09-18,DE,quantile,0.025,0.7047
2022-02-10,9 day R,2021-09-18,DE,quantile,0.975,1.1959
2022-02-10,9 day R,2021-09-19,DE,point,NA,0.9356
2022-02-10,9 day R,2021-09-19,DE,quantile,0.025,0.6895
2022-02-10,9 day R,2021-09-19,DE,quantile,0.975,1.1825
2022-02-10,9 day R,2021-09-20,DE,point,NA,0.9197
2022-02-10,9 day R,2021-09-20,DE,quantile,0.025,0.6763
2022-02-10,9 day R,2021-09-20,DE,quantile,0.975,1.1667
2022-02-10,9 day R,2021-09-21,DE,point,NA,0.904
2022-02-10,9 day R,2021-09-21,DE,quantile,0.025,0.6579
2022-02-10,9 day R,2021-09-21,DE,quantile,0.975,1.1508
2022-02-10,9 day R,2021-09-22,DE,point,NA,0.9074
2022-02-10,9 day R,2021-09-22,DE,quantile,0.025,0.6606
2022-02-10,9 day R,2021-09-22,DE,quantile,0.975,1.152
2022-02-10,9 day R,2021-09-23,DE,point,NA,0.9159
2022-02-10,9 day R,2021-09-23,DE,quantile,0.025,0.6689
2022-02-10,9 day R,2021-09-23,DE,quantile,0.975,1.1619
2022-02-10,9 day R,2021-09-24,DE,point,NA,0.9328
2022-02-10,9 day R,2021-09-24,DE,quantile,0.025,0.6881
2022-02-10,9 day R,2021-09-24,DE,quantile,0.975,1.1769
2022-02-10,9 day R,2021-09-25,DE,point,NA,0.9407
2022-02-10,9 day R,2021-09-25,DE,quantile,0.025,0.6965
2022-02-10,9 day R,2021-09-25,DE,quantile,0.975,1.1876
2022-02-10,9 day R,2021-09-26,DE,point,NA,0.9451
2022-02-10,9 day R,2021-09-26,DE,quantile,0.025,0.6993
2022-02-10,9 day R,2021-09-26,DE,quantile,0.975,1.1904
2022-02-10,9 day R,2021-09-27,DE,point,NA,0.9454
2022-02-10,9 day R,2021-09-27,DE,quantile,0.025,0.6967
2022-02-10,9 day R,2021-09-27,DE,quantile,0.975,1.1909
2022-02-10,9 day R,2021-09-28,DE,point,NA,0.9481
2022-02-10,9 day R,2021-09-28,DE,quantile,0.025,0.7015
2022-02-10,9 day R,2021-09-28,DE,quantile,0.975,1.1922
2022-02-10,9 day R,2021-09-29,DE,point,NA,0.9645
2022-02-10,9 day R,2021-09-29,DE,quantile,0.025,0.7171
2022-02-10,9 day R,2021-09-29,DE,quantile,0.975,1.2099
2022-02-10,9 day R,2021-09-30,DE,point,NA,0.977
2022-02-10,9 day R,2021-09-30,DE,quantile,0.025,0.7277
2022-02-10,9 day R,2021-09-30,DE,quantile,0.975,1.2244
2022-02-10,9 day R,2021-10-01,DE,point,NA,0.9873
2022-02-10,9 day R,2021-10-01,DE,quantile,0.025,0.7418
2022-02-10,9 day R,2021-10-01,DE,quantile,0.975,1.2345
2022-02-10,9 day R,2021-10-02,DE,point,NA,0.9924
2022-02-10,9 day R,2021-10-02,DE,quantile,0.025,0.7447
2022-02-10,9 day R,2021-10-02,DE,quantile,0.975,1.2406
2022-02-10,9 day R,2021-10-03,DE,point,NA,0.9924
2022-02-10,9 day R,2021-10-03,DE,quantile,0.025,0.7424
2022-02-10,9 day R,2021-10-03,DE,quantile,0.975,1.2392
2022-02-10,9 day R,2021-10-04,DE,point,NA,0.9926
2022-02-10,9 day R,2021-10-04,DE,quantile,0.025,0.7442
2022-02-10,9 day R,2021-10-04,DE,quantile,0.975,1.24
2022-02-10,9 day R,2021-10-05,DE,point,NA,0.9964
2022-02-10,9 day R,2021-10-05,DE,quantile,0.025,0.7486
2022-02-10,9 day R,2021-10-05,DE,quantile,0.975,1.2414
2022-02-10,9 day R,2021-10-06,DE,point,NA,1.0157
2022-02-10,9 day R,2021-10-06,DE,quantile,0.025,0.7693
2022-02-10,9 day R,2021-10-06,DE,quantile,0.975,1.262
2022-02-10,9 day R,2021-10-07,DE,point,NA,1.0384
2022-02-10,9 day R,2021-10-07,DE,quantile,0.025,0.7926
2022-02-10,9 day R,2021-10-07,DE,quantile,0.975,1.2865
2022-02-10,9 day R,2021-10-08,DE,point,NA,1.0537
2022-02-10,9 day R,2021-10-08,DE,quantile,0.025,0.8085
2022-02-10,9 day R,2021-10-08,DE,quantile,0.975,1.2982
2022-02-10,9 day R,2021-10-09,DE,point,NA,1.0673
2022-02-10,9 day R,2021-10-09,DE,quantile,0.025,0.8224
2022-02-10,9 day R,2021-10-09,DE,quantile,0.975,1.3099
2022-02-10,9 day R,2021-10-10,DE,point,NA,1.076
2022-02-10,9 day R,2021-10-10,DE,quantile,0.025,0.8282
2022-02-10,9 day R,2021-10-10,DE,quantile,0.975,1.3181
2022-02-10,9 day R,2021-10-11,DE,point,NA,1.0801
2022-02-10,9 day R,2021-10-11,DE,quantile,0.025,0.8348
2022-02-10,9 day R,2021-10-11,DE,quantile,0.975,1.3234
2022-02-10,9 day R,2021-10-12,DE,point,NA,1.0863
2022-02-10,9 day R,2021-10-12,DE,quantile,0.025,0.8419
2022-02-10,9 day R,2021-10-12,DE,quantile,0.975,1.3303
2022-02-10,9 day R,2021-10-13,DE,point,NA,1.1229
2022-02-10,9 day R,2021-10-13,DE,quantile,0.025,0.8776
2022-02-10,9 day R,2021-10-13,DE,quantile,0.975,1.369
2022-02-10,9 day R,2021-10-14,DE,point,NA,1.1667
2022-02-10,9 day R,2021-10-14,DE,quantile,0.025,0.9246
2022-02-10,9 day R,2021-10-14,DE,quantile,0.975,1.4132
2022-02-10,9 day R,2021-10-15,DE,point,NA,1.2075
2022-02-10,9 day R,2021-10-15,DE,quantile,0.025,0.9624
2022-02-10,9 day R,2021-10-15,DE,quantile,0.975,1.4528
2022-02-10,9 day R,2021-10-16,DE,point,NA,1.2493
2022-02-10,9 day R,2021-10-16,DE,quantile,0.025,1.0054
2022-02-10,9 day R,2021-10-16,DE,quantile,0.975,1.4981
2022-02-10,9 day R,2021-10-17,DE,point,NA,1.2831
2022-02-10,9 day R,2021-10-17,DE,quantile,0.025,1.0381
2022-02-10,9 day R,2021-10-17,DE,quantile,0.975,1.533
2022-02-10,9 day R,2021-10-18,DE,point,NA,1.3201
2022-02-10,9 day R,2021-10-18,DE,quantile,0.025,1.0751
2022-02-10,9 day R,2021-10-18,DE,quantile,0.975,1.5715
2022-02-10,9 day R,2021-10-19,DE,point,NA,1.3568
2022-02-10,9 day R,2021-10-19,DE,quantile,0.025,1.1101
2022-02-10,9 day R,2021-10-19,DE,quantile,0.975,1.6028
2022-02-10,9 day R,2021-10-20,DE,point,NA,1.3572
2022-02-10,9 day R,2021-10-20,DE,quantile,0.025,1.112
2022-02-10,9 day R,2021-10-20,DE,quantile,0.975,1.6081
2022-02-10,9 day R,2021-10-21,DE,point,NA,1.3561
2022-02-10,9 day R,2021-10-21,DE,quantile,0.025,1.1061
2022-02-10,9 day R,2021-10-21,DE,quantile,0.975,1.6041
2022-02-10,9 day R,2021-10-22,DE,point,NA,1.3441
2022-02-10,9 day R,2021-10-22,DE,quantile,0.025,1.0955
2022-02-10,9 day R,2021-10-22,DE,quantile,0.975,1.5905
2022-02-10,9 day R,2021-10-23,DE,point,NA,1.3555
2022-02-10,9 day R,2021-10-23,DE,quantile,0.025,1.1077
2022-02-10,9 day R,2021-10-23,DE,quantile,0.975,1.6024
2022-02-10,9 day R,2021-10-24,DE,point,NA,1.3971
2022-02-10,9 day R,2021-10-24,DE,quantile,0.025,1.1462
2022-02-10,9 day R,2021-10-24,DE,quantile,0.975,1.6476
2022-02-10,9 day R,2021-10-25,DE,point,NA,1.4392
2022-02-10,9 day R,2021-10-25,DE,quantile,0.025,1.188
2022-02-10,9 day R,2021-10-25,DE,quantile,0.975,1.6885
2022-02-10,9 day R,2021-10-26,DE,point,NA,1.4824
2022-02-10,9 day R,2021-10-26,DE,quantile,0.025,1.2292
2022-02-10,9 day R,2021-10-26,DE,quantile,0.975,1.7356
2022-02-10,9 day R,2021-10-27,DE,point,NA,1.487
2022-02-10,9 day R,2021-10-27,DE,quantile,0.025,1.2331
2022-02-10,9 day R,2021-10-27,DE,quantile,0.975,1.7397
2022-02-10,9 day R,2021-10-28,DE,point,NA,1.4823
2022-02-10,9 day R,2021-10-28,DE,quantile,0.025,1.2252
2022-02-10,9 day R,2021-10-28,DE,quantile,0.975,1.7405
2022-02-10,9 day R,2021-10-29,DE,point,NA,1.5271
2022-02-10,9 day R,2021-10-29,DE,quantile,0.025,1.2655
2022-02-10,9 day R,2021-10-29,DE,quantile,0.975,1.7906
2022-02-10,9 day R,2021-10-30,DE,point,NA,1.5307
2022-02-10,9 day R,2021-10-30,DE,quantile,0.025,1.2626
2022-02-10,9 day R,2021-10-30,DE,quantile,0.975,1.801
2022-02-10,9 day R,2021-10-31,DE,point,NA,1.5314
2022-02-10,9 day R,2021-10-31,DE,quantile,0.025,1.252
2022-02-10,9 day R,2021-10-31,DE,quantile,0.975,1.814
2022-02-10,9 day R,2021-11-01,DE,point,NA,1.5317
2022-02-10,9 day R,2021-11-01,DE,quantile,0.025,1.2496
2022-02-10,9 day R,2021-11-01,DE,quantile,0.975,1.8125
2022-02-10,9 day R,2021-11-02,DE,point,NA,1.5323
2022-02-10,9 day R,2021-11-02,DE,quantile,0.025,1.2652
2022-02-10,9 day R,2021-11-02,DE,quantile,0.975,1.8038
2022-02-10,9 day R,2021-11-03,DE,point,NA,1.5384
2022-02-10,9 day R,2021-11-03,DE,quantile,0.025,1.2769
2022-02-10,9 day R,2021-11-03,DE,quantile,0.975,1.8031
2022-02-10,9 day R,2021-11-04,DE,point,NA,1.5404
2022-02-10,9 day R,2021-11-04,DE,quantile,0.025,1.2861
2022-02-10,9 day R,2021-11-04,DE,quantile,0.975,1.8014
2022-02-10,9 day R,2021-11-05,DE,point,NA,1.5173
2022-02-10,9 day R,2021-11-05,DE,quantile,0.025,1.2638
2022-02-10,9 day R,2021-11-05,DE,quantile,0.975,1.7745
2022-02-10,9 day R,2021-11-06,DE,point,NA,1.5004
2022-02-10,9 day R,2021-11-06,DE,quantile,0.025,1.2512
2022-02-10,9 day R,2021-11-06,DE,quantile,0.975,1.7522
2022-02-10,9 day R,2021-11-07,DE,point,NA,1.4845
2022-02-10,9 day R,2021-11-07,DE,quantile,0.025,1.2345
2022-02-10,9 day R,2021-11-07,DE,quantile,0.975,1.7347
2022-02-10,9 day R,2021-11-08,DE,point,NA,1.4786
2022-02-10,9 day R,2021-11-08,DE,quantile,0.025,1.2301
2022-02-10,9 day R,2021-11-08,DE,quantile,0.975,1.7246
2022-02-10,9 day R,2021-11-09,DE,point,NA,1.4753
2022-02-10,9 day R,2021-11-09,DE,quantile,0.025,1.2264
2022-02-10,9 day R,2021-11-09,DE,quantile,0.975,1.725
2022-02-10,9 day R,2021-11-10,DE,point,NA,1.4779
2022-02-10,9 day R,2021-11-10,DE,quantile,0.025,1.23
2022-02-10,9 day R,2021-11-10,DE,quantile,0.975,1.7279
2022-02-10,9 day R,2021-11-11,DE,point,NA,1.472
2022-02-10,9 day R,2021-11-11,DE,quantile,0.025,1.2239
2022-02-10,9 day R,2021-11-11,DE,quantile,0.975,1.7175
2022-02-10,9 day R,2021-11-12,DE,point,NA,1.4563
2022-02-10,9 day R,2021-11-12,DE,quantile,0.025,1.2092
2022-02-10,9 day R,2021-11-12,DE,quantile,0.975,1.7034
2022-02-10,9 day R,2021-11-13,DE,point,NA,1.4415
2022-02-10,9 day R,2021-11-13,DE,quantile,0.025,1.1962
2022-02-10,9 day R,2021-11-13,DE,quantile,0.975,1.689
2022-02-10,9 day R,2021-11-14,DE,point,NA,1.4247
2022-02-10,9 day R,2021-11-14,DE,quantile,0.025,1.1793
2022-02-10,9 day R,2021-11-14,DE,quantile,0.975,1.672
2022-02-10,9 day R,2021-11-15,DE,point,NA,1.4125
2022-02-10,9 day R,2021-11-15,DE,quantile,0.025,1.1671
2022-02-10,9 day R,2021-11-15,DE,quantile,0.975,1.6597
2022-02-10,9 day R,2021-11-16,DE,point,NA,1.3992
2022-02-10,9 day R,2021-11-16,DE,quantile,0.025,1.1512
2022-02-10,9 day R,2021-11-16,DE,quantile,0.975,1.6432
2022-02-10,9 day R,2021-11-17,DE,point,NA,1.3928
2022-02-10,9 day R,2021-11-17,DE,quantile,0.025,1.1478
2022-02-10,9 day R,2021-11-17,DE,quantile,0.975,1.6396
2022-02-10,9 day R,2021-11-18,DE,point,NA,1.3788
2022-02-10,9 day R,2021-11-18,DE,quantile,0.025,1.1327
2022-02-10,9 day R,2021-11-18,DE,quantile,0.975,1.6255
2022-02-10,9 day R,2021-11-19,DE,point,NA,1.3662
2022-02-10,9 day R,2021-11-19,DE,quantile,0.025,1.1186
2022-02-10,9 day R,2021-11-19,DE,quantile,0.975,1.6127
2022-02-10,9 day R,2021-11-20,DE,point,NA,1.3543
2022-02-10,9 day R,2021-11-20,DE,quantile,0.025,1.1088
2022-02-10,9 day R,2021-11-20,DE,quantile,0.975,1.5974
2022-02-10,9 day R,2021-11-21,DE,point,NA,1.3352
2022-02-10,9 day R,2021-11-21,DE,quantile,0.025,1.0909
2022-02-10,9 day R,2021-11-21,DE,quantile,0.975,1.585
2022-02-10,9 day R,2021-11-22,DE,point,NA,1.3156
2022-02-10,9 day R,2021-11-22,DE,quantile,0.025,1.0697
2022-02-10,9 day R,2021-11-22,DE,quantile,0.975,1.5658
2022-02-10,9 day R,2021-11-23,DE,point,NA,1.2895
2022-02-10,9 day R,2021-11-23,DE,quantile,0.025,1.042
2022-02-10,9 day R,2021-11-23,DE,quantile,0.975,1.5401
2022-02-10,9 day R,2021-11-24,DE,point,NA,1.2693
2022-02-10,9 day R,2021-11-24,DE,quantile,0.025,1.0239
2022-02-10,9 day R,2021-11-24,DE,quantile,0.975,1.5208
2022-02-10,9 day R,2021-11-25,DE,point,NA,1.2471
2022-02-10,9 day R,2021-11-25,DE,quantile,0.025,1.0002
2022-02-10,9 day R,2021-11-25,DE,quantile,0.975,1.4982
2022-02-10,9 day R,2021-11-26,DE,point,NA,1.2234
2022-02-10,9 day R,2021-11-26,DE,quantile,0.025,0.973
2022-02-10,9 day R,2021-11-26,DE,quantile,0.975,1.4755
2022-02-10,9 day R,2021-11-27,DE,point,NA,1.1977
2022-02-10,9 day R,2021-11-27,DE,quantile,0.025,0.9475
2022-02-10,9 day R,2021-11-27,DE,quantile,0.975,1.4485
2022-02-10,9 day R,2021-11-28,DE,point,NA,1.1717
2022-02-10,9 day R,2021-11-28,DE,quantile,0.025,0.9246
2022-02-10,9 day R,2021-11-28,DE,quantile,0.975,1.4248
2022-02-10,9 day R,2021-11-29,DE,point,NA,1.1467
2022-02-10,9 day R,2021-11-29,DE,quantile,0.025,0.9021
2022-02-10,9 day R,2021-11-29,DE,quantile,0.975,1.3965
2022-02-10,9 day R,2021-11-30,DE,point,NA,1.1129
2022-02-10,9 day R,2021-11-30,DE,quantile,0.025,0.862
2022-02-10,9 day R,2021-11-30,DE,quantile,0.975,1.3595
2022-02-10,9 day R,2021-12-01,DE,point,NA,1.0939
2022-02-10,9 day R,2021-12-01,DE,quantile,0.025,0.8442
2022-02-10,9 day R,2021-12-01,DE,quantile,0.975,1.3394
2022-02-10,9 day R,2021-12-02,DE,point,NA,1.0741
2022-02-10,9 day R,2021-12-02,DE,quantile,0.025,0.8274
2022-02-10,9 day R,2021-12-02,DE,quantile,0.975,1.3195
2022-02-10,9 day R,2021-12-03,DE,point,NA,1.0613
2022-02-10,9 day R,2021-12-03,DE,quantile,0.025,0.8143
2022-02-10,9 day R,2021-12-03,DE,quantile,0.975,1.3102
2022-02-10,9 day R,2021-12-04,DE,point,NA,1.0405
2022-02-10,9 day R,2021-12-04,DE,quantile,0.025,0.7896
2022-02-10,9 day R,2021-12-04,DE,quantile,0.975,1.2874
2022-02-10,9 day R,2021-12-05,DE,point,NA,1.0183
2022-02-10,9 day R,2021-12-05,DE,quantile,0.025,0.7717
2022-02-10,9 day R,2021-12-05,DE,quantile,0.975,1.267
2022-02-10,9 day R,2021-12-06,DE,point,NA,0.9914
2022-02-10,9 day R,2021-12-06,DE,quantile,0.025,0.74
2022-02-10,9 day R,2021-12-06,DE,quantile,0.975,1.2389
2022-02-10,9 day R,2021-12-07,DE,point,NA,0.9861
2022-02-10,9 day R,2021-12-07,DE,quantile,0.025,0.7415
2022-02-10,9 day R,2021-12-07,DE,quantile,0.975,1.232
2022-02-10,9 day R,2021-12-08,DE,point,NA,0.9649
2022-02-10,9 day R,2021-12-08,DE,quantile,0.025,0.7177
2022-02-10,9 day R,2021-12-08,DE,quantile,0.975,1.2096
2022-02-10,9 day R,2021-12-09,DE,point,NA,0.9816
2022-02-10,9 day R,2021-12-09,DE,quantile,0.025,0.7327
2022-02-10,9 day R,2021-12-09,DE,quantile,0.975,1.2279
2022-02-10,9 day R,2021-12-10,DE,point,NA,0.9668
2022-02-10,9 day R,2021-12-10,DE,quantile,0.025,0.7244
2022-02-10,9 day R,2021-12-10,DE,quantile,0.975,1.2132
2022-02-10,9 day R,2021-12-11,DE,point,NA,0.9397
2022-02-10,9 day R,2021-12-11,DE,quantile,0.025,0.6981
2022-02-10,9 day R,2021-12-11,DE,quantile,0.975,1.186
2022-02-10,9 day R,2021-12-12,DE,point,NA,0.9171
2022-02-10,9 day R,2021-12-12,DE,quantile,0.025,0.6708
2022-02-10,9 day R,2021-12-12,DE,quantile,0.975,1.1643
2022-02-10,9 day R,2021-12-13,DE,point,NA,0.8881
2022-02-10,9 day R,2021-12-13,DE,quantile,0.025,0.6395
2022-02-10,9 day R,2021-12-13,DE,quantile,0.975,1.1367
2022-02-10,9 day R,2021-12-14,DE,point,NA,0.8543
2022-02-10,9 day R,2021-12-14,DE,quantile,0.025,0.6004
2022-02-10,9 day R,2021-12-14,DE,quantile,0.975,1.1054
2022-02-10,9 day R,2021-12-15,DE,point,NA,0.8434
2022-02-10,9 day R,2021-12-15,DE,quantile,0.025,0.5907
2022-02-10,9 day R,2021-12-15,DE,quantile,0.975,1.0962
2022-02-10,9 day R,2021-12-16,DE,point,NA,0.8362
2022-02-10,9 day R,2021-12-16,DE,quantile,0.025,0.5825
2022-02-10,9 day R,2021-12-16,DE,quantile,0.975,1.091
2022-02-10,9 day R,2021-12-17,DE,point,NA,0.8431
2022-02-10,9 day R,2021-12-17,DE,quantile,0.025,0.5793
2022-02-10,9 day R,2021-12-17,DE,quantile,0.975,1.1033
2022-02-10,9 day R,2021-12-18,DE,point,NA,0.8618
2022-02-10,9 day R,2021-12-18,DE,quantile,0.025,0.5916
2022-02-10,9 day R,2021-12-18,DE,quantile,0.975,1.1299
2022-02-10,9 day R,2021-12-19,DE,point,NA,0.8473
2022-02-10,9 day R,2021-12-19,DE,quantile,0.025,0.5677
2022-02-10,9 day R,2021-12-19,DE,quantile,0.975,1.1256
2022-02-10,9 day R,2021-12-20,DE,point,NA,0.8326
2022-02-10,9 day R,2021-12-20,DE,quantile,0.025,0.5459
2022-02-10,9 day R,2021-12-20,DE,quantile,0.975,1.1145
2022-02-10,9 day R,2021-12-21,DE,point,NA,0.8171
2022-02-10,9 day R,2021-12-21,DE,quantile,0.025,0.5461
2022-02-10,9 day R,2021-12-21,DE,quantile,0.975,1.0904
2022-02-10,9 day R,2021-12-22,DE,point,NA,0.7883
2022-02-10,9 day R,2021-12-22,DE,quantile,0.025,0.5255
2022-02-10,9 day R,2021-12-22,DE,quantile,0.975,1.053
2022-02-10,9 day R,2021-12-23,DE,point,NA,0.7773
2022-02-10,9 day R,2021-12-23,DE,quantile,0.025,0.5169
2022-02-10,9 day R,2021-12-23,DE,quantile,0.975,1.0399
2022-02-10,9 day R,2021-12-24,DE,point,NA,0.7855
2022-02-10,9 day R,2021-12-24,DE,quantile,0.025,0.5298
2022-02-10,9 day R,2021-12-24,DE,quantile,0.975,1.0399
2022-02-10,9 day R,2021-12-25,DE,point,NA,0.8182
2022-02-10,9 day R,2021-12-25,DE,quantile,0.025,0.5642
2022-02-10,9 day R,2021-12-25,DE,quantile,0.975,1.0682
2022-02-10,9 day R,2021-12-26,DE,point,NA,0.8519
2022-02-10,9 day R,2021-12-26,DE,quantile,0.025,0.6031
2022-02-10,9 day R,2021-12-26,DE,quantile,0.975,1.1012
2022-02-10,9 day R,2021-12-27,DE,point,NA,0.8772
2022-02-10,9 day R,2021-12-27,DE,quantile,0.025,0.6285
2022-02-10,9 day R,2021-12-27,DE,quantile,0.975,1.1231
2022-02-10,9 day R,2021-12-28,DE,point,NA,0.91
2022-02-10,9 day R,2021-12-28,DE,quantile,0.025,0.66
2022-02-10,9 day R,2021-12-28,DE,quantile,0.975,1.1551
2022-02-10,9 day R,2021-12-29,DE,point,NA,0.9714
2022-02-10,9 day R,2021-12-29,DE,quantile,0.025,0.7218
2022-02-10,9 day R,2021-12-29,DE,quantile,0.975,1.2183
2022-02-10,9 day R,2021-12-30,DE,point,NA,0.9966
2022-02-10,9 day R,2021-12-30,DE,quantile,0.025,0.75
2022-02-10,9 day R,2021-12-30,DE,quantile,0.975,1.2395
2022-02-10,9 day R,2021-12-31,DE,point,NA,1.025
2022-02-10,9 day R,2021-12-31,DE,quantile,0.025,0.7764
2022-02-10,9 day R,2021-12-31,DE,quantile,0.975,1.2709
2022-02-10,9 day R,2022-01-01,DE,point,NA,1.0675
2022-02-10,9 day R,2022-01-01,DE,quantile,0.025,0.8221
2022-02-10,9 day R,2022-01-01,DE,quantile,0.975,1.3148
2022-02-10,9 day R,2022-01-02,DE,point,NA,1.1397
2022-02-10,9 day R,2022-01-02,DE,quantile,0.025,0.8941
2022-02-10,9 day R,2022-01-02,DE,quantile,0.975,1.3877
2022-02-10,9 day R,2022-01-03,DE,point,NA,1.2119
2022-02-10,9 day R,2022-01-03,DE,quantile,0.025,0.9648
2022-02-10,9 day R,2022-01-03,DE,quantile,0.975,1.4607
2022-02-10,9 day R,2022-01-04,DE,point,NA,1.2437
2022-02-10,9 day R,2022-01-04,DE,quantile,0.025,0.9996
2022-02-10,9 day R,2022-01-04,DE,quantile,0.975,1.4924
2022-02-10,9 day R,2022-01-05,DE,point,NA,1.2709
2022-02-10,9 day R,2022-01-05,DE,quantile,0.025,1.0232
2022-02-10,9 day R,2022-01-05,DE,quantile,0.975,1.52
2022-02-10,9 day R,2022-01-06,DE,point,NA,1.2955
2022-02-10,9 day R,2022-01-06,DE,quantile,0.025,1.0478
2022-02-10,9 day R,2022-01-06,DE,quantile,0.975,1.5433
2022-02-10,9 day R,2022-01-07,DE,point,NA,1.3198
2022-02-10,9 day R,2022-01-07,DE,quantile,0.025,1.0743
2022-02-10,9 day R,2022-01-07,DE,quantile,0.975,1.5691
2022-02-10,9 day R,2022-01-08,DE,point,NA,1.3384
2022-02-10,9 day R,2022-01-08,DE,quantile,0.025,1.0875
2022-02-10,9 day R,2022-01-08,DE,quantile,0.975,1.586
2022-02-10,9 day R,2022-01-09,DE,point,NA,1.3568
2022-02-10,9 day R,2022-01-09,DE,quantile,0.025,1.1074
2022-02-10,9 day R,2022-01-09,DE,quantile,0.975,1.6063
2022-02-10,9 day R,2022-01-10,DE,point,NA,1.3817
2022-02-10,9 day R,2022-01-10,DE,quantile,0.025,1.1348
2022-02-10,9 day R,2022-01-10,DE,quantile,0.975,1.6279
2022-02-10,9 day R,2022-01-11,DE,point,NA,1.445
2022-02-10,9 day R,2022-01-11,DE,quantile,0.025,1.1966
2022-02-10,9 day R,2022-01-11,DE,quantile,0.975,1.6937
2022-02-10,9 day R,2022-01-12,DE,point,NA,1.4523
2022-02-10,9 day R,2022-01-12,DE,quantile,0.025,1.2034
2022-02-10,9 day R,2022-01-12,DE,quantile,0.975,1.7019
2022-02-10,9 day R,2022-01-13,DE,point,NA,1.4626
2022-02-10,9 day R,2022-01-13,DE,quantile,0.025,1.2155
2022-02-10,9 day R,2022-01-13,DE,quantile,0.975,1.713
2022-02-10,9 day R,2022-01-14,DE,point,NA,1.4688
2022-02-10,9 day R,2022-01-14,DE,quantile,0.025,1.2207
2022-02-10,9 day R,2022-01-14,DE,quantile,0.975,1.7199
2022-02-10,9 day R,2022-01-15,DE,point,NA,1.4757
2022-02-10,9 day R,2022-01-15,DE,quantile,0.025,1.2247
2022-02-10,9 day R,2022-01-15,DE,quantile,0.975,1.7234
2022-02-10,9 day R,2022-01-16,DE,point,NA,1.4901
2022-02-10,9 day R,2022-01-16,DE,quantile,0.025,1.2414
2022-02-10,9 day R,2022-01-16,DE,quantile,0.975,1.736
2022-02-10,9 day R,2022-01-17,DE,point,NA,1.5084
2022-02-10,9 day R,2022-01-17,DE,quantile,0.025,1.2621
2022-02-10,9 day R,2022-01-17,DE,quantile,0.975,1.7576
2022-02-10,9 day R,2022-01-18,DE,point,NA,1.5145
2022-02-10,9 day R,2022-01-18,DE,quantile,0.025,1.2698
2022-02-10,9 day R,2022-01-18,DE,quantile,0.975,1.7675
2022-02-10,9 day R,2022-01-19,DE,point,NA,1.5312
2022-02-10,9 day R,2022-01-19,DE,quantile,0.025,1.2872
2022-02-10,9 day R,2022-01-19,DE,quantile,0.975,1.7818
2022-02-10,9 day R,2022-01-20,DE,point,NA,1.5439
2022-02-10,9 day R,2022-01-20,DE,quantile,0.025,1.3009
2022-02-10,9 day R,2022-01-20,DE,quantile,0.975,1.7927
2022-02-10,9 day R,2022-01-21,DE,point,NA,1.5452
2022-02-10,9 day R,2022-01-21,DE,quantile,0.025,1.3013
2022-02-10,9 day R,2022-01-21,DE,quantile,0.975,1.7909
2022-02-10,9 day R,2022-01-22,DE,point,NA,1.5383
2022-02-10,9 day R,2022-01-22,DE,quantile,0.025,1.296
2022-02-10,9 day R,2022-01-22,DE,quantile,0.975,1.7874
2022-02-10,9 day R,2022-01-23,DE,point,NA,1.5307
2022-02-10,9 day R,2022-01-23,DE,quantile,0.025,1.2883
2022-02-10,9 day R,2022-01-23,DE,quantile,0.975,1.7765
2022-02-10,9 day R,2022-01-24,DE,point,NA,1.5229
2022-02-10,9 day R,2022-01-24,DE,quantile,0.025,1.2748
2022-02-10,9 day R,2022-01-24,DE,quantile,0.975,1.7725
2022-02-10,9 day R,2022-01-25,DE,point,NA,1.5007
2022-02-10,9 day R,2022-01-25,DE,quantile,0.025,1.2543
2022-02-10,9 day R,2022-01-25,DE,quantile,0.975,1.7498
2022-02-10,9 day R,2022-01-26,DE,point,NA,1.487
2022-02-10,9 day R,2022-01-26,DE,quantile,0.025,1.2415
2022-02-10,9 day R,2022-01-26,DE,quantile,0.975,1.7333
2022-02-10,9 day R,2022-01-27,DE,point,NA,1.4625
2022-02-10,9 day R,2022-01-27,DE,quantile,0.025,1.2148
2022-02-10,9 day R,2022-01-27,DE,quantile,0.975,1.7074
2022-02-10,9 day R,2022-01-28,DE,point,NA,1.4506
2022-02-10,9 day R,2022-01-28,DE,quantile,0.025,1.2062
2022-02-10,9 day R,2022-01-28,DE,quantile,0.975,1.6984
2022-02-10,9 day R,2022-01-29,DE,point,NA,1.4344
2022-02-10,9 day R,2022-01-29,DE,quantile,0.025,1.1869
2022-02-10,9 day R,2022-01-29,DE,quantile,0.975,1.6801
2022-02-10,9 day R,2022-01-30,DE,point,NA,1.4157
2022-02-10,9 day R,2022-01-30,DE,quantile,0.025,1.1671
2022-02-10,9 day R,2022-01-30,DE,quantile,0.975,1.6625
2022-02-10,9 day R,2022-01-31,DE,point,NA,1.3961
2022-02-10,9 day R,2022-01-31,DE,quantile,0.025,1.147
2022-02-10,9 day R,2022-01-31,DE,quantile,0.975,1.6489
2022-02-10,9 day R,2022-02-01,DE,point,NA,1.3578
2022-02-10,9 day R,2022-02-01,DE,quantile,0.025,1.1052
2022-02-10,9 day R,2022-02-01,DE,quantile,0.975,1.6076
2022-02-10,9 day R,2022-02-02,DE,point,NA,1.3457
2022-02-10,9 day R,2022-02-02,DE,quantile,0.025,1.0899
2022-02-10,9 day R,2022-02-02,DE,quantile,0.975,1.6031
2022-02-10,9 day R,2022-02-03,DE,point,NA,1.3432
2022-02-10,9 day R,2022-02-03,DE,quantile,0.025,1.0859
2022-02-10,9 day R,2022-02-03,DE,quantile,0.975,1.5986
2022-02-10,9 day R,2022-02-04,DE,point,NA,1.3344
2022-02-10,9 day R,2022-02-04,DE,quantile,0.025,1.0727
2022-02-10,9 day R,2022-02-04,DE,quantile,0.975,1.6004
2022-02-10,9 day R,2022-02-05,DE,point,NA,1.325
2022-02-10,9 day R,2022-02-05,DE,quantile,0.025,1.0503
2022-02-10,9 day R,2022-02-05,DE,quantile,0.975,1.5982
2022-02-10,9 day R,2022-02-06,DE,point,NA,1.3143
2022-02-10,9 day R,2022-02-06,DE,quantile,0.025,1.0239
2022-02-10,9 day R,2022-02-06,DE,quantile,0.975,1.5998000000000001
2022-02-10,9 day R,2022-02-07,DE,point,NA,1.3066
2022-02-10,9 day R,2022-02-07,DE,quantile,0.025,0.9917
2022-02-10,9 day R,2022-02-07,DE,quantile,0.975,1.6191
2022-02-10,9 day R,2022-02-08,DE,point,NA,1.3309
2022-02-10,9 day R,2022-02-08,DE,quantile,0.025,0.9876
2022-02-10,9 day R,2022-02-08,DE,quantile,0.975,1.6753
