"data_version","target","date","location","type","quantile","value"
"2021-02-20","7 day R","2020-01-05","DE","point","NA",0.96594249062895
"2021-02-20","7 day R","2020-01-05","DE","quantile","0.025",0.706446316983256
"2021-02-20","7 day R","2020-01-05","DE","quantile","0.975",1.26540285821711
"2021-02-20","7 day R","2020-01-06","DE","point","NA",0.96594249062895
"2021-02-20","7 day R","2020-01-06","DE","quantile","0.025",0.706446316983256
"2021-02-20","7 day R","2020-01-06","DE","quantile","0.975",1.26540285821711
"2021-02-20","7 day R","2020-01-07","DE","point","NA",0.96594249062895
"2021-02-20","7 day R","2020-01-07","DE","quantile","0.025",0.706446316983256
"2021-02-20","7 day R","2020-01-07","DE","quantile","0.975",1.26540285821711
"2021-02-20","7 day R","2020-01-08","DE","point","NA",0.96594249062895
"2021-02-20","7 day R","2020-01-08","DE","quantile","0.025",0.706446316983256
"2021-02-20","7 day R","2020-01-08","DE","quantile","0.975",1.26540285821711
"2021-02-20","7 day R","2020-01-09","DE","point","NA",0.96594249062895
"2021-02-20","7 day R","2020-01-09","DE","quantile","0.025",0.706446316983256
"2021-02-20","7 day R","2020-01-09","DE","quantile","0.975",1.26540285821711
"2021-02-20","7 day R","2020-01-10","DE","point","NA",0.96594249062895
"2021-02-20","7 day R","2020-01-10","DE","quantile","0.025",0.706446316983256
"2021-02-20","7 day R","2020-01-10","DE","quantile","0.975",1.26540285821711
"2021-02-20","7 day R","2020-01-11","DE","point","NA",0.96594249062895
"2021-02-20","7 day R","2020-01-11","DE","quantile","0.025",0.706446316983256
"2021-02-20","7 day R","2020-01-11","DE","quantile","0.975",1.26540285821711
"2021-02-20","7 day R","2020-01-12","DE","point","NA",0.96594249062895
"2021-02-20","7 day R","2020-01-12","DE","quantile","0.025",0.706446316983256
"2021-02-20","7 day R","2020-01-12","DE","quantile","0.975",1.26540285821711
"2021-02-20","7 day R","2020-01-13","DE","point","NA",0.96594249062895
"2021-02-20","7 day R","2020-01-13","DE","quantile","0.025",0.706446316983256
"2021-02-20","7 day R","2020-01-13","DE","quantile","0.975",1.26540285821711
"2021-02-20","7 day R","2020-01-14","DE","point","NA",0.96594249062895
"2021-02-20","7 day R","2020-01-14","DE","quantile","0.025",0.706446316983256
"2021-02-20","7 day R","2020-01-14","DE","quantile","0.975",1.26540285821711
"2021-02-20","7 day R","2020-01-15","DE","point","NA",0.96594249062895
"2021-02-20","7 day R","2020-01-15","DE","quantile","0.025",0.706446316983256
"2021-02-20","7 day R","2020-01-15","DE","quantile","0.975",1.26540285821711
"2021-02-20","7 day R","2020-01-16","DE","point","NA",0.96594249062895
"2021-02-20","7 day R","2020-01-16","DE","quantile","0.025",0.706446316983256
"2021-02-20","7 day R","2020-01-16","DE","quantile","0.975",1.26540285821711
"2021-02-20","7 day R","2020-01-17","DE","point","NA",0.96594249062895
"2021-02-20","7 day R","2020-01-17","DE","quantile","0.025",0.706446316983256
"2021-02-20","7 day R","2020-01-17","DE","quantile","0.975",1.26540285821711
"2021-02-20","7 day R","2020-01-18","DE","point","NA",0.96594249062895
"2021-02-20","7 day R","2020-01-18","DE","quantile","0.025",0.706446316983256
"2021-02-20","7 day R","2020-01-18","DE","quantile","0.975",1.26540285821711
"2021-02-20","7 day R","2020-01-19","DE","point","NA",0.96594249062895
"2021-02-20","7 day R","2020-01-19","DE","quantile","0.025",0.706446316983256
"2021-02-20","7 day R","2020-01-19","DE","quantile","0.975",1.26540285821711
"2021-02-20","7 day R","2020-01-20","DE","point","NA",0.96594249062895
"2021-02-20","7 day R","2020-01-20","DE","quantile","0.025",0.706446316983256
"2021-02-20","7 day R","2020-01-20","DE","quantile","0.975",1.26540285821711
"2021-02-20","7 day R","2020-01-21","DE","point","NA",0.96594249062895
"2021-02-20","7 day R","2020-01-21","DE","quantile","0.025",0.706446316983256
"2021-02-20","7 day R","2020-01-21","DE","quantile","0.975",1.26540285821711
"2021-02-20","7 day R","2020-01-22","DE","point","NA",0.96594249062895
"2021-02-20","7 day R","2020-01-22","DE","quantile","0.025",0.706446316983256
"2021-02-20","7 day R","2020-01-22","DE","quantile","0.975",1.26540285821711
"2021-02-20","7 day R","2020-01-23","DE","point","NA",0.96594249062895
"2021-02-20","7 day R","2020-01-23","DE","quantile","0.025",0.706446316983256
"2021-02-20","7 day R","2020-01-23","DE","quantile","0.975",1.26540285821711
"2021-02-20","7 day R","2020-01-24","DE","point","NA",1.43428048103625
"2021-02-20","7 day R","2020-01-24","DE","quantile","0.025",0.959582992798472
"2021-02-20","7 day R","2020-01-24","DE","quantile","0.975",2.00286142689353
"2021-02-20","7 day R","2020-01-25","DE","point","NA",1.43428048103625
"2021-02-20","7 day R","2020-01-25","DE","quantile","0.025",0.959582992798472
"2021-02-20","7 day R","2020-01-25","DE","quantile","0.975",2.00286142689353
"2021-02-20","7 day R","2020-01-26","DE","point","NA",1.43428048103625
"2021-02-20","7 day R","2020-01-26","DE","quantile","0.025",0.959582992798472
"2021-02-20","7 day R","2020-01-26","DE","quantile","0.975",2.00286142689353
"2021-02-20","7 day R","2020-01-27","DE","point","NA",1.43428048103625
"2021-02-20","7 day R","2020-01-27","DE","quantile","0.025",0.959582992798472
"2021-02-20","7 day R","2020-01-27","DE","quantile","0.975",2.00286142689353
"2021-02-20","7 day R","2020-01-28","DE","point","NA",1.43428048103625
"2021-02-20","7 day R","2020-01-28","DE","quantile","0.025",0.959582992798472
"2021-02-20","7 day R","2020-01-28","DE","quantile","0.975",2.00286142689353
"2021-02-20","7 day R","2020-01-29","DE","point","NA",1.43428048103625
"2021-02-20","7 day R","2020-01-29","DE","quantile","0.025",0.959582992798472
"2021-02-20","7 day R","2020-01-29","DE","quantile","0.975",2.00286142689353
"2021-02-20","7 day R","2020-01-30","DE","point","NA",1.43428048103625
"2021-02-20","7 day R","2020-01-30","DE","quantile","0.025",0.959582992798472
"2021-02-20","7 day R","2020-01-30","DE","quantile","0.975",2.00286142689353
"2021-02-20","7 day R","2020-01-31","DE","point","NA",1.43428048103625
"2021-02-20","7 day R","2020-01-31","DE","quantile","0.025",0.959582992798472
"2021-02-20","7 day R","2020-01-31","DE","quantile","0.975",2.00286142689353
"2021-02-20","7 day R","2020-02-01","DE","point","NA",1.43428048103625
"2021-02-20","7 day R","2020-02-01","DE","quantile","0.025",0.959582992798472
"2021-02-20","7 day R","2020-02-01","DE","quantile","0.975",2.00286142689353
"2021-02-20","7 day R","2020-02-02","DE","point","NA",1.43428048103625
"2021-02-20","7 day R","2020-02-02","DE","quantile","0.025",0.959582992798472
"2021-02-20","7 day R","2020-02-02","DE","quantile","0.975",2.00286142689353
"2021-02-20","7 day R","2020-02-03","DE","point","NA",1.43428048103625
"2021-02-20","7 day R","2020-02-03","DE","quantile","0.025",0.959582992798472
"2021-02-20","7 day R","2020-02-03","DE","quantile","0.975",2.00286142689353
"2021-02-20","7 day R","2020-02-04","DE","point","NA",1.43428048103625
"2021-02-20","7 day R","2020-02-04","DE","quantile","0.025",0.959582992798472
"2021-02-20","7 day R","2020-02-04","DE","quantile","0.975",2.00286142689353
"2021-02-20","7 day R","2020-02-05","DE","point","NA",1.43428048103625
"2021-02-20","7 day R","2020-02-05","DE","quantile","0.025",0.959582992798472
"2021-02-20","7 day R","2020-02-05","DE","quantile","0.975",2.00286142689353
"2021-02-20","7 day R","2020-02-06","DE","point","NA",1.43428048103625
"2021-02-20","7 day R","2020-02-06","DE","quantile","0.025",0.959582992798472
"2021-02-20","7 day R","2020-02-06","DE","quantile","0.975",2.00286142689353
"2021-02-20","7 day R","2020-02-07","DE","point","NA",1.43428048103625
"2021-02-20","7 day R","2020-02-07","DE","quantile","0.025",0.959582992798472
"2021-02-20","7 day R","2020-02-07","DE","quantile","0.975",2.00286142689353
"2021-02-20","7 day R","2020-02-08","DE","point","NA",1.43428048103625
"2021-02-20","7 day R","2020-02-08","DE","quantile","0.025",0.959582992798472
"2021-02-20","7 day R","2020-02-08","DE","quantile","0.975",2.00286142689353
"2021-02-20","7 day R","2020-02-09","DE","point","NA",1.43428048103625
"2021-02-20","7 day R","2020-02-09","DE","quantile","0.025",0.959582992798472
"2021-02-20","7 day R","2020-02-09","DE","quantile","0.975",2.00286142689353
"2021-02-20","7 day R","2020-02-10","DE","point","NA",1.43428048103625
"2021-02-20","7 day R","2020-02-10","DE","quantile","0.025",0.959582992798472
"2021-02-20","7 day R","2020-02-10","DE","quantile","0.975",2.00286142689353
"2021-02-20","7 day R","2020-02-11","DE","point","NA",1.43428048103625
"2021-02-20","7 day R","2020-02-11","DE","quantile","0.025",0.959582992798472
"2021-02-20","7 day R","2020-02-11","DE","quantile","0.975",2.00286142689353
"2021-02-20","7 day R","2020-02-12","DE","point","NA",2.8211006288114
"2021-02-20","7 day R","2020-02-12","DE","quantile","0.025",2.65921815194081
"2021-02-20","7 day R","2020-02-12","DE","quantile","0.975",2.982983105682
"2021-02-20","7 day R","2020-02-13","DE","point","NA",2.8211006288114
"2021-02-20","7 day R","2020-02-13","DE","quantile","0.025",2.65921815194081
"2021-02-20","7 day R","2020-02-13","DE","quantile","0.975",2.982983105682
"2021-02-20","7 day R","2020-02-14","DE","point","NA",2.8211006288114
"2021-02-20","7 day R","2020-02-14","DE","quantile","0.025",2.65921815194081
"2021-02-20","7 day R","2020-02-14","DE","quantile","0.975",2.982983105682
"2021-02-20","7 day R","2020-02-15","DE","point","NA",2.8211006288114
"2021-02-20","7 day R","2020-02-15","DE","quantile","0.025",2.65921815194081
"2021-02-20","7 day R","2020-02-15","DE","quantile","0.975",2.982983105682
"2021-02-20","7 day R","2020-02-16","DE","point","NA",2.8211006288114
"2021-02-20","7 day R","2020-02-16","DE","quantile","0.025",2.65921815194081
"2021-02-20","7 day R","2020-02-16","DE","quantile","0.975",2.982983105682
"2021-02-20","7 day R","2020-02-17","DE","point","NA",2.8211006288114
"2021-02-20","7 day R","2020-02-17","DE","quantile","0.025",2.65921815194081
"2021-02-20","7 day R","2020-02-17","DE","quantile","0.975",2.982983105682
"2021-02-20","7 day R","2020-02-18","DE","point","NA",2.8211006288114
"2021-02-20","7 day R","2020-02-18","DE","quantile","0.025",2.65921815194081
"2021-02-20","7 day R","2020-02-18","DE","quantile","0.975",2.982983105682
"2021-02-20","7 day R","2020-02-19","DE","point","NA",2.8211006288114
"2021-02-20","7 day R","2020-02-19","DE","quantile","0.025",2.65921815194081
"2021-02-20","7 day R","2020-02-19","DE","quantile","0.975",2.982983105682
"2021-02-20","7 day R","2020-02-20","DE","point","NA",2.8211006288114
"2021-02-20","7 day R","2020-02-20","DE","quantile","0.025",2.65921815194081
"2021-02-20","7 day R","2020-02-20","DE","quantile","0.975",2.982983105682
"2021-02-20","7 day R","2020-02-21","DE","point","NA",2.8211006288114
"2021-02-20","7 day R","2020-02-21","DE","quantile","0.025",2.65921815194081
"2021-02-20","7 day R","2020-02-21","DE","quantile","0.975",2.982983105682
"2021-02-20","7 day R","2020-02-22","DE","point","NA",2.8211006288114
"2021-02-20","7 day R","2020-02-22","DE","quantile","0.025",2.65921815194081
"2021-02-20","7 day R","2020-02-22","DE","quantile","0.975",2.982983105682
"2021-02-20","7 day R","2020-02-23","DE","point","NA",2.8211006288114
"2021-02-20","7 day R","2020-02-23","DE","quantile","0.025",2.65921815194081
"2021-02-20","7 day R","2020-02-23","DE","quantile","0.975",2.982983105682
"2021-02-20","7 day R","2020-02-24","DE","point","NA",2.8211006288114
"2021-02-20","7 day R","2020-02-24","DE","quantile","0.025",2.65921815194081
"2021-02-20","7 day R","2020-02-24","DE","quantile","0.975",2.982983105682
"2021-02-20","7 day R","2020-02-25","DE","point","NA",2.8211006288114
"2021-02-20","7 day R","2020-02-25","DE","quantile","0.025",2.65921815194081
"2021-02-20","7 day R","2020-02-25","DE","quantile","0.975",2.982983105682
"2021-02-20","7 day R","2020-02-26","DE","point","NA",2.65601687161011
"2021-02-20","7 day R","2020-02-26","DE","quantile","0.025",2.48943407121086
"2021-02-20","7 day R","2020-02-26","DE","quantile","0.975",2.82791814691174
"2021-02-20","7 day R","2020-02-27","DE","point","NA",2.65601687161011
"2021-02-20","7 day R","2020-02-27","DE","quantile","0.025",2.48943407121086
"2021-02-20","7 day R","2020-02-27","DE","quantile","0.975",2.82791814691174
"2021-02-20","7 day R","2020-02-28","DE","point","NA",2.85726082854402
"2021-02-20","7 day R","2020-02-28","DE","quantile","0.025",2.63946962670388
"2021-02-20","7 day R","2020-02-28","DE","quantile","0.975",3.07505203038416
"2021-02-20","7 day R","2020-02-29","DE","point","NA",2.39072348831623
"2021-02-20","7 day R","2020-02-29","DE","quantile","0.025",2.29407243436519
"2021-02-20","7 day R","2020-02-29","DE","quantile","0.975",2.48737454226726
"2021-02-20","7 day R","2020-03-01","DE","point","NA",2.39072348831623
"2021-02-20","7 day R","2020-03-01","DE","quantile","0.025",2.29407243436519
"2021-02-20","7 day R","2020-03-01","DE","quantile","0.975",2.48737454226726
"2021-02-20","7 day R","2020-03-02","DE","point","NA",2.39072348831623
"2021-02-20","7 day R","2020-03-02","DE","quantile","0.025",2.29407243436519
"2021-02-20","7 day R","2020-03-02","DE","quantile","0.975",2.48737454226726
"2021-02-20","7 day R","2020-03-03","DE","point","NA",2.39072348831623
"2021-02-20","7 day R","2020-03-03","DE","quantile","0.025",2.29407243436519
"2021-02-20","7 day R","2020-03-03","DE","quantile","0.975",2.48737454226726
"2021-02-20","7 day R","2020-03-04","DE","point","NA",2.39072348831623
"2021-02-20","7 day R","2020-03-04","DE","quantile","0.025",2.29407243436519
"2021-02-20","7 day R","2020-03-04","DE","quantile","0.975",2.48737454226726
"2021-02-20","7 day R","2020-03-05","DE","point","NA",2.39072348831623
"2021-02-20","7 day R","2020-03-05","DE","quantile","0.025",2.29407243436519
"2021-02-20","7 day R","2020-03-05","DE","quantile","0.975",2.48737454226726
"2021-02-20","7 day R","2020-03-06","DE","point","NA",2.39072348831623
"2021-02-20","7 day R","2020-03-06","DE","quantile","0.025",2.29407243436519
"2021-02-20","7 day R","2020-03-06","DE","quantile","0.975",2.48737454226726
"2021-02-20","7 day R","2020-03-07","DE","point","NA",2.39072348831623
"2021-02-20","7 day R","2020-03-07","DE","quantile","0.025",2.29407243436519
"2021-02-20","7 day R","2020-03-07","DE","quantile","0.975",2.48737454226726
"2021-02-20","7 day R","2020-03-08","DE","point","NA",2.39072348831623
"2021-02-20","7 day R","2020-03-08","DE","quantile","0.025",2.29407243436519
"2021-02-20","7 day R","2020-03-08","DE","quantile","0.975",2.48737454226726
"2021-02-20","7 day R","2020-03-09","DE","point","NA",1.75122408738514
"2021-02-20","7 day R","2020-03-09","DE","quantile","0.025",1.6407112614854
"2021-02-20","7 day R","2020-03-09","DE","quantile","0.975",1.86173691328487
"2021-02-20","7 day R","2020-03-10","DE","point","NA",1.29760906939747
"2021-02-20","7 day R","2020-03-10","DE","quantile","0.025",1.22170477617736
"2021-02-20","7 day R","2020-03-10","DE","quantile","0.975",1.37351336261757
"2021-02-20","7 day R","2020-03-11","DE","point","NA",1.29760906939747
"2021-02-20","7 day R","2020-03-11","DE","quantile","0.025",1.22170477617736
"2021-02-20","7 day R","2020-03-11","DE","quantile","0.975",1.37351336261757
"2021-02-20","7 day R","2020-03-12","DE","point","NA",1.29760906939747
"2021-02-20","7 day R","2020-03-12","DE","quantile","0.025",1.22170477617736
"2021-02-20","7 day R","2020-03-12","DE","quantile","0.975",1.37351336261757
"2021-02-20","7 day R","2020-03-13","DE","point","NA",1.29760906939747
"2021-02-20","7 day R","2020-03-13","DE","quantile","0.025",1.22170477617736
"2021-02-20","7 day R","2020-03-13","DE","quantile","0.975",1.37351336261757
"2021-02-20","7 day R","2020-03-14","DE","point","NA",1.29760906939747
"2021-02-20","7 day R","2020-03-14","DE","quantile","0.025",1.22170477617736
"2021-02-20","7 day R","2020-03-14","DE","quantile","0.975",1.37351336261757
"2021-02-20","7 day R","2020-03-15","DE","point","NA",1.29760906939747
"2021-02-20","7 day R","2020-03-15","DE","quantile","0.025",1.22170477617736
"2021-02-20","7 day R","2020-03-15","DE","quantile","0.975",1.37351336261757
"2021-02-20","7 day R","2020-03-16","DE","point","NA",1.01149550665769
"2021-02-20","7 day R","2020-03-16","DE","quantile","0.025",0.942759327917018
"2021-02-20","7 day R","2020-03-16","DE","quantile","0.975",1.08023168539836
"2021-02-20","7 day R","2020-03-17","DE","point","NA",1.01149550665769
"2021-02-20","7 day R","2020-03-17","DE","quantile","0.025",0.942759327917018
"2021-02-20","7 day R","2020-03-17","DE","quantile","0.975",1.08023168539836
"2021-02-20","7 day R","2020-03-18","DE","point","NA",0.952702161745411
"2021-02-20","7 day R","2020-03-18","DE","quantile","0.025",0.887771029274515
"2021-02-20","7 day R","2020-03-18","DE","quantile","0.975",1.01763329421631
"2021-02-20","7 day R","2020-03-19","DE","point","NA",0.929519900595912
"2021-02-20","7 day R","2020-03-19","DE","quantile","0.025",0.866405041873972
"2021-02-20","7 day R","2020-03-19","DE","quantile","0.975",0.992634759317851
"2021-02-20","7 day R","2020-03-20","DE","point","NA",0.912782758604067
"2021-02-20","7 day R","2020-03-20","DE","quantile","0.025",0.851476950343323
"2021-02-20","7 day R","2020-03-20","DE","quantile","0.975",0.974088566864811
"2021-02-20","7 day R","2020-03-21","DE","point","NA",0.901782158652325
"2021-02-20","7 day R","2020-03-21","DE","quantile","0.025",0.843348882941178
"2021-02-20","7 day R","2020-03-21","DE","quantile","0.975",0.960215434363472
"2021-02-20","7 day R","2020-03-22","DE","point","NA",0.82214991316515
"2021-02-20","7 day R","2020-03-22","DE","quantile","0.025",0.808501943609618
"2021-02-20","7 day R","2020-03-22","DE","quantile","0.975",0.835797882720682
"2021-02-20","7 day R","2020-03-23","DE","point","NA",0.82214991316515
"2021-02-20","7 day R","2020-03-23","DE","quantile","0.025",0.808501943609618
"2021-02-20","7 day R","2020-03-23","DE","quantile","0.975",0.835797882720682
"2021-02-20","7 day R","2020-03-24","DE","point","NA",0.82214991316515
"2021-02-20","7 day R","2020-03-24","DE","quantile","0.025",0.808501943609618
"2021-02-20","7 day R","2020-03-24","DE","quantile","0.975",0.835797882720682
"2021-02-20","7 day R","2020-03-25","DE","point","NA",0.82214991316515
"2021-02-20","7 day R","2020-03-25","DE","quantile","0.025",0.808501943609618
"2021-02-20","7 day R","2020-03-25","DE","quantile","0.975",0.835797882720682
"2021-02-20","7 day R","2020-03-26","DE","point","NA",0.82214991316515
"2021-02-20","7 day R","2020-03-26","DE","quantile","0.025",0.808501943609618
"2021-02-20","7 day R","2020-03-26","DE","quantile","0.975",0.835797882720682
"2021-02-20","7 day R","2020-03-27","DE","point","NA",0.82214991316515
"2021-02-20","7 day R","2020-03-27","DE","quantile","0.025",0.808501943609618
"2021-02-20","7 day R","2020-03-27","DE","quantile","0.975",0.835797882720682
"2021-02-20","7 day R","2020-03-28","DE","point","NA",0.82214991316515
"2021-02-20","7 day R","2020-03-28","DE","quantile","0.025",0.808501943609618
"2021-02-20","7 day R","2020-03-28","DE","quantile","0.975",0.835797882720682
"2021-02-20","7 day R","2020-03-29","DE","point","NA",0.82214991316515
"2021-02-20","7 day R","2020-03-29","DE","quantile","0.025",0.808501943609618
"2021-02-20","7 day R","2020-03-29","DE","quantile","0.975",0.835797882720682
"2021-02-20","7 day R","2020-03-30","DE","point","NA",0.82214991316515
"2021-02-20","7 day R","2020-03-30","DE","quantile","0.025",0.808501943609618
"2021-02-20","7 day R","2020-03-30","DE","quantile","0.975",0.835797882720682
"2021-02-20","7 day R","2020-03-31","DE","point","NA",0.82214991316515
"2021-02-20","7 day R","2020-03-31","DE","quantile","0.025",0.808501943609618
"2021-02-20","7 day R","2020-03-31","DE","quantile","0.975",0.835797882720682
"2021-02-20","7 day R","2020-04-01","DE","point","NA",0.82214991316515
"2021-02-20","7 day R","2020-04-01","DE","quantile","0.025",0.808501943609618
"2021-02-20","7 day R","2020-04-01","DE","quantile","0.975",0.835797882720682
"2021-02-20","7 day R","2020-04-02","DE","point","NA",0.82214991316515
"2021-02-20","7 day R","2020-04-02","DE","quantile","0.025",0.808501943609618
"2021-02-20","7 day R","2020-04-02","DE","quantile","0.975",0.835797882720682
"2021-02-20","7 day R","2020-04-03","DE","point","NA",0.82214991316515
"2021-02-20","7 day R","2020-04-03","DE","quantile","0.025",0.808501943609618
"2021-02-20","7 day R","2020-04-03","DE","quantile","0.975",0.835797882720682
"2021-02-20","7 day R","2020-04-04","DE","point","NA",0.82214991316515
"2021-02-20","7 day R","2020-04-04","DE","quantile","0.025",0.808501943609618
"2021-02-20","7 day R","2020-04-04","DE","quantile","0.975",0.835797882720682
"2021-02-20","7 day R","2020-04-05","DE","point","NA",0.82214991316515
"2021-02-20","7 day R","2020-04-05","DE","quantile","0.025",0.808501943609618
"2021-02-20","7 day R","2020-04-05","DE","quantile","0.975",0.835797882720682
"2021-02-20","7 day R","2020-04-06","DE","point","NA",0.82214991316515
"2021-02-20","7 day R","2020-04-06","DE","quantile","0.025",0.808501943609618
"2021-02-20","7 day R","2020-04-06","DE","quantile","0.975",0.835797882720682
"2021-02-20","7 day R","2020-04-07","DE","point","NA",0.82214991316515
"2021-02-20","7 day R","2020-04-07","DE","quantile","0.025",0.808501943609618
"2021-02-20","7 day R","2020-04-07","DE","quantile","0.975",0.835797882720682
"2021-02-20","7 day R","2020-04-08","DE","point","NA",0.82214991316515
"2021-02-20","7 day R","2020-04-08","DE","quantile","0.025",0.808501943609618
"2021-02-20","7 day R","2020-04-08","DE","quantile","0.975",0.835797882720682
"2021-02-20","7 day R","2020-04-09","DE","point","NA",0.82214991316515
"2021-02-20","7 day R","2020-04-09","DE","quantile","0.025",0.808501943609618
"2021-02-20","7 day R","2020-04-09","DE","quantile","0.975",0.835797882720682
"2021-02-20","7 day R","2020-04-10","DE","point","NA",0.82214991316515
"2021-02-20","7 day R","2020-04-10","DE","quantile","0.025",0.808501943609618
"2021-02-20","7 day R","2020-04-10","DE","quantile","0.975",0.835797882720682
"2021-02-20","7 day R","2020-04-11","DE","point","NA",0.82214991316515
"2021-02-20","7 day R","2020-04-11","DE","quantile","0.025",0.808501943609618
"2021-02-20","7 day R","2020-04-11","DE","quantile","0.975",0.835797882720682
"2021-02-20","7 day R","2020-04-12","DE","point","NA",0.82214991316515
"2021-02-20","7 day R","2020-04-12","DE","quantile","0.025",0.808501943609618
"2021-02-20","7 day R","2020-04-12","DE","quantile","0.975",0.835797882720682
"2021-02-20","7 day R","2020-04-13","DE","point","NA",0.82214991316515
"2021-02-20","7 day R","2020-04-13","DE","quantile","0.025",0.808501943609618
"2021-02-20","7 day R","2020-04-13","DE","quantile","0.975",0.835797882720682
"2021-02-20","7 day R","2020-04-14","DE","point","NA",0.82214991316515
"2021-02-20","7 day R","2020-04-14","DE","quantile","0.025",0.808501943609618
"2021-02-20","7 day R","2020-04-14","DE","quantile","0.975",0.835797882720682
"2021-02-20","7 day R","2020-04-15","DE","point","NA",0.82214991316515
"2021-02-20","7 day R","2020-04-15","DE","quantile","0.025",0.808501943609618
"2021-02-20","7 day R","2020-04-15","DE","quantile","0.975",0.835797882720682
"2021-02-20","7 day R","2020-04-16","DE","point","NA",0.82214991316515
"2021-02-20","7 day R","2020-04-16","DE","quantile","0.025",0.808501943609618
"2021-02-20","7 day R","2020-04-16","DE","quantile","0.975",0.835797882720682
"2021-02-20","7 day R","2020-04-17","DE","point","NA",0.82214991316515
"2021-02-20","7 day R","2020-04-17","DE","quantile","0.025",0.808501943609618
"2021-02-20","7 day R","2020-04-17","DE","quantile","0.975",0.835797882720682
"2021-02-20","7 day R","2020-04-18","DE","point","NA",0.82214991316515
"2021-02-20","7 day R","2020-04-18","DE","quantile","0.025",0.808501943609618
"2021-02-20","7 day R","2020-04-18","DE","quantile","0.975",0.835797882720682
"2021-02-20","7 day R","2020-04-19","DE","point","NA",0.82214991316515
"2021-02-20","7 day R","2020-04-19","DE","quantile","0.025",0.808501943609618
"2021-02-20","7 day R","2020-04-19","DE","quantile","0.975",0.835797882720682
"2021-02-20","7 day R","2020-04-20","DE","point","NA",0.82214991316515
"2021-02-20","7 day R","2020-04-20","DE","quantile","0.025",0.808501943609618
"2021-02-20","7 day R","2020-04-20","DE","quantile","0.975",0.835797882720682
"2021-02-20","7 day R","2020-04-21","DE","point","NA",0.82214991316515
"2021-02-20","7 day R","2020-04-21","DE","quantile","0.025",0.808501943609618
"2021-02-20","7 day R","2020-04-21","DE","quantile","0.975",0.835797882720682
"2021-02-20","7 day R","2020-04-22","DE","point","NA",0.82214991316515
"2021-02-20","7 day R","2020-04-22","DE","quantile","0.025",0.808501943609618
"2021-02-20","7 day R","2020-04-22","DE","quantile","0.975",0.835797882720682
"2021-02-20","7 day R","2020-04-23","DE","point","NA",0.82214991316515
"2021-02-20","7 day R","2020-04-23","DE","quantile","0.025",0.808501943609618
"2021-02-20","7 day R","2020-04-23","DE","quantile","0.975",0.835797882720682
"2021-02-20","7 day R","2020-04-24","DE","point","NA",0.82214991316515
"2021-02-20","7 day R","2020-04-24","DE","quantile","0.025",0.808501943609618
"2021-02-20","7 day R","2020-04-24","DE","quantile","0.975",0.835797882720682
"2021-02-20","7 day R","2020-04-25","DE","point","NA",0.82214991316515
"2021-02-20","7 day R","2020-04-25","DE","quantile","0.025",0.808501943609618
"2021-02-20","7 day R","2020-04-25","DE","quantile","0.975",0.835797882720682
"2021-02-20","7 day R","2020-04-26","DE","point","NA",0.82214991316515
"2021-02-20","7 day R","2020-04-26","DE","quantile","0.025",0.808501943609618
"2021-02-20","7 day R","2020-04-26","DE","quantile","0.975",0.835797882720682
"2021-02-20","7 day R","2020-04-27","DE","point","NA",0.82214991316515
"2021-02-20","7 day R","2020-04-27","DE","quantile","0.025",0.808501943609618
"2021-02-20","7 day R","2020-04-27","DE","quantile","0.975",0.835797882720682
"2021-02-20","7 day R","2020-04-28","DE","point","NA",0.82214991316515
"2021-02-20","7 day R","2020-04-28","DE","quantile","0.025",0.808501943609618
"2021-02-20","7 day R","2020-04-28","DE","quantile","0.975",0.835797882720682
"2021-02-20","7 day R","2020-04-29","DE","point","NA",0.82214991316515
"2021-02-20","7 day R","2020-04-29","DE","quantile","0.025",0.808501943609618
"2021-02-20","7 day R","2020-04-29","DE","quantile","0.975",0.835797882720682
"2021-02-20","7 day R","2020-04-30","DE","point","NA",0.82214991316515
"2021-02-20","7 day R","2020-04-30","DE","quantile","0.025",0.808501943609618
"2021-02-20","7 day R","2020-04-30","DE","quantile","0.975",0.835797882720682
"2021-02-20","7 day R","2020-05-01","DE","point","NA",0.82214991316515
"2021-02-20","7 day R","2020-05-01","DE","quantile","0.025",0.808501943609618
"2021-02-20","7 day R","2020-05-01","DE","quantile","0.975",0.835797882720682
"2021-02-20","7 day R","2020-05-02","DE","point","NA",0.82214991316515
"2021-02-20","7 day R","2020-05-02","DE","quantile","0.025",0.808501943609618
"2021-02-20","7 day R","2020-05-02","DE","quantile","0.975",0.835797882720682
"2021-02-20","7 day R","2020-05-03","DE","point","NA",0.846679118041098
"2021-02-20","7 day R","2020-05-03","DE","quantile","0.025",0.771311572710864
"2021-02-20","7 day R","2020-05-03","DE","quantile","0.975",0.922046663371333
"2021-02-20","7 day R","2020-05-04","DE","point","NA",0.838843246343513
"2021-02-20","7 day R","2020-05-04","DE","quantile","0.025",0.766830071923092
"2021-02-20","7 day R","2020-05-04","DE","quantile","0.975",0.910856420763934
"2021-02-20","7 day R","2020-05-05","DE","point","NA",0.838843246343513
"2021-02-20","7 day R","2020-05-05","DE","quantile","0.025",0.766830071923092
"2021-02-20","7 day R","2020-05-05","DE","quantile","0.975",0.910856420763934
"2021-02-20","7 day R","2020-05-06","DE","point","NA",0.83456500762585
"2021-02-20","7 day R","2020-05-06","DE","quantile","0.025",0.762871823405367
"2021-02-20","7 day R","2020-05-06","DE","quantile","0.975",0.906258191846333
"2021-02-20","7 day R","2020-05-07","DE","point","NA",0.874155145511021
"2021-02-20","7 day R","2020-05-07","DE","quantile","0.025",0.814022769263146
"2021-02-20","7 day R","2020-05-07","DE","quantile","0.975",0.934287521758896
"2021-02-20","7 day R","2020-05-08","DE","point","NA",0.874155145511021
"2021-02-20","7 day R","2020-05-08","DE","quantile","0.025",0.814022769263146
"2021-02-20","7 day R","2020-05-08","DE","quantile","0.975",0.934287521758896
"2021-02-20","7 day R","2020-05-09","DE","point","NA",0.874155145511021
"2021-02-20","7 day R","2020-05-09","DE","quantile","0.025",0.814022769263146
"2021-02-20","7 day R","2020-05-09","DE","quantile","0.975",0.934287521758896
"2021-02-20","7 day R","2020-05-10","DE","point","NA",0.874155145511021
"2021-02-20","7 day R","2020-05-10","DE","quantile","0.025",0.814022769263146
"2021-02-20","7 day R","2020-05-10","DE","quantile","0.975",0.934287521758896
"2021-02-20","7 day R","2020-05-11","DE","point","NA",0.874155145511021
"2021-02-20","7 day R","2020-05-11","DE","quantile","0.025",0.814022769263146
"2021-02-20","7 day R","2020-05-11","DE","quantile","0.975",0.934287521758896
"2021-02-20","7 day R","2020-05-12","DE","point","NA",0.874155145511021
"2021-02-20","7 day R","2020-05-12","DE","quantile","0.025",0.814022769263146
"2021-02-20","7 day R","2020-05-12","DE","quantile","0.975",0.934287521758896
"2021-02-20","7 day R","2020-05-13","DE","point","NA",0.874155145511021
"2021-02-20","7 day R","2020-05-13","DE","quantile","0.025",0.814022769263146
"2021-02-20","7 day R","2020-05-13","DE","quantile","0.975",0.934287521758896
"2021-02-20","7 day R","2020-05-14","DE","point","NA",0.874155145511021
"2021-02-20","7 day R","2020-05-14","DE","quantile","0.025",0.814022769263146
"2021-02-20","7 day R","2020-05-14","DE","quantile","0.975",0.934287521758896
"2021-02-20","7 day R","2020-05-15","DE","point","NA",0.874155145511021
"2021-02-20","7 day R","2020-05-15","DE","quantile","0.025",0.814022769263146
"2021-02-20","7 day R","2020-05-15","DE","quantile","0.975",0.934287521758896
"2021-02-20","7 day R","2020-05-16","DE","point","NA",0.845128006298138
"2021-02-20","7 day R","2020-05-16","DE","quantile","0.025",0.777455503493654
"2021-02-20","7 day R","2020-05-16","DE","quantile","0.975",0.912800509102622
"2021-02-20","7 day R","2020-05-17","DE","point","NA",0.845128006298138
"2021-02-20","7 day R","2020-05-17","DE","quantile","0.025",0.777455503493654
"2021-02-20","7 day R","2020-05-17","DE","quantile","0.975",0.912800509102622
"2021-02-20","7 day R","2020-05-18","DE","point","NA",0.845128006298138
"2021-02-20","7 day R","2020-05-18","DE","quantile","0.025",0.777455503493654
"2021-02-20","7 day R","2020-05-18","DE","quantile","0.975",0.912800509102622
"2021-02-20","7 day R","2020-05-19","DE","point","NA",1.01101539473037
"2021-02-20","7 day R","2020-05-19","DE","quantile","0.025",0.985964781635055
"2021-02-20","7 day R","2020-05-19","DE","quantile","0.975",1.03606600782569
"2021-02-20","7 day R","2020-05-20","DE","point","NA",1.01101539473037
"2021-02-20","7 day R","2020-05-20","DE","quantile","0.025",0.985964781635055
"2021-02-20","7 day R","2020-05-20","DE","quantile","0.975",1.03606600782569
"2021-02-20","7 day R","2020-05-21","DE","point","NA",1.01101539473037
"2021-02-20","7 day R","2020-05-21","DE","quantile","0.025",0.985964781635055
"2021-02-20","7 day R","2020-05-21","DE","quantile","0.975",1.03606600782569
"2021-02-20","7 day R","2020-05-22","DE","point","NA",1.01101539473037
"2021-02-20","7 day R","2020-05-22","DE","quantile","0.025",0.985964781635055
"2021-02-20","7 day R","2020-05-22","DE","quantile","0.975",1.03606600782569
"2021-02-20","7 day R","2020-05-23","DE","point","NA",1.01101539473037
"2021-02-20","7 day R","2020-05-23","DE","quantile","0.025",0.985964781635055
"2021-02-20","7 day R","2020-05-23","DE","quantile","0.975",1.03606600782569
"2021-02-20","7 day R","2020-05-24","DE","point","NA",1.01101539473037
"2021-02-20","7 day R","2020-05-24","DE","quantile","0.025",0.985964781635055
"2021-02-20","7 day R","2020-05-24","DE","quantile","0.975",1.03606600782569
"2021-02-20","7 day R","2020-05-25","DE","point","NA",1.01101539473037
"2021-02-20","7 day R","2020-05-25","DE","quantile","0.025",0.985964781635055
"2021-02-20","7 day R","2020-05-25","DE","quantile","0.975",1.03606600782569
"2021-02-20","7 day R","2020-05-26","DE","point","NA",1.01101539473037
"2021-02-20","7 day R","2020-05-26","DE","quantile","0.025",0.985964781635055
"2021-02-20","7 day R","2020-05-26","DE","quantile","0.975",1.03606600782569
"2021-02-20","7 day R","2020-05-27","DE","point","NA",1.01101539473037
"2021-02-20","7 day R","2020-05-27","DE","quantile","0.025",0.985964781635055
"2021-02-20","7 day R","2020-05-27","DE","quantile","0.975",1.03606600782569
"2021-02-20","7 day R","2020-05-28","DE","point","NA",1.01101539473037
"2021-02-20","7 day R","2020-05-28","DE","quantile","0.025",0.985964781635055
"2021-02-20","7 day R","2020-05-28","DE","quantile","0.975",1.03606600782569
"2021-02-20","7 day R","2020-05-29","DE","point","NA",1.01101539473037
"2021-02-20","7 day R","2020-05-29","DE","quantile","0.025",0.985964781635055
"2021-02-20","7 day R","2020-05-29","DE","quantile","0.975",1.03606600782569
"2021-02-20","7 day R","2020-05-30","DE","point","NA",1.01101539473037
"2021-02-20","7 day R","2020-05-30","DE","quantile","0.025",0.985964781635055
"2021-02-20","7 day R","2020-05-30","DE","quantile","0.975",1.03606600782569
"2021-02-20","7 day R","2020-05-31","DE","point","NA",1.01101539473037
"2021-02-20","7 day R","2020-05-31","DE","quantile","0.025",0.985964781635055
"2021-02-20","7 day R","2020-05-31","DE","quantile","0.975",1.03606600782569
"2021-02-20","7 day R","2020-06-01","DE","point","NA",1.01101539473037
"2021-02-20","7 day R","2020-06-01","DE","quantile","0.025",0.985964781635055
"2021-02-20","7 day R","2020-06-01","DE","quantile","0.975",1.03606600782569
"2021-02-20","7 day R","2020-06-02","DE","point","NA",1.01101539473037
"2021-02-20","7 day R","2020-06-02","DE","quantile","0.025",0.985964781635055
"2021-02-20","7 day R","2020-06-02","DE","quantile","0.975",1.03606600782569
"2021-02-20","7 day R","2020-06-03","DE","point","NA",1.01101539473037
"2021-02-20","7 day R","2020-06-03","DE","quantile","0.025",0.985964781635055
"2021-02-20","7 day R","2020-06-03","DE","quantile","0.975",1.03606600782569
"2021-02-20","7 day R","2020-06-04","DE","point","NA",1.01101539473037
"2021-02-20","7 day R","2020-06-04","DE","quantile","0.025",0.985964781635055
"2021-02-20","7 day R","2020-06-04","DE","quantile","0.975",1.03606600782569
"2021-02-20","7 day R","2020-06-05","DE","point","NA",1.01101539473037
"2021-02-20","7 day R","2020-06-05","DE","quantile","0.025",0.985964781635055
"2021-02-20","7 day R","2020-06-05","DE","quantile","0.975",1.03606600782569
"2021-02-20","7 day R","2020-06-06","DE","point","NA",1.01101539473037
"2021-02-20","7 day R","2020-06-06","DE","quantile","0.025",0.985964781635055
"2021-02-20","7 day R","2020-06-06","DE","quantile","0.975",1.03606600782569
"2021-02-20","7 day R","2020-06-07","DE","point","NA",1.01101539473037
"2021-02-20","7 day R","2020-06-07","DE","quantile","0.025",0.985964781635055
"2021-02-20","7 day R","2020-06-07","DE","quantile","0.975",1.03606600782569
"2021-02-20","7 day R","2020-06-08","DE","point","NA",1.01101539473037
"2021-02-20","7 day R","2020-06-08","DE","quantile","0.025",0.985964781635055
"2021-02-20","7 day R","2020-06-08","DE","quantile","0.975",1.03606600782569
"2021-02-20","7 day R","2020-06-09","DE","point","NA",1.01101539473037
"2021-02-20","7 day R","2020-06-09","DE","quantile","0.025",0.985964781635055
"2021-02-20","7 day R","2020-06-09","DE","quantile","0.975",1.03606600782569
"2021-02-20","7 day R","2020-06-10","DE","point","NA",1.01101539473037
"2021-02-20","7 day R","2020-06-10","DE","quantile","0.025",0.985964781635055
"2021-02-20","7 day R","2020-06-10","DE","quantile","0.975",1.03606600782569
"2021-02-20","7 day R","2020-06-11","DE","point","NA",1.01101539473037
"2021-02-20","7 day R","2020-06-11","DE","quantile","0.025",0.985964781635055
"2021-02-20","7 day R","2020-06-11","DE","quantile","0.975",1.03606600782569
"2021-02-20","7 day R","2020-06-12","DE","point","NA",1.01101539473037
"2021-02-20","7 day R","2020-06-12","DE","quantile","0.025",0.985964781635055
"2021-02-20","7 day R","2020-06-12","DE","quantile","0.975",1.03606600782569
"2021-02-20","7 day R","2020-06-13","DE","point","NA",1.01101539473037
"2021-02-20","7 day R","2020-06-13","DE","quantile","0.025",0.985964781635055
"2021-02-20","7 day R","2020-06-13","DE","quantile","0.975",1.03606600782569
"2021-02-20","7 day R","2020-06-14","DE","point","NA",1.01101539473037
"2021-02-20","7 day R","2020-06-14","DE","quantile","0.025",0.985964781635055
"2021-02-20","7 day R","2020-06-14","DE","quantile","0.975",1.03606600782569
"2021-02-20","7 day R","2020-06-15","DE","point","NA",1.01101539473037
"2021-02-20","7 day R","2020-06-15","DE","quantile","0.025",0.985964781635055
"2021-02-20","7 day R","2020-06-15","DE","quantile","0.975",1.03606600782569
"2021-02-20","7 day R","2020-06-16","DE","point","NA",1.01101539473037
"2021-02-20","7 day R","2020-06-16","DE","quantile","0.025",0.985964781635055
"2021-02-20","7 day R","2020-06-16","DE","quantile","0.975",1.03606600782569
"2021-02-20","7 day R","2020-06-17","DE","point","NA",1.01101539473037
"2021-02-20","7 day R","2020-06-17","DE","quantile","0.025",0.985964781635055
"2021-02-20","7 day R","2020-06-17","DE","quantile","0.975",1.03606600782569
"2021-02-20","7 day R","2020-06-18","DE","point","NA",0.937271482058514
"2021-02-20","7 day R","2020-06-18","DE","quantile","0.025",0.906975155529965
"2021-02-20","7 day R","2020-06-18","DE","quantile","0.975",0.967567808587062
"2021-02-20","7 day R","2020-06-19","DE","point","NA",0.937271482058514
"2021-02-20","7 day R","2020-06-19","DE","quantile","0.025",0.906975155529965
"2021-02-20","7 day R","2020-06-19","DE","quantile","0.975",0.967567808587062
"2021-02-20","7 day R","2020-06-20","DE","point","NA",0.937271482058514
"2021-02-20","7 day R","2020-06-20","DE","quantile","0.025",0.906975155529965
"2021-02-20","7 day R","2020-06-20","DE","quantile","0.975",0.967567808587062
"2021-02-20","7 day R","2020-06-21","DE","point","NA",0.937271482058514
"2021-02-20","7 day R","2020-06-21","DE","quantile","0.025",0.906975155529965
"2021-02-20","7 day R","2020-06-21","DE","quantile","0.975",0.967567808587062
"2021-02-20","7 day R","2020-06-22","DE","point","NA",0.937271482058514
"2021-02-20","7 day R","2020-06-22","DE","quantile","0.025",0.906975155529965
"2021-02-20","7 day R","2020-06-22","DE","quantile","0.975",0.967567808587062
"2021-02-20","7 day R","2020-06-23","DE","point","NA",0.937271482058514
"2021-02-20","7 day R","2020-06-23","DE","quantile","0.025",0.906975155529965
"2021-02-20","7 day R","2020-06-23","DE","quantile","0.975",0.967567808587062
"2021-02-20","7 day R","2020-06-24","DE","point","NA",0.937271482058514
"2021-02-20","7 day R","2020-06-24","DE","quantile","0.025",0.906975155529965
"2021-02-20","7 day R","2020-06-24","DE","quantile","0.975",0.967567808587062
"2021-02-20","7 day R","2020-06-25","DE","point","NA",0.937271482058514
"2021-02-20","7 day R","2020-06-25","DE","quantile","0.025",0.906975155529965
"2021-02-20","7 day R","2020-06-25","DE","quantile","0.975",0.967567808587062
"2021-02-20","7 day R","2020-06-26","DE","point","NA",0.937271482058514
"2021-02-20","7 day R","2020-06-26","DE","quantile","0.025",0.906975155529965
"2021-02-20","7 day R","2020-06-26","DE","quantile","0.975",0.967567808587062
"2021-02-20","7 day R","2020-06-27","DE","point","NA",0.937271482058514
"2021-02-20","7 day R","2020-06-27","DE","quantile","0.025",0.906975155529965
"2021-02-20","7 day R","2020-06-27","DE","quantile","0.975",0.967567808587062
"2021-02-20","7 day R","2020-06-28","DE","point","NA",0.937271482058514
"2021-02-20","7 day R","2020-06-28","DE","quantile","0.025",0.906975155529965
"2021-02-20","7 day R","2020-06-28","DE","quantile","0.975",0.967567808587062
"2021-02-20","7 day R","2020-06-29","DE","point","NA",0.937271482058514
"2021-02-20","7 day R","2020-06-29","DE","quantile","0.025",0.906975155529965
"2021-02-20","7 day R","2020-06-29","DE","quantile","0.975",0.967567808587062
"2021-02-20","7 day R","2020-06-30","DE","point","NA",0.937271482058514
"2021-02-20","7 day R","2020-06-30","DE","quantile","0.025",0.906975155529965
"2021-02-20","7 day R","2020-06-30","DE","quantile","0.975",0.967567808587062
"2021-02-20","7 day R","2020-07-01","DE","point","NA",0.937271482058514
"2021-02-20","7 day R","2020-07-01","DE","quantile","0.025",0.906975155529965
"2021-02-20","7 day R","2020-07-01","DE","quantile","0.975",0.967567808587062
"2021-02-20","7 day R","2020-07-02","DE","point","NA",0.937271482058514
"2021-02-20","7 day R","2020-07-02","DE","quantile","0.025",0.906975155529965
"2021-02-20","7 day R","2020-07-02","DE","quantile","0.975",0.967567808587062
"2021-02-20","7 day R","2020-07-03","DE","point","NA",0.937271482058514
"2021-02-20","7 day R","2020-07-03","DE","quantile","0.025",0.906975155529965
"2021-02-20","7 day R","2020-07-03","DE","quantile","0.975",0.967567808587062
"2021-02-20","7 day R","2020-07-04","DE","point","NA",0.937271482058514
"2021-02-20","7 day R","2020-07-04","DE","quantile","0.025",0.906975155529965
"2021-02-20","7 day R","2020-07-04","DE","quantile","0.975",0.967567808587062
"2021-02-20","7 day R","2020-07-05","DE","point","NA",0.937271482058514
"2021-02-20","7 day R","2020-07-05","DE","quantile","0.025",0.906975155529965
"2021-02-20","7 day R","2020-07-05","DE","quantile","0.975",0.967567808587062
"2021-02-20","7 day R","2020-07-06","DE","point","NA",0.937271482058514
"2021-02-20","7 day R","2020-07-06","DE","quantile","0.025",0.906975155529965
"2021-02-20","7 day R","2020-07-06","DE","quantile","0.975",0.967567808587062
"2021-02-20","7 day R","2020-07-07","DE","point","NA",1.17276819013296
"2021-02-20","7 day R","2020-07-07","DE","quantile","0.025",1.14201005572371
"2021-02-20","7 day R","2020-07-07","DE","quantile","0.975",1.2035263245422
"2021-02-20","7 day R","2020-07-08","DE","point","NA",1.17276819013296
"2021-02-20","7 day R","2020-07-08","DE","quantile","0.025",1.14201005572371
"2021-02-20","7 day R","2020-07-08","DE","quantile","0.975",1.2035263245422
"2021-02-20","7 day R","2020-07-09","DE","point","NA",1.17276819013296
"2021-02-20","7 day R","2020-07-09","DE","quantile","0.025",1.14201005572371
"2021-02-20","7 day R","2020-07-09","DE","quantile","0.975",1.2035263245422
"2021-02-20","7 day R","2020-07-10","DE","point","NA",1.17276819013296
"2021-02-20","7 day R","2020-07-10","DE","quantile","0.025",1.14201005572371
"2021-02-20","7 day R","2020-07-10","DE","quantile","0.975",1.2035263245422
"2021-02-20","7 day R","2020-07-11","DE","point","NA",1.17276819013296
"2021-02-20","7 day R","2020-07-11","DE","quantile","0.025",1.14201005572371
"2021-02-20","7 day R","2020-07-11","DE","quantile","0.975",1.2035263245422
"2021-02-20","7 day R","2020-07-12","DE","point","NA",1.17276819013296
"2021-02-20","7 day R","2020-07-12","DE","quantile","0.025",1.14201005572371
"2021-02-20","7 day R","2020-07-12","DE","quantile","0.975",1.2035263245422
"2021-02-20","7 day R","2020-07-13","DE","point","NA",1.17276819013296
"2021-02-20","7 day R","2020-07-13","DE","quantile","0.025",1.14201005572371
"2021-02-20","7 day R","2020-07-13","DE","quantile","0.975",1.2035263245422
"2021-02-20","7 day R","2020-07-14","DE","point","NA",1.17276819013296
"2021-02-20","7 day R","2020-07-14","DE","quantile","0.025",1.14201005572371
"2021-02-20","7 day R","2020-07-14","DE","quantile","0.975",1.2035263245422
"2021-02-20","7 day R","2020-07-15","DE","point","NA",1.17276819013296
"2021-02-20","7 day R","2020-07-15","DE","quantile","0.025",1.14201005572371
"2021-02-20","7 day R","2020-07-15","DE","quantile","0.975",1.2035263245422
"2021-02-20","7 day R","2020-07-16","DE","point","NA",1.17276819013296
"2021-02-20","7 day R","2020-07-16","DE","quantile","0.025",1.14201005572371
"2021-02-20","7 day R","2020-07-16","DE","quantile","0.975",1.2035263245422
"2021-02-20","7 day R","2020-07-17","DE","point","NA",1.17276819013296
"2021-02-20","7 day R","2020-07-17","DE","quantile","0.025",1.14201005572371
"2021-02-20","7 day R","2020-07-17","DE","quantile","0.975",1.2035263245422
"2021-02-20","7 day R","2020-07-18","DE","point","NA",1.17276819013296
"2021-02-20","7 day R","2020-07-18","DE","quantile","0.025",1.14201005572371
"2021-02-20","7 day R","2020-07-18","DE","quantile","0.975",1.2035263245422
"2021-02-20","7 day R","2020-07-19","DE","point","NA",1.17276819013296
"2021-02-20","7 day R","2020-07-19","DE","quantile","0.025",1.14201005572371
"2021-02-20","7 day R","2020-07-19","DE","quantile","0.975",1.2035263245422
"2021-02-20","7 day R","2020-07-20","DE","point","NA",1.17276819013296
"2021-02-20","7 day R","2020-07-20","DE","quantile","0.025",1.14201005572371
"2021-02-20","7 day R","2020-07-20","DE","quantile","0.975",1.2035263245422
"2021-02-20","7 day R","2020-07-21","DE","point","NA",1.17276819013296
"2021-02-20","7 day R","2020-07-21","DE","quantile","0.025",1.14201005572371
"2021-02-20","7 day R","2020-07-21","DE","quantile","0.975",1.2035263245422
"2021-02-20","7 day R","2020-07-22","DE","point","NA",1.17276819013296
"2021-02-20","7 day R","2020-07-22","DE","quantile","0.025",1.14201005572371
"2021-02-20","7 day R","2020-07-22","DE","quantile","0.975",1.2035263245422
"2021-02-20","7 day R","2020-07-23","DE","point","NA",1.17276819013296
"2021-02-20","7 day R","2020-07-23","DE","quantile","0.025",1.14201005572371
"2021-02-20","7 day R","2020-07-23","DE","quantile","0.975",1.2035263245422
"2021-02-20","7 day R","2020-07-24","DE","point","NA",1.17276819013296
"2021-02-20","7 day R","2020-07-24","DE","quantile","0.025",1.14201005572371
"2021-02-20","7 day R","2020-07-24","DE","quantile","0.975",1.2035263245422
"2021-02-20","7 day R","2020-07-25","DE","point","NA",1.17276819013296
"2021-02-20","7 day R","2020-07-25","DE","quantile","0.025",1.14201005572371
"2021-02-20","7 day R","2020-07-25","DE","quantile","0.975",1.2035263245422
"2021-02-20","7 day R","2020-07-26","DE","point","NA",1.17276819013296
"2021-02-20","7 day R","2020-07-26","DE","quantile","0.025",1.14201005572371
"2021-02-20","7 day R","2020-07-26","DE","quantile","0.975",1.2035263245422
"2021-02-20","7 day R","2020-07-27","DE","point","NA",1.17276819013296
"2021-02-20","7 day R","2020-07-27","DE","quantile","0.025",1.14201005572371
"2021-02-20","7 day R","2020-07-27","DE","quantile","0.975",1.2035263245422
"2021-02-20","7 day R","2020-07-28","DE","point","NA",1.17276819013296
"2021-02-20","7 day R","2020-07-28","DE","quantile","0.025",1.14201005572371
"2021-02-20","7 day R","2020-07-28","DE","quantile","0.975",1.2035263245422
"2021-02-20","7 day R","2020-07-29","DE","point","NA",1.17276819013296
"2021-02-20","7 day R","2020-07-29","DE","quantile","0.025",1.14201005572371
"2021-02-20","7 day R","2020-07-29","DE","quantile","0.975",1.2035263245422
"2021-02-20","7 day R","2020-07-30","DE","point","NA",1.17276819013296
"2021-02-20","7 day R","2020-07-30","DE","quantile","0.025",1.14201005572371
"2021-02-20","7 day R","2020-07-30","DE","quantile","0.975",1.2035263245422
"2021-02-20","7 day R","2020-07-31","DE","point","NA",1.19630645444263
"2021-02-20","7 day R","2020-07-31","DE","quantile","0.025",1.10641233803829
"2021-02-20","7 day R","2020-07-31","DE","quantile","0.975",1.28620057084696
"2021-02-20","7 day R","2020-08-01","DE","point","NA",1.19630645444263
"2021-02-20","7 day R","2020-08-01","DE","quantile","0.025",1.10641233803829
"2021-02-20","7 day R","2020-08-01","DE","quantile","0.975",1.28620057084696
"2021-02-20","7 day R","2020-08-02","DE","point","NA",1.19630645444263
"2021-02-20","7 day R","2020-08-02","DE","quantile","0.025",1.10641233803829
"2021-02-20","7 day R","2020-08-02","DE","quantile","0.975",1.28620057084696
"2021-02-20","7 day R","2020-08-03","DE","point","NA",1.19630645444263
"2021-02-20","7 day R","2020-08-03","DE","quantile","0.025",1.10641233803829
"2021-02-20","7 day R","2020-08-03","DE","quantile","0.975",1.28620057084696
"2021-02-20","7 day R","2020-08-04","DE","point","NA",1.19630645444263
"2021-02-20","7 day R","2020-08-04","DE","quantile","0.025",1.10641233803829
"2021-02-20","7 day R","2020-08-04","DE","quantile","0.975",1.28620057084696
"2021-02-20","7 day R","2020-08-05","DE","point","NA",1.19630645444263
"2021-02-20","7 day R","2020-08-05","DE","quantile","0.025",1.10641233803829
"2021-02-20","7 day R","2020-08-05","DE","quantile","0.975",1.28620057084696
"2021-02-20","7 day R","2020-08-06","DE","point","NA",1.19630645444263
"2021-02-20","7 day R","2020-08-06","DE","quantile","0.025",1.10641233803829
"2021-02-20","7 day R","2020-08-06","DE","quantile","0.975",1.28620057084696
"2021-02-20","7 day R","2020-08-07","DE","point","NA",1.15691217454223
"2021-02-20","7 day R","2020-08-07","DE","quantile","0.025",1.0582734756933
"2021-02-20","7 day R","2020-08-07","DE","quantile","0.975",1.25555087339116
"2021-02-20","7 day R","2020-08-08","DE","point","NA",0.997519487539447
"2021-02-20","7 day R","2020-08-08","DE","quantile","0.025",0.948752673446468
"2021-02-20","7 day R","2020-08-08","DE","quantile","0.975",1.04628630163243
"2021-02-20","7 day R","2020-08-09","DE","point","NA",0.997519487539447
"2021-02-20","7 day R","2020-08-09","DE","quantile","0.025",0.948752673446468
"2021-02-20","7 day R","2020-08-09","DE","quantile","0.975",1.04628630163243
"2021-02-20","7 day R","2020-08-10","DE","point","NA",0.997519487539447
"2021-02-20","7 day R","2020-08-10","DE","quantile","0.025",0.948752673446468
"2021-02-20","7 day R","2020-08-10","DE","quantile","0.975",1.04628630163243
"2021-02-20","7 day R","2020-08-11","DE","point","NA",0.997519487539447
"2021-02-20","7 day R","2020-08-11","DE","quantile","0.025",0.948752673446468
"2021-02-20","7 day R","2020-08-11","DE","quantile","0.975",1.04628630163243
"2021-02-20","7 day R","2020-08-12","DE","point","NA",0.997519487539447
"2021-02-20","7 day R","2020-08-12","DE","quantile","0.025",0.948752673446468
"2021-02-20","7 day R","2020-08-12","DE","quantile","0.975",1.04628630163243
"2021-02-20","7 day R","2020-08-13","DE","point","NA",0.997519487539447
"2021-02-20","7 day R","2020-08-13","DE","quantile","0.025",0.948752673446468
"2021-02-20","7 day R","2020-08-13","DE","quantile","0.975",1.04628630163243
"2021-02-20","7 day R","2020-08-14","DE","point","NA",0.997519487539447
"2021-02-20","7 day R","2020-08-14","DE","quantile","0.025",0.948752673446468
"2021-02-20","7 day R","2020-08-14","DE","quantile","0.975",1.04628630163243
"2021-02-20","7 day R","2020-08-15","DE","point","NA",0.997519487539447
"2021-02-20","7 day R","2020-08-15","DE","quantile","0.025",0.948752673446468
"2021-02-20","7 day R","2020-08-15","DE","quantile","0.975",1.04628630163243
"2021-02-20","7 day R","2020-08-16","DE","point","NA",0.997519487539447
"2021-02-20","7 day R","2020-08-16","DE","quantile","0.025",0.948752673446468
"2021-02-20","7 day R","2020-08-16","DE","quantile","0.975",1.04628630163243
"2021-02-20","7 day R","2020-08-17","DE","point","NA",0.997519487539447
"2021-02-20","7 day R","2020-08-17","DE","quantile","0.025",0.948752673446468
"2021-02-20","7 day R","2020-08-17","DE","quantile","0.975",1.04628630163243
"2021-02-20","7 day R","2020-08-18","DE","point","NA",0.997519487539447
"2021-02-20","7 day R","2020-08-18","DE","quantile","0.025",0.948752673446468
"2021-02-20","7 day R","2020-08-18","DE","quantile","0.975",1.04628630163243
"2021-02-20","7 day R","2020-08-19","DE","point","NA",0.997519487539447
"2021-02-20","7 day R","2020-08-19","DE","quantile","0.025",0.948752673446468
"2021-02-20","7 day R","2020-08-19","DE","quantile","0.975",1.04628630163243
"2021-02-20","7 day R","2020-08-20","DE","point","NA",0.997519487539447
"2021-02-20","7 day R","2020-08-20","DE","quantile","0.025",0.948752673446468
"2021-02-20","7 day R","2020-08-20","DE","quantile","0.975",1.04628630163243
"2021-02-20","7 day R","2020-08-21","DE","point","NA",0.997519487539447
"2021-02-20","7 day R","2020-08-21","DE","quantile","0.025",0.948752673446468
"2021-02-20","7 day R","2020-08-21","DE","quantile","0.975",1.04628630163243
"2021-02-20","7 day R","2020-08-22","DE","point","NA",0.997519487539447
"2021-02-20","7 day R","2020-08-22","DE","quantile","0.025",0.948752673446468
"2021-02-20","7 day R","2020-08-22","DE","quantile","0.975",1.04628630163243
"2021-02-20","7 day R","2020-08-23","DE","point","NA",0.997519487539447
"2021-02-20","7 day R","2020-08-23","DE","quantile","0.025",0.948752673446468
"2021-02-20","7 day R","2020-08-23","DE","quantile","0.975",1.04628630163243
"2021-02-20","7 day R","2020-08-24","DE","point","NA",1.0850456238642
"2021-02-20","7 day R","2020-08-24","DE","quantile","0.025",1.01666447654386
"2021-02-20","7 day R","2020-08-24","DE","quantile","0.975",1.15342677118453
"2021-02-20","7 day R","2020-08-25","DE","point","NA",1.0850456238642
"2021-02-20","7 day R","2020-08-25","DE","quantile","0.025",1.01666447654386
"2021-02-20","7 day R","2020-08-25","DE","quantile","0.975",1.15342677118453
"2021-02-20","7 day R","2020-08-26","DE","point","NA",1.0850456238642
"2021-02-20","7 day R","2020-08-26","DE","quantile","0.025",1.01666447654386
"2021-02-20","7 day R","2020-08-26","DE","quantile","0.975",1.15342677118453
"2021-02-20","7 day R","2020-08-27","DE","point","NA",1.0850456238642
"2021-02-20","7 day R","2020-08-27","DE","quantile","0.025",1.01666447654386
"2021-02-20","7 day R","2020-08-27","DE","quantile","0.975",1.15342677118453
"2021-02-20","7 day R","2020-08-28","DE","point","NA",1.0850456238642
"2021-02-20","7 day R","2020-08-28","DE","quantile","0.025",1.01666447654386
"2021-02-20","7 day R","2020-08-28","DE","quantile","0.975",1.15342677118453
"2021-02-20","7 day R","2020-08-29","DE","point","NA",1.0850456238642
"2021-02-20","7 day R","2020-08-29","DE","quantile","0.025",1.01666447654386
"2021-02-20","7 day R","2020-08-29","DE","quantile","0.975",1.15342677118453
"2021-02-20","7 day R","2020-08-30","DE","point","NA",1.0850456238642
"2021-02-20","7 day R","2020-08-30","DE","quantile","0.025",1.01666447654386
"2021-02-20","7 day R","2020-08-30","DE","quantile","0.975",1.15342677118453
"2021-02-20","7 day R","2020-08-31","DE","point","NA",1.0850456238642
"2021-02-20","7 day R","2020-08-31","DE","quantile","0.025",1.01666447654386
"2021-02-20","7 day R","2020-08-31","DE","quantile","0.975",1.15342677118453
"2021-02-20","7 day R","2020-09-01","DE","point","NA",1.0850456238642
"2021-02-20","7 day R","2020-09-01","DE","quantile","0.025",1.01666447654386
"2021-02-20","7 day R","2020-09-01","DE","quantile","0.975",1.15342677118453
"2021-02-20","7 day R","2020-09-02","DE","point","NA",1.0850456238642
"2021-02-20","7 day R","2020-09-02","DE","quantile","0.025",1.01666447654386
"2021-02-20","7 day R","2020-09-02","DE","quantile","0.975",1.15342677118453
"2021-02-20","7 day R","2020-09-03","DE","point","NA",1.14125421479307
"2021-02-20","7 day R","2020-09-03","DE","quantile","0.025",1.03849611229836
"2021-02-20","7 day R","2020-09-03","DE","quantile","0.975",1.24401231728777
"2021-02-20","7 day R","2020-09-04","DE","point","NA",1.34139069092142
"2021-02-20","7 day R","2020-09-04","DE","quantile","0.025",1.31065310770457
"2021-02-20","7 day R","2020-09-04","DE","quantile","0.975",1.37212827413828
"2021-02-20","7 day R","2020-09-05","DE","point","NA",1.34139069092142
"2021-02-20","7 day R","2020-09-05","DE","quantile","0.025",1.31065310770457
"2021-02-20","7 day R","2020-09-05","DE","quantile","0.975",1.37212827413828
"2021-02-20","7 day R","2020-09-06","DE","point","NA",1.34139069092142
"2021-02-20","7 day R","2020-09-06","DE","quantile","0.025",1.31065310770457
"2021-02-20","7 day R","2020-09-06","DE","quantile","0.975",1.37212827413828
"2021-02-20","7 day R","2020-09-07","DE","point","NA",1.34139069092142
"2021-02-20","7 day R","2020-09-07","DE","quantile","0.025",1.31065310770457
"2021-02-20","7 day R","2020-09-07","DE","quantile","0.975",1.37212827413828
"2021-02-20","7 day R","2020-09-08","DE","point","NA",1.34139069092142
"2021-02-20","7 day R","2020-09-08","DE","quantile","0.025",1.31065310770457
"2021-02-20","7 day R","2020-09-08","DE","quantile","0.975",1.37212827413828
"2021-02-20","7 day R","2020-09-09","DE","point","NA",1.34139069092142
"2021-02-20","7 day R","2020-09-09","DE","quantile","0.025",1.31065310770457
"2021-02-20","7 day R","2020-09-09","DE","quantile","0.975",1.37212827413828
"2021-02-20","7 day R","2020-09-10","DE","point","NA",1.34139069092142
"2021-02-20","7 day R","2020-09-10","DE","quantile","0.025",1.31065310770457
"2021-02-20","7 day R","2020-09-10","DE","quantile","0.975",1.37212827413828
"2021-02-20","7 day R","2020-09-11","DE","point","NA",1.34139069092142
"2021-02-20","7 day R","2020-09-11","DE","quantile","0.025",1.31065310770457
"2021-02-20","7 day R","2020-09-11","DE","quantile","0.975",1.37212827413828
"2021-02-20","7 day R","2020-09-12","DE","point","NA",1.34139069092142
"2021-02-20","7 day R","2020-09-12","DE","quantile","0.025",1.31065310770457
"2021-02-20","7 day R","2020-09-12","DE","quantile","0.975",1.37212827413828
"2021-02-20","7 day R","2020-09-13","DE","point","NA",1.34139069092142
"2021-02-20","7 day R","2020-09-13","DE","quantile","0.025",1.31065310770457
"2021-02-20","7 day R","2020-09-13","DE","quantile","0.975",1.37212827413828
"2021-02-20","7 day R","2020-09-14","DE","point","NA",1.34139069092142
"2021-02-20","7 day R","2020-09-14","DE","quantile","0.025",1.31065310770457
"2021-02-20","7 day R","2020-09-14","DE","quantile","0.975",1.37212827413828
"2021-02-20","7 day R","2020-09-15","DE","point","NA",1.34139069092142
"2021-02-20","7 day R","2020-09-15","DE","quantile","0.025",1.31065310770457
"2021-02-20","7 day R","2020-09-15","DE","quantile","0.975",1.37212827413828
"2021-02-20","7 day R","2020-09-16","DE","point","NA",1.34139069092142
"2021-02-20","7 day R","2020-09-16","DE","quantile","0.025",1.31065310770457
"2021-02-20","7 day R","2020-09-16","DE","quantile","0.975",1.37212827413828
"2021-02-20","7 day R","2020-09-17","DE","point","NA",1.34139069092142
"2021-02-20","7 day R","2020-09-17","DE","quantile","0.025",1.31065310770457
"2021-02-20","7 day R","2020-09-17","DE","quantile","0.975",1.37212827413828
"2021-02-20","7 day R","2020-09-18","DE","point","NA",1.34139069092142
"2021-02-20","7 day R","2020-09-18","DE","quantile","0.025",1.31065310770457
"2021-02-20","7 day R","2020-09-18","DE","quantile","0.975",1.37212827413828
"2021-02-20","7 day R","2020-09-19","DE","point","NA",1.34139069092142
"2021-02-20","7 day R","2020-09-19","DE","quantile","0.025",1.31065310770457
"2021-02-20","7 day R","2020-09-19","DE","quantile","0.975",1.37212827413828
"2021-02-20","7 day R","2020-09-20","DE","point","NA",1.34139069092142
"2021-02-20","7 day R","2020-09-20","DE","quantile","0.025",1.31065310770457
"2021-02-20","7 day R","2020-09-20","DE","quantile","0.975",1.37212827413828
"2021-02-20","7 day R","2020-09-21","DE","point","NA",1.34139069092142
"2021-02-20","7 day R","2020-09-21","DE","quantile","0.025",1.31065310770457
"2021-02-20","7 day R","2020-09-21","DE","quantile","0.975",1.37212827413828
"2021-02-20","7 day R","2020-09-22","DE","point","NA",1.34139069092142
"2021-02-20","7 day R","2020-09-22","DE","quantile","0.025",1.31065310770457
"2021-02-20","7 day R","2020-09-22","DE","quantile","0.975",1.37212827413828
"2021-02-20","7 day R","2020-09-23","DE","point","NA",1.34139069092142
"2021-02-20","7 day R","2020-09-23","DE","quantile","0.025",1.31065310770457
"2021-02-20","7 day R","2020-09-23","DE","quantile","0.975",1.37212827413828
"2021-02-20","7 day R","2020-09-24","DE","point","NA",1.34139069092142
"2021-02-20","7 day R","2020-09-24","DE","quantile","0.025",1.31065310770457
"2021-02-20","7 day R","2020-09-24","DE","quantile","0.975",1.37212827413828
"2021-02-20","7 day R","2020-09-25","DE","point","NA",1.34139069092142
"2021-02-20","7 day R","2020-09-25","DE","quantile","0.025",1.31065310770457
"2021-02-20","7 day R","2020-09-25","DE","quantile","0.975",1.37212827413828
"2021-02-20","7 day R","2020-09-26","DE","point","NA",1.34139069092142
"2021-02-20","7 day R","2020-09-26","DE","quantile","0.025",1.31065310770457
"2021-02-20","7 day R","2020-09-26","DE","quantile","0.975",1.37212827413828
"2021-02-20","7 day R","2020-09-27","DE","point","NA",1.34139069092142
"2021-02-20","7 day R","2020-09-27","DE","quantile","0.025",1.31065310770457
"2021-02-20","7 day R","2020-09-27","DE","quantile","0.975",1.37212827413828
"2021-02-20","7 day R","2020-09-28","DE","point","NA",1.34139069092142
"2021-02-20","7 day R","2020-09-28","DE","quantile","0.025",1.31065310770457
"2021-02-20","7 day R","2020-09-28","DE","quantile","0.975",1.37212827413828
"2021-02-20","7 day R","2020-09-29","DE","point","NA",1.34139069092142
"2021-02-20","7 day R","2020-09-29","DE","quantile","0.025",1.31065310770457
"2021-02-20","7 day R","2020-09-29","DE","quantile","0.975",1.37212827413828
"2021-02-20","7 day R","2020-09-30","DE","point","NA",1.34139069092142
"2021-02-20","7 day R","2020-09-30","DE","quantile","0.025",1.31065310770457
"2021-02-20","7 day R","2020-09-30","DE","quantile","0.975",1.37212827413828
"2021-02-20","7 day R","2020-10-01","DE","point","NA",1.34139069092142
"2021-02-20","7 day R","2020-10-01","DE","quantile","0.025",1.31065310770457
"2021-02-20","7 day R","2020-10-01","DE","quantile","0.975",1.37212827413828
"2021-02-20","7 day R","2020-10-02","DE","point","NA",1.34139069092142
"2021-02-20","7 day R","2020-10-02","DE","quantile","0.025",1.31065310770457
"2021-02-20","7 day R","2020-10-02","DE","quantile","0.975",1.37212827413828
"2021-02-20","7 day R","2020-10-03","DE","point","NA",1.34139069092142
"2021-02-20","7 day R","2020-10-03","DE","quantile","0.025",1.31065310770457
"2021-02-20","7 day R","2020-10-03","DE","quantile","0.975",1.37212827413828
"2021-02-20","7 day R","2020-10-04","DE","point","NA",1.34139069092142
"2021-02-20","7 day R","2020-10-04","DE","quantile","0.025",1.31065310770457
"2021-02-20","7 day R","2020-10-04","DE","quantile","0.975",1.37212827413828
"2021-02-20","7 day R","2020-10-05","DE","point","NA",1.34139069092142
"2021-02-20","7 day R","2020-10-05","DE","quantile","0.025",1.31065310770457
"2021-02-20","7 day R","2020-10-05","DE","quantile","0.975",1.37212827413828
"2021-02-20","7 day R","2020-10-06","DE","point","NA",1.34139069092142
"2021-02-20","7 day R","2020-10-06","DE","quantile","0.025",1.31065310770457
"2021-02-20","7 day R","2020-10-06","DE","quantile","0.975",1.37212827413828
"2021-02-20","7 day R","2020-10-07","DE","point","NA",1.34139069092142
"2021-02-20","7 day R","2020-10-07","DE","quantile","0.025",1.31065310770457
"2021-02-20","7 day R","2020-10-07","DE","quantile","0.975",1.37212827413828
"2021-02-20","7 day R","2020-10-08","DE","point","NA",1.34139069092142
"2021-02-20","7 day R","2020-10-08","DE","quantile","0.025",1.31065310770457
"2021-02-20","7 day R","2020-10-08","DE","quantile","0.975",1.37212827413828
"2021-02-20","7 day R","2020-10-09","DE","point","NA",1.34139069092142
"2021-02-20","7 day R","2020-10-09","DE","quantile","0.025",1.31065310770457
"2021-02-20","7 day R","2020-10-09","DE","quantile","0.975",1.37212827413828
"2021-02-20","7 day R","2020-10-10","DE","point","NA",1.34139069092142
"2021-02-20","7 day R","2020-10-10","DE","quantile","0.025",1.31065310770457
"2021-02-20","7 day R","2020-10-10","DE","quantile","0.975",1.37212827413828
"2021-02-20","7 day R","2020-10-11","DE","point","NA",1.34139069092142
"2021-02-20","7 day R","2020-10-11","DE","quantile","0.025",1.31065310770457
"2021-02-20","7 day R","2020-10-11","DE","quantile","0.975",1.37212827413828
"2021-02-20","7 day R","2020-10-12","DE","point","NA",1.34139069092142
"2021-02-20","7 day R","2020-10-12","DE","quantile","0.025",1.31065310770457
"2021-02-20","7 day R","2020-10-12","DE","quantile","0.975",1.37212827413828
"2021-02-20","7 day R","2020-10-13","DE","point","NA",1.34139069092142
"2021-02-20","7 day R","2020-10-13","DE","quantile","0.025",1.31065310770457
"2021-02-20","7 day R","2020-10-13","DE","quantile","0.975",1.37212827413828
"2021-02-20","7 day R","2020-10-14","DE","point","NA",1.34139069092142
"2021-02-20","7 day R","2020-10-14","DE","quantile","0.025",1.31065310770457
"2021-02-20","7 day R","2020-10-14","DE","quantile","0.975",1.37212827413828
"2021-02-20","7 day R","2020-10-15","DE","point","NA",1.29850149509647
"2021-02-20","7 day R","2020-10-15","DE","quantile","0.025",1.21766677869189
"2021-02-20","7 day R","2020-10-15","DE","quantile","0.975",1.37933621150105
"2021-02-20","7 day R","2020-10-16","DE","point","NA",1.29850149509647
"2021-02-20","7 day R","2020-10-16","DE","quantile","0.025",1.21766677869189
"2021-02-20","7 day R","2020-10-16","DE","quantile","0.975",1.37933621150105
"2021-02-20","7 day R","2020-10-17","DE","point","NA",1.29850149509647
"2021-02-20","7 day R","2020-10-17","DE","quantile","0.025",1.21766677869189
"2021-02-20","7 day R","2020-10-17","DE","quantile","0.975",1.37933621150105
"2021-02-20","7 day R","2020-10-18","DE","point","NA",1.29850149509647
"2021-02-20","7 day R","2020-10-18","DE","quantile","0.025",1.21766677869189
"2021-02-20","7 day R","2020-10-18","DE","quantile","0.975",1.37933621150105
"2021-02-20","7 day R","2020-10-19","DE","point","NA",1.29850149509647
"2021-02-20","7 day R","2020-10-19","DE","quantile","0.025",1.21766677869189
"2021-02-20","7 day R","2020-10-19","DE","quantile","0.975",1.37933621150105
"2021-02-20","7 day R","2020-10-20","DE","point","NA",1.29850149509647
"2021-02-20","7 day R","2020-10-20","DE","quantile","0.025",1.21766677869189
"2021-02-20","7 day R","2020-10-20","DE","quantile","0.975",1.37933621150105
"2021-02-20","7 day R","2020-10-21","DE","point","NA",1.29850149509647
"2021-02-20","7 day R","2020-10-21","DE","quantile","0.025",1.21766677869189
"2021-02-20","7 day R","2020-10-21","DE","quantile","0.975",1.37933621150105
"2021-02-20","7 day R","2020-10-22","DE","point","NA",1.04738011290536
"2021-02-20","7 day R","2020-10-22","DE","quantile","0.025",0.99041732468364
"2021-02-20","7 day R","2020-10-22","DE","quantile","0.975",1.10434290112707
"2021-02-20","7 day R","2020-10-23","DE","point","NA",1.04738011290536
"2021-02-20","7 day R","2020-10-23","DE","quantile","0.025",0.99041732468364
"2021-02-20","7 day R","2020-10-23","DE","quantile","0.975",1.10434290112707
"2021-02-20","7 day R","2020-10-24","DE","point","NA",1.04738011290536
"2021-02-20","7 day R","2020-10-24","DE","quantile","0.025",0.99041732468364
"2021-02-20","7 day R","2020-10-24","DE","quantile","0.975",1.10434290112707
"2021-02-20","7 day R","2020-10-25","DE","point","NA",1.04738011290536
"2021-02-20","7 day R","2020-10-25","DE","quantile","0.025",0.99041732468364
"2021-02-20","7 day R","2020-10-25","DE","quantile","0.975",1.10434290112707
"2021-02-20","7 day R","2020-10-26","DE","point","NA",1.04738011290536
"2021-02-20","7 day R","2020-10-26","DE","quantile","0.025",0.99041732468364
"2021-02-20","7 day R","2020-10-26","DE","quantile","0.975",1.10434290112707
"2021-02-20","7 day R","2020-10-27","DE","point","NA",1.04738011290536
"2021-02-20","7 day R","2020-10-27","DE","quantile","0.025",0.99041732468364
"2021-02-20","7 day R","2020-10-27","DE","quantile","0.975",1.10434290112707
"2021-02-20","7 day R","2020-10-28","DE","point","NA",1.04738011290536
"2021-02-20","7 day R","2020-10-28","DE","quantile","0.025",0.99041732468364
"2021-02-20","7 day R","2020-10-28","DE","quantile","0.975",1.10434290112707
"2021-02-20","7 day R","2020-10-29","DE","point","NA",1.04738011290536
"2021-02-20","7 day R","2020-10-29","DE","quantile","0.025",0.99041732468364
"2021-02-20","7 day R","2020-10-29","DE","quantile","0.975",1.10434290112707
"2021-02-20","7 day R","2020-10-30","DE","point","NA",1.04738011290536
"2021-02-20","7 day R","2020-10-30","DE","quantile","0.025",0.99041732468364
"2021-02-20","7 day R","2020-10-30","DE","quantile","0.975",1.10434290112707
"2021-02-20","7 day R","2020-10-31","DE","point","NA",1.04738011290536
"2021-02-20","7 day R","2020-10-31","DE","quantile","0.025",0.99041732468364
"2021-02-20","7 day R","2020-10-31","DE","quantile","0.975",1.10434290112707
"2021-02-20","7 day R","2020-11-01","DE","point","NA",1.04738011290536
"2021-02-20","7 day R","2020-11-01","DE","quantile","0.025",0.99041732468364
"2021-02-20","7 day R","2020-11-01","DE","quantile","0.975",1.10434290112707
"2021-02-20","7 day R","2020-11-02","DE","point","NA",0.986463077049336
"2021-02-20","7 day R","2020-11-02","DE","quantile","0.025",0.918873815037347
"2021-02-20","7 day R","2020-11-02","DE","quantile","0.975",1.05405233906132
"2021-02-20","7 day R","2020-11-03","DE","point","NA",0.986463077049336
"2021-02-20","7 day R","2020-11-03","DE","quantile","0.025",0.918873815037347
"2021-02-20","7 day R","2020-11-03","DE","quantile","0.975",1.05405233906132
"2021-02-20","7 day R","2020-11-04","DE","point","NA",0.986463077049336
"2021-02-20","7 day R","2020-11-04","DE","quantile","0.025",0.918873815037347
"2021-02-20","7 day R","2020-11-04","DE","quantile","0.975",1.05405233906132
"2021-02-20","7 day R","2020-11-05","DE","point","NA",0.986463077049336
"2021-02-20","7 day R","2020-11-05","DE","quantile","0.025",0.918873815037347
"2021-02-20","7 day R","2020-11-05","DE","quantile","0.975",1.05405233906132
"2021-02-20","7 day R","2020-11-06","DE","point","NA",0.986463077049336
"2021-02-20","7 day R","2020-11-06","DE","quantile","0.025",0.918873815037347
"2021-02-20","7 day R","2020-11-06","DE","quantile","0.975",1.05405233906132
"2021-02-20","7 day R","2020-11-07","DE","point","NA",0.986463077049336
"2021-02-20","7 day R","2020-11-07","DE","quantile","0.025",0.918873815037347
"2021-02-20","7 day R","2020-11-07","DE","quantile","0.975",1.05405233906132
"2021-02-20","7 day R","2020-11-08","DE","point","NA",0.986463077049336
"2021-02-20","7 day R","2020-11-08","DE","quantile","0.025",0.918873815037347
"2021-02-20","7 day R","2020-11-08","DE","quantile","0.975",1.05405233906132
"2021-02-20","7 day R","2020-11-09","DE","point","NA",0.986463077049336
"2021-02-20","7 day R","2020-11-09","DE","quantile","0.025",0.918873815037347
"2021-02-20","7 day R","2020-11-09","DE","quantile","0.975",1.05405233906132
"2021-02-20","7 day R","2020-11-10","DE","point","NA",1.03339240778319
"2021-02-20","7 day R","2020-11-10","DE","quantile","0.025",1.00199082524156
"2021-02-20","7 day R","2020-11-10","DE","quantile","0.975",1.06479399032482
"2021-02-20","7 day R","2020-11-11","DE","point","NA",1.03339240778319
"2021-02-20","7 day R","2020-11-11","DE","quantile","0.025",1.00199082524156
"2021-02-20","7 day R","2020-11-11","DE","quantile","0.975",1.06479399032482
"2021-02-20","7 day R","2020-11-12","DE","point","NA",1.03339240778319
"2021-02-20","7 day R","2020-11-12","DE","quantile","0.025",1.00199082524156
"2021-02-20","7 day R","2020-11-12","DE","quantile","0.975",1.06479399032482
"2021-02-20","7 day R","2020-11-13","DE","point","NA",1.03339240778319
"2021-02-20","7 day R","2020-11-13","DE","quantile","0.025",1.00199082524156
"2021-02-20","7 day R","2020-11-13","DE","quantile","0.975",1.06479399032482
"2021-02-20","7 day R","2020-11-14","DE","point","NA",1.03339240778319
"2021-02-20","7 day R","2020-11-14","DE","quantile","0.025",1.00199082524156
"2021-02-20","7 day R","2020-11-14","DE","quantile","0.975",1.06479399032482
"2021-02-20","7 day R","2020-11-15","DE","point","NA",1.03339240778319
"2021-02-20","7 day R","2020-11-15","DE","quantile","0.025",1.00199082524156
"2021-02-20","7 day R","2020-11-15","DE","quantile","0.975",1.06479399032482
"2021-02-20","7 day R","2020-11-16","DE","point","NA",1.03339240778319
"2021-02-20","7 day R","2020-11-16","DE","quantile","0.025",1.00199082524156
"2021-02-20","7 day R","2020-11-16","DE","quantile","0.975",1.06479399032482
"2021-02-20","7 day R","2020-11-17","DE","point","NA",1.03339240778319
"2021-02-20","7 day R","2020-11-17","DE","quantile","0.025",1.00199082524156
"2021-02-20","7 day R","2020-11-17","DE","quantile","0.975",1.06479399032482
"2021-02-20","7 day R","2020-11-18","DE","point","NA",1.03339240778319
"2021-02-20","7 day R","2020-11-18","DE","quantile","0.025",1.00199082524156
"2021-02-20","7 day R","2020-11-18","DE","quantile","0.975",1.06479399032482
"2021-02-20","7 day R","2020-11-19","DE","point","NA",1.03339240778319
"2021-02-20","7 day R","2020-11-19","DE","quantile","0.025",1.00199082524156
"2021-02-20","7 day R","2020-11-19","DE","quantile","0.975",1.06479399032482
"2021-02-20","7 day R","2020-11-20","DE","point","NA",1.03339240778319
"2021-02-20","7 day R","2020-11-20","DE","quantile","0.025",1.00199082524156
"2021-02-20","7 day R","2020-11-20","DE","quantile","0.975",1.06479399032482
"2021-02-20","7 day R","2020-11-21","DE","point","NA",1.03339240778319
"2021-02-20","7 day R","2020-11-21","DE","quantile","0.025",1.00199082524156
"2021-02-20","7 day R","2020-11-21","DE","quantile","0.975",1.06479399032482
"2021-02-20","7 day R","2020-11-22","DE","point","NA",1.03339240778319
"2021-02-20","7 day R","2020-11-22","DE","quantile","0.025",1.00199082524156
"2021-02-20","7 day R","2020-11-22","DE","quantile","0.975",1.06479399032482
"2021-02-20","7 day R","2020-11-23","DE","point","NA",1.03339240778319
"2021-02-20","7 day R","2020-11-23","DE","quantile","0.025",1.00199082524156
"2021-02-20","7 day R","2020-11-23","DE","quantile","0.975",1.06479399032482
"2021-02-20","7 day R","2020-11-24","DE","point","NA",1.03339240778319
"2021-02-20","7 day R","2020-11-24","DE","quantile","0.025",1.00199082524156
"2021-02-20","7 day R","2020-11-24","DE","quantile","0.975",1.06479399032482
"2021-02-20","7 day R","2020-11-25","DE","point","NA",1.03339240778319
"2021-02-20","7 day R","2020-11-25","DE","quantile","0.025",1.00199082524156
"2021-02-20","7 day R","2020-11-25","DE","quantile","0.975",1.06479399032482
"2021-02-20","7 day R","2020-11-26","DE","point","NA",1.03339240778319
"2021-02-20","7 day R","2020-11-26","DE","quantile","0.025",1.00199082524156
"2021-02-20","7 day R","2020-11-26","DE","quantile","0.975",1.06479399032482
"2021-02-20","7 day R","2020-11-27","DE","point","NA",1.03339240778319
"2021-02-20","7 day R","2020-11-27","DE","quantile","0.025",1.00199082524156
"2021-02-20","7 day R","2020-11-27","DE","quantile","0.975",1.06479399032482
"2021-02-20","7 day R","2020-11-28","DE","point","NA",1.03339240778319
"2021-02-20","7 day R","2020-11-28","DE","quantile","0.025",1.00199082524156
"2021-02-20","7 day R","2020-11-28","DE","quantile","0.975",1.06479399032482
"2021-02-20","7 day R","2020-11-29","DE","point","NA",1.03339240778319
"2021-02-20","7 day R","2020-11-29","DE","quantile","0.025",1.00199082524156
"2021-02-20","7 day R","2020-11-29","DE","quantile","0.975",1.06479399032482
"2021-02-20","7 day R","2020-11-30","DE","point","NA",1.0354225786945
"2021-02-20","7 day R","2020-11-30","DE","quantile","0.025",0.99847327771578
"2021-02-20","7 day R","2020-11-30","DE","quantile","0.975",1.07237187967322
"2021-02-20","7 day R","2020-12-01","DE","point","NA",1.0354225786945
"2021-02-20","7 day R","2020-12-01","DE","quantile","0.025",0.99847327771578
"2021-02-20","7 day R","2020-12-01","DE","quantile","0.975",1.07237187967322
"2021-02-20","7 day R","2020-12-02","DE","point","NA",1.0354225786945
"2021-02-20","7 day R","2020-12-02","DE","quantile","0.025",0.99847327771578
"2021-02-20","7 day R","2020-12-02","DE","quantile","0.975",1.07237187967322
"2021-02-20","7 day R","2020-12-03","DE","point","NA",1.0354225786945
"2021-02-20","7 day R","2020-12-03","DE","quantile","0.025",0.99847327771578
"2021-02-20","7 day R","2020-12-03","DE","quantile","0.975",1.07237187967322
"2021-02-20","7 day R","2020-12-04","DE","point","NA",1.0354225786945
"2021-02-20","7 day R","2020-12-04","DE","quantile","0.025",0.99847327771578
"2021-02-20","7 day R","2020-12-04","DE","quantile","0.975",1.07237187967322
"2021-02-20","7 day R","2020-12-05","DE","point","NA",1.0354225786945
"2021-02-20","7 day R","2020-12-05","DE","quantile","0.025",0.99847327771578
"2021-02-20","7 day R","2020-12-05","DE","quantile","0.975",1.07237187967322
"2021-02-20","7 day R","2020-12-06","DE","point","NA",1.0354225786945
"2021-02-20","7 day R","2020-12-06","DE","quantile","0.025",0.99847327771578
"2021-02-20","7 day R","2020-12-06","DE","quantile","0.975",1.07237187967322
"2021-02-20","7 day R","2020-12-07","DE","point","NA",1.0354225786945
"2021-02-20","7 day R","2020-12-07","DE","quantile","0.025",0.99847327771578
"2021-02-20","7 day R","2020-12-07","DE","quantile","0.975",1.07237187967322
"2021-02-20","7 day R","2020-12-08","DE","point","NA",1.0354225786945
"2021-02-20","7 day R","2020-12-08","DE","quantile","0.025",0.99847327771578
"2021-02-20","7 day R","2020-12-08","DE","quantile","0.975",1.07237187967322
"2021-02-20","7 day R","2020-12-09","DE","point","NA",1.0354225786945
"2021-02-20","7 day R","2020-12-09","DE","quantile","0.025",0.99847327771578
"2021-02-20","7 day R","2020-12-09","DE","quantile","0.975",1.07237187967322
"2021-02-20","7 day R","2020-12-10","DE","point","NA",1.0354225786945
"2021-02-20","7 day R","2020-12-10","DE","quantile","0.025",0.99847327771578
"2021-02-20","7 day R","2020-12-10","DE","quantile","0.975",1.07237187967322
"2021-02-20","7 day R","2020-12-11","DE","point","NA",1.0354225786945
"2021-02-20","7 day R","2020-12-11","DE","quantile","0.025",0.99847327771578
"2021-02-20","7 day R","2020-12-11","DE","quantile","0.975",1.07237187967322
"2021-02-20","7 day R","2020-12-12","DE","point","NA",1.0354225786945
"2021-02-20","7 day R","2020-12-12","DE","quantile","0.025",0.99847327771578
"2021-02-20","7 day R","2020-12-12","DE","quantile","0.975",1.07237187967322
"2021-02-20","7 day R","2020-12-13","DE","point","NA",1.0354225786945
"2021-02-20","7 day R","2020-12-13","DE","quantile","0.025",0.99847327771578
"2021-02-20","7 day R","2020-12-13","DE","quantile","0.975",1.07237187967322
"2021-02-20","7 day R","2020-12-14","DE","point","NA",1.0354225786945
"2021-02-20","7 day R","2020-12-14","DE","quantile","0.025",0.99847327771578
"2021-02-20","7 day R","2020-12-14","DE","quantile","0.975",1.07237187967322
"2021-02-20","7 day R","2020-12-15","DE","point","NA",1.0354225786945
"2021-02-20","7 day R","2020-12-15","DE","quantile","0.025",0.99847327771578
"2021-02-20","7 day R","2020-12-15","DE","quantile","0.975",1.07237187967322
"2021-02-20","7 day R","2020-12-16","DE","point","NA",0.924193044945988
"2021-02-20","7 day R","2020-12-16","DE","quantile","0.025",0.894131942499553
"2021-02-20","7 day R","2020-12-16","DE","quantile","0.975",0.954254147392424
"2021-02-20","7 day R","2020-12-17","DE","point","NA",0.924193044945988
"2021-02-20","7 day R","2020-12-17","DE","quantile","0.025",0.894131942499553
"2021-02-20","7 day R","2020-12-17","DE","quantile","0.975",0.954254147392424
"2021-02-20","7 day R","2020-12-18","DE","point","NA",0.924193044945988
"2021-02-20","7 day R","2020-12-18","DE","quantile","0.025",0.894131942499553
"2021-02-20","7 day R","2020-12-18","DE","quantile","0.975",0.954254147392424
"2021-02-20","7 day R","2020-12-19","DE","point","NA",0.924193044945988
"2021-02-20","7 day R","2020-12-19","DE","quantile","0.025",0.894131942499553
"2021-02-20","7 day R","2020-12-19","DE","quantile","0.975",0.954254147392424
"2021-02-20","7 day R","2020-12-20","DE","point","NA",0.924193044945988
"2021-02-20","7 day R","2020-12-20","DE","quantile","0.025",0.894131942499553
"2021-02-20","7 day R","2020-12-20","DE","quantile","0.975",0.954254147392424
"2021-02-20","7 day R","2020-12-21","DE","point","NA",0.924193044945988
"2021-02-20","7 day R","2020-12-21","DE","quantile","0.025",0.894131942499553
"2021-02-20","7 day R","2020-12-21","DE","quantile","0.975",0.954254147392424
"2021-02-20","7 day R","2020-12-22","DE","point","NA",0.924193044945988
"2021-02-20","7 day R","2020-12-22","DE","quantile","0.025",0.894131942499553
"2021-02-20","7 day R","2020-12-22","DE","quantile","0.975",0.954254147392424
"2021-02-20","7 day R","2020-12-23","DE","point","NA",0.924193044945988
"2021-02-20","7 day R","2020-12-23","DE","quantile","0.025",0.894131942499553
"2021-02-20","7 day R","2020-12-23","DE","quantile","0.975",0.954254147392424
"2021-02-20","7 day R","2020-12-24","DE","point","NA",0.924193044945988
"2021-02-20","7 day R","2020-12-24","DE","quantile","0.025",0.894131942499553
"2021-02-20","7 day R","2020-12-24","DE","quantile","0.975",0.954254147392424
"2021-02-20","7 day R","2020-12-25","DE","point","NA",0.924193044945988
"2021-02-20","7 day R","2020-12-25","DE","quantile","0.025",0.894131942499553
"2021-02-20","7 day R","2020-12-25","DE","quantile","0.975",0.954254147392424
"2021-02-20","7 day R","2020-12-26","DE","point","NA",0.924193044945988
"2021-02-20","7 day R","2020-12-26","DE","quantile","0.025",0.894131942499553
"2021-02-20","7 day R","2020-12-26","DE","quantile","0.975",0.954254147392424
"2021-02-20","7 day R","2020-12-27","DE","point","NA",0.924193044945988
"2021-02-20","7 day R","2020-12-27","DE","quantile","0.025",0.894131942499553
"2021-02-20","7 day R","2020-12-27","DE","quantile","0.975",0.954254147392424
"2021-02-20","7 day R","2020-12-28","DE","point","NA",0.924193044945988
"2021-02-20","7 day R","2020-12-28","DE","quantile","0.025",0.894131942499553
"2021-02-20","7 day R","2020-12-28","DE","quantile","0.975",0.954254147392424
"2021-02-20","7 day R","2020-12-29","DE","point","NA",0.924193044945988
"2021-02-20","7 day R","2020-12-29","DE","quantile","0.025",0.894131942499553
"2021-02-20","7 day R","2020-12-29","DE","quantile","0.975",0.954254147392424
"2021-02-20","7 day R","2020-12-30","DE","point","NA",0.924193044945988
"2021-02-20","7 day R","2020-12-30","DE","quantile","0.025",0.894131942499553
"2021-02-20","7 day R","2020-12-30","DE","quantile","0.975",0.954254147392424
"2021-02-20","7 day R","2020-12-31","DE","point","NA",0.924193044945988
"2021-02-20","7 day R","2020-12-31","DE","quantile","0.025",0.894131942499553
"2021-02-20","7 day R","2020-12-31","DE","quantile","0.975",0.954254147392424
"2021-02-20","7 day R","2021-01-01","DE","point","NA",0.924193044945988
"2021-02-20","7 day R","2021-01-01","DE","quantile","0.025",0.894131942499553
"2021-02-20","7 day R","2021-01-01","DE","quantile","0.975",0.954254147392424
"2021-02-20","7 day R","2021-01-02","DE","point","NA",0.924193044945988
"2021-02-20","7 day R","2021-01-02","DE","quantile","0.025",0.894131942499553
"2021-02-20","7 day R","2021-01-02","DE","quantile","0.975",0.954254147392424
"2021-02-20","7 day R","2021-01-03","DE","point","NA",0.924193044945988
"2021-02-20","7 day R","2021-01-03","DE","quantile","0.025",0.894131942499553
"2021-02-20","7 day R","2021-01-03","DE","quantile","0.975",0.954254147392424
"2021-02-20","7 day R","2021-01-04","DE","point","NA",0.924193044945988
"2021-02-20","7 day R","2021-01-04","DE","quantile","0.025",0.894131942499553
"2021-02-20","7 day R","2021-01-04","DE","quantile","0.975",0.954254147392424
"2021-02-20","7 day R","2021-01-05","DE","point","NA",0.871879147900878
"2021-02-20","7 day R","2021-01-05","DE","quantile","0.025",0.802656275804632
"2021-02-20","7 day R","2021-01-05","DE","quantile","0.975",0.941102019997124
"2021-02-20","7 day R","2021-01-06","DE","point","NA",0.871879147900878
"2021-02-20","7 day R","2021-01-06","DE","quantile","0.025",0.802656275804632
"2021-02-20","7 day R","2021-01-06","DE","quantile","0.975",0.941102019997124
"2021-02-20","7 day R","2021-01-07","DE","point","NA",0.871879147900878
"2021-02-20","7 day R","2021-01-07","DE","quantile","0.025",0.802656275804632
"2021-02-20","7 day R","2021-01-07","DE","quantile","0.975",0.941102019997124
"2021-02-20","7 day R","2021-01-08","DE","point","NA",0.871879147900878
"2021-02-20","7 day R","2021-01-08","DE","quantile","0.025",0.802656275804632
"2021-02-20","7 day R","2021-01-08","DE","quantile","0.975",0.941102019997124
"2021-02-20","7 day R","2021-01-09","DE","point","NA",0.871879147900878
"2021-02-20","7 day R","2021-01-09","DE","quantile","0.025",0.802656275804632
"2021-02-20","7 day R","2021-01-09","DE","quantile","0.975",0.941102019997124
"2021-02-20","7 day R","2021-01-10","DE","point","NA",0.891344289979449
"2021-02-20","7 day R","2021-01-10","DE","quantile","0.025",0.869019429285218
"2021-02-20","7 day R","2021-01-10","DE","quantile","0.975",0.913669150673681
"2021-02-20","7 day R","2021-01-11","DE","point","NA",0.891344289979449
"2021-02-20","7 day R","2021-01-11","DE","quantile","0.025",0.869019429285218
"2021-02-20","7 day R","2021-01-11","DE","quantile","0.975",0.913669150673681
"2021-02-20","7 day R","2021-01-12","DE","point","NA",0.891344289979449
"2021-02-20","7 day R","2021-01-12","DE","quantile","0.025",0.869019429285218
"2021-02-20","7 day R","2021-01-12","DE","quantile","0.975",0.913669150673681
"2021-02-20","7 day R","2021-01-13","DE","point","NA",0.891344289979449
"2021-02-20","7 day R","2021-01-13","DE","quantile","0.025",0.869019429285218
"2021-02-20","7 day R","2021-01-13","DE","quantile","0.975",0.913669150673681
"2021-02-20","7 day R","2021-01-14","DE","point","NA",0.891344289979449
"2021-02-20","7 day R","2021-01-14","DE","quantile","0.025",0.869019429285218
"2021-02-20","7 day R","2021-01-14","DE","quantile","0.975",0.913669150673681
"2021-02-20","7 day R","2021-01-15","DE","point","NA",0.891344289979449
"2021-02-20","7 day R","2021-01-15","DE","quantile","0.025",0.869019429285218
"2021-02-20","7 day R","2021-01-15","DE","quantile","0.975",0.913669150673681
"2021-02-20","7 day R","2021-01-16","DE","point","NA",0.891344289979449
"2021-02-20","7 day R","2021-01-16","DE","quantile","0.025",0.869019429285218
"2021-02-20","7 day R","2021-01-16","DE","quantile","0.975",0.913669150673681
"2021-02-20","7 day R","2021-01-17","DE","point","NA",0.891344289979449
"2021-02-20","7 day R","2021-01-17","DE","quantile","0.025",0.869019429285218
"2021-02-20","7 day R","2021-01-17","DE","quantile","0.975",0.913669150673681
"2021-02-20","7 day R","2021-01-18","DE","point","NA",0.891344289979449
"2021-02-20","7 day R","2021-01-18","DE","quantile","0.025",0.869019429285218
"2021-02-20","7 day R","2021-01-18","DE","quantile","0.975",0.913669150673681
"2021-02-20","7 day R","2021-01-19","DE","point","NA",0.891344289979449
"2021-02-20","7 day R","2021-01-19","DE","quantile","0.025",0.869019429285218
"2021-02-20","7 day R","2021-01-19","DE","quantile","0.975",0.913669150673681
"2021-02-20","7 day R","2021-01-20","DE","point","NA",0.891344289979449
"2021-02-20","7 day R","2021-01-20","DE","quantile","0.025",0.869019429285218
"2021-02-20","7 day R","2021-01-20","DE","quantile","0.975",0.913669150673681
"2021-02-20","7 day R","2021-01-21","DE","point","NA",0.891344289979449
"2021-02-20","7 day R","2021-01-21","DE","quantile","0.025",0.869019429285218
"2021-02-20","7 day R","2021-01-21","DE","quantile","0.975",0.913669150673681
"2021-02-20","7 day R","2021-01-22","DE","point","NA",0.891344289979449
"2021-02-20","7 day R","2021-01-22","DE","quantile","0.025",0.869019429285218
"2021-02-20","7 day R","2021-01-22","DE","quantile","0.975",0.913669150673681
"2021-02-20","7 day R","2021-01-23","DE","point","NA",0.891344289979449
"2021-02-20","7 day R","2021-01-23","DE","quantile","0.025",0.869019429285218
"2021-02-20","7 day R","2021-01-23","DE","quantile","0.975",0.913669150673681
"2021-02-20","7 day R","2021-01-24","DE","point","NA",0.891344289979449
"2021-02-20","7 day R","2021-01-24","DE","quantile","0.025",0.869019429285218
"2021-02-20","7 day R","2021-01-24","DE","quantile","0.975",0.913669150673681
"2021-02-20","7 day R","2021-01-25","DE","point","NA",0.891344289979449
"2021-02-20","7 day R","2021-01-25","DE","quantile","0.025",0.869019429285218
"2021-02-20","7 day R","2021-01-25","DE","quantile","0.975",0.913669150673681
"2021-02-20","7 day R","2021-01-26","DE","point","NA",0.891344289979449
"2021-02-20","7 day R","2021-01-26","DE","quantile","0.025",0.869019429285218
"2021-02-20","7 day R","2021-01-26","DE","quantile","0.975",0.913669150673681
"2021-02-20","7 day R","2021-01-27","DE","point","NA",0.891344289979449
"2021-02-20","7 day R","2021-01-27","DE","quantile","0.025",0.869019429285218
"2021-02-20","7 day R","2021-01-27","DE","quantile","0.975",0.913669150673681
"2021-02-20","7 day R","2021-01-28","DE","point","NA",0.891344289979449
"2021-02-20","7 day R","2021-01-28","DE","quantile","0.025",0.869019429285218
"2021-02-20","7 day R","2021-01-28","DE","quantile","0.975",0.913669150673681
"2021-02-20","7 day R","2021-01-29","DE","point","NA",0.891344289979449
"2021-02-20","7 day R","2021-01-29","DE","quantile","0.025",0.869019429285218
"2021-02-20","7 day R","2021-01-29","DE","quantile","0.975",0.913669150673681
"2021-02-20","7 day R","2021-01-30","DE","point","NA",0.891344289979449
"2021-02-20","7 day R","2021-01-30","DE","quantile","0.025",0.869019429285218
"2021-02-20","7 day R","2021-01-30","DE","quantile","0.975",0.913669150673681
"2021-02-20","7 day R","2021-01-31","DE","point","NA",0.792130517901055
"2021-02-20","7 day R","2021-01-31","DE","quantile","0.025",0.721740447543481
"2021-02-20","7 day R","2021-01-31","DE","quantile","0.975",0.862520588258629
"2021-02-20","7 day R","2021-02-01","DE","point","NA",0.792130517901055
"2021-02-20","7 day R","2021-02-01","DE","quantile","0.025",0.721740447543481
"2021-02-20","7 day R","2021-02-01","DE","quantile","0.975",0.862520588258629
"2021-02-20","7 day R","2021-02-02","DE","point","NA",0.792130517901055
"2021-02-20","7 day R","2021-02-02","DE","quantile","0.025",0.721740447543481
"2021-02-20","7 day R","2021-02-02","DE","quantile","0.975",0.862520588258629
"2021-02-20","7 day R","2021-02-03","DE","point","NA",0.792130517901055
"2021-02-20","7 day R","2021-02-03","DE","quantile","0.025",0.721740447543481
"2021-02-20","7 day R","2021-02-03","DE","quantile","0.975",0.862520588258629
"2021-02-20","7 day R","2021-02-04","DE","point","NA",0.792130517901055
"2021-02-20","7 day R","2021-02-04","DE","quantile","0.025",0.721740447543481
"2021-02-20","7 day R","2021-02-04","DE","quantile","0.975",0.862520588258629
"2021-02-20","7 day R","2021-02-05","DE","point","NA",0.792130517901055
"2021-02-20","7 day R","2021-02-05","DE","quantile","0.025",0.721740447543481
"2021-02-20","7 day R","2021-02-05","DE","quantile","0.975",0.862520588258629
"2021-02-20","7 day R","2021-02-06","DE","point","NA",0.792130517901055
"2021-02-20","7 day R","2021-02-06","DE","quantile","0.025",0.721740447543481
"2021-02-20","7 day R","2021-02-06","DE","quantile","0.975",0.862520588258629
