"data_version","target","date","location","type","quantile","value"
"2022-01-14","10 day R","2020-03-02","DE","point","NA",2.96393334740825
"2022-01-14","10 day R","2020-03-02","DE","quantile","0.025",2.64489363799484
"2022-01-14","10 day R","2020-03-02","DE","quantile","0.975",3.28492282639886
"2022-01-14","10 day R","2020-03-03","DE","point","NA",2.96308535539408
"2022-01-14","10 day R","2020-03-03","DE","quantile","0.025",2.67111165452825
"2022-01-14","10 day R","2020-03-03","DE","quantile","0.975",3.25397310279085
"2022-01-14","10 day R","2020-03-04","DE","point","NA",2.99132488756843
"2022-01-14","10 day R","2020-03-04","DE","quantile","0.025",2.71204457918356
"2022-01-14","10 day R","2020-03-04","DE","quantile","0.975",3.27008600513922
"2022-01-14","10 day R","2020-03-05","DE","point","NA",3.02334074360069
"2022-01-14","10 day R","2020-03-05","DE","quantile","0.025",2.75013533990532
"2022-01-14","10 day R","2020-03-05","DE","quantile","0.975",3.29454956301673
"2022-01-14","10 day R","2020-03-06","DE","point","NA",3.05517178509365
"2022-01-14","10 day R","2020-03-06","DE","quantile","0.025",2.80284123991278
"2022-01-14","10 day R","2020-03-06","DE","quantile","0.975",3.30866304564783
"2022-01-14","10 day R","2020-03-07","DE","point","NA",3.06179494430414
"2022-01-14","10 day R","2020-03-07","DE","quantile","0.025",2.82145371603544
"2022-01-14","10 day R","2020-03-07","DE","quantile","0.975",3.30401058997656
"2022-01-14","10 day R","2020-03-08","DE","point","NA",3.0770121229164
"2022-01-14","10 day R","2020-03-08","DE","quantile","0.025",2.8412418294342
"2022-01-14","10 day R","2020-03-08","DE","quantile","0.975",3.31379379851981
"2022-01-14","10 day R","2020-03-09","DE","point","NA",3.04653480566377
"2022-01-14","10 day R","2020-03-09","DE","quantile","0.025",2.81348860205805
"2022-01-14","10 day R","2020-03-09","DE","quantile","0.975",3.28055058700459
"2022-01-14","10 day R","2020-03-10","DE","point","NA",3.07659526246855
"2022-01-14","10 day R","2020-03-10","DE","quantile","0.025",2.8441294401159
"2022-01-14","10 day R","2020-03-10","DE","quantile","0.975",3.31169344496642
"2022-01-14","10 day R","2020-03-11","DE","point","NA",3.08610263663405
"2022-01-14","10 day R","2020-03-11","DE","quantile","0.025",2.84882681120043
"2022-01-14","10 day R","2020-03-11","DE","quantile","0.975",3.32003029763091
"2022-01-14","10 day R","2020-03-12","DE","point","NA",3.07268173462686
"2022-01-14","10 day R","2020-03-12","DE","quantile","0.025",2.83049084461845
"2022-01-14","10 day R","2020-03-12","DE","quantile","0.975",3.30927865774977
"2022-01-14","10 day R","2020-03-13","DE","point","NA",3.15995013204956
"2022-01-14","10 day R","2020-03-13","DE","quantile","0.025",2.91143555792933
"2022-01-14","10 day R","2020-03-13","DE","quantile","0.975",3.40914052596283
"2022-01-14","10 day R","2020-03-14","DE","point","NA",3.24540422707874
"2022-01-14","10 day R","2020-03-14","DE","quantile","0.025",3.00074880872969
"2022-01-14","10 day R","2020-03-14","DE","quantile","0.975",3.49133821675145
"2022-01-14","10 day R","2020-03-15","DE","point","NA",3.29194459297344
"2022-01-14","10 day R","2020-03-15","DE","quantile","0.025",3.04731515779875
"2022-01-14","10 day R","2020-03-15","DE","quantile","0.975",3.54029234573577
"2022-01-14","10 day R","2020-03-16","DE","point","NA",3.31884166975085
"2022-01-14","10 day R","2020-03-16","DE","quantile","0.025",3.07351987319118
"2022-01-14","10 day R","2020-03-16","DE","quantile","0.975",3.56939127871856
"2022-01-14","10 day R","2020-03-17","DE","point","NA",3.29355579475214
"2022-01-14","10 day R","2020-03-17","DE","quantile","0.025",3.05047996983652
"2022-01-14","10 day R","2020-03-17","DE","quantile","0.975",3.54489000608695
"2022-01-14","10 day R","2020-03-18","DE","point","NA",3.2209620994275
"2022-01-14","10 day R","2020-03-18","DE","quantile","0.025",2.98108420687397
"2022-01-14","10 day R","2020-03-18","DE","quantile","0.975",3.46606029625329
"2022-01-14","10 day R","2020-03-19","DE","point","NA",3.08730609881508
"2022-01-14","10 day R","2020-03-19","DE","quantile","0.025",2.85473344617808
"2022-01-14","10 day R","2020-03-19","DE","quantile","0.975",3.324425418689
"2022-01-14","10 day R","2020-03-20","DE","point","NA",2.89880180216362
"2022-01-14","10 day R","2020-03-20","DE","quantile","0.025",2.67346926614403
"2022-01-14","10 day R","2020-03-20","DE","quantile","0.975",3.12679871925866
"2022-01-14","10 day R","2020-03-21","DE","point","NA",2.68489841919576
"2022-01-14","10 day R","2020-03-21","DE","quantile","0.025",2.46063558093706
"2022-01-14","10 day R","2020-03-21","DE","quantile","0.975",2.90812215561393
"2022-01-14","10 day R","2020-03-22","DE","point","NA",2.53611305905948
"2022-01-14","10 day R","2020-03-22","DE","quantile","0.025",2.30818008855419
"2022-01-14","10 day R","2020-03-22","DE","quantile","0.975",2.75975870896381
"2022-01-14","10 day R","2020-03-23","DE","point","NA",2.44373820698512
"2022-01-14","10 day R","2020-03-23","DE","quantile","0.025",2.21840728980441
"2022-01-14","10 day R","2020-03-23","DE","quantile","0.975",2.67108599571803
"2022-01-14","10 day R","2020-03-24","DE","point","NA",2.3243146485865
"2022-01-14","10 day R","2020-03-24","DE","quantile","0.025",2.10102696875461
"2022-01-14","10 day R","2020-03-24","DE","quantile","0.975",2.54756611633934
"2022-01-14","10 day R","2020-03-25","DE","point","NA",2.2213194316796
"2022-01-14","10 day R","2020-03-25","DE","quantile","0.025",1.99668645678335
"2022-01-14","10 day R","2020-03-25","DE","quantile","0.975",2.44598199581952
"2022-01-14","10 day R","2020-03-26","DE","point","NA",2.16831369734989
"2022-01-14","10 day R","2020-03-26","DE","quantile","0.025",1.9440433632534
"2022-01-14","10 day R","2020-03-26","DE","quantile","0.975",2.39122483782594
"2022-01-14","10 day R","2020-03-27","DE","point","NA",2.05612267783384
"2022-01-14","10 day R","2020-03-27","DE","quantile","0.025",1.83330847975586
"2022-01-14","10 day R","2020-03-27","DE","quantile","0.975",2.27966741386951
"2022-01-14","10 day R","2020-03-28","DE","point","NA",1.94762378853846
"2022-01-14","10 day R","2020-03-28","DE","quantile","0.025",1.720200239843
"2022-01-14","10 day R","2020-03-28","DE","quantile","0.975",2.17310689368723
"2022-01-14","10 day R","2020-03-29","DE","point","NA",1.80077695493182
"2022-01-14","10 day R","2020-03-29","DE","quantile","0.025",1.57424441332859
"2022-01-14","10 day R","2020-03-29","DE","quantile","0.975",2.02408929372069
"2022-01-14","10 day R","2020-03-30","DE","point","NA",1.67796522727931
"2022-01-14","10 day R","2020-03-30","DE","quantile","0.025",1.4512979469811
"2022-01-14","10 day R","2020-03-30","DE","quantile","0.975",1.9038902803214
"2022-01-14","10 day R","2020-03-31","DE","point","NA",1.56859789411381
"2022-01-14","10 day R","2020-03-31","DE","quantile","0.025",1.34027061797865
"2022-01-14","10 day R","2020-03-31","DE","quantile","0.975",1.79561389822011
"2022-01-14","10 day R","2020-04-01","DE","point","NA",1.47387593403518
"2022-01-14","10 day R","2020-04-01","DE","quantile","0.025",1.24602666652324
"2022-01-14","10 day R","2020-04-01","DE","quantile","0.975",1.70051411139496
"2022-01-14","10 day R","2020-04-02","DE","point","NA",1.39581959040448
"2022-01-14","10 day R","2020-04-02","DE","quantile","0.025",1.17010517523025
"2022-01-14","10 day R","2020-04-02","DE","quantile","0.975",1.62211865047815
"2022-01-14","10 day R","2020-04-03","DE","point","NA",1.3082081029769
"2022-01-14","10 day R","2020-04-03","DE","quantile","0.025",1.0807274851817
"2022-01-14","10 day R","2020-04-03","DE","quantile","0.975",1.53743727983933
"2022-01-14","10 day R","2020-04-04","DE","point","NA",1.23409481705412
"2022-01-14","10 day R","2020-04-04","DE","quantile","0.025",1.00617511083824
"2022-01-14","10 day R","2020-04-04","DE","quantile","0.975",1.4617302478028
"2022-01-14","10 day R","2020-04-05","DE","point","NA",1.16231409155021
"2022-01-14","10 day R","2020-04-05","DE","quantile","0.025",0.932091323202221
"2022-01-14","10 day R","2020-04-05","DE","quantile","0.975",1.3874881285016
"2022-01-14","10 day R","2020-04-06","DE","point","NA",1.09330970594499
"2022-01-14","10 day R","2020-04-06","DE","quantile","0.025",0.868970055358368
"2022-01-14","10 day R","2020-04-06","DE","quantile","0.975",1.32103594456301
"2022-01-14","10 day R","2020-04-07","DE","point","NA",1.03929325203823
"2022-01-14","10 day R","2020-04-07","DE","quantile","0.025",0.813192772098426
"2022-01-14","10 day R","2020-04-07","DE","quantile","0.975",1.26613345873892
"2022-01-14","10 day R","2020-04-08","DE","point","NA",0.980032812741795
"2022-01-14","10 day R","2020-04-08","DE","quantile","0.025",0.753642101921831
"2022-01-14","10 day R","2020-04-08","DE","quantile","0.975",1.20584154710919
"2022-01-14","10 day R","2020-04-09","DE","point","NA",0.917485551688679
"2022-01-14","10 day R","2020-04-09","DE","quantile","0.025",0.689634606418953
"2022-01-14","10 day R","2020-04-09","DE","quantile","0.975",1.14590293381845
"2022-01-14","10 day R","2020-04-10","DE","point","NA",0.857402216966245
"2022-01-14","10 day R","2020-04-10","DE","quantile","0.025",0.630506682840772
"2022-01-14","10 day R","2020-04-10","DE","quantile","0.975",1.08224574424564
"2022-01-14","10 day R","2020-04-11","DE","point","NA",0.819992225203091
"2022-01-14","10 day R","2020-04-11","DE","quantile","0.025",0.593070975214677
"2022-01-14","10 day R","2020-04-11","DE","quantile","0.975",1.04527853283773
"2022-01-14","10 day R","2020-04-12","DE","point","NA",0.789939635788154
"2022-01-14","10 day R","2020-04-12","DE","quantile","0.025",0.561442318005414
"2022-01-14","10 day R","2020-04-12","DE","quantile","0.975",1.01519780741799
"2022-01-14","10 day R","2020-04-13","DE","point","NA",0.750718837141951
"2022-01-14","10 day R","2020-04-13","DE","quantile","0.025",0.523711031059719
"2022-01-14","10 day R","2020-04-13","DE","quantile","0.975",0.978543781237079
"2022-01-14","10 day R","2020-04-14","DE","point","NA",0.71434362316754
"2022-01-14","10 day R","2020-04-14","DE","quantile","0.025",0.488788722469984
"2022-01-14","10 day R","2020-04-14","DE","quantile","0.975",0.938657900169493
"2022-01-14","10 day R","2020-04-15","DE","point","NA",0.701011622110709
"2022-01-14","10 day R","2020-04-15","DE","quantile","0.025",0.473831243974103
"2022-01-14","10 day R","2020-04-15","DE","quantile","0.975",0.925106608740052
"2022-01-14","10 day R","2020-04-16","DE","point","NA",0.693247631619293
"2022-01-14","10 day R","2020-04-16","DE","quantile","0.025",0.470006350718397
"2022-01-14","10 day R","2020-04-16","DE","quantile","0.975",0.913170060301473
"2022-01-14","10 day R","2020-04-17","DE","point","NA",0.693394878844883
"2022-01-14","10 day R","2020-04-17","DE","quantile","0.025",0.470383608056837
"2022-01-14","10 day R","2020-04-17","DE","quantile","0.975",0.915435289027299
"2022-01-14","10 day R","2020-04-18","DE","point","NA",0.681176363897763
"2022-01-14","10 day R","2020-04-18","DE","quantile","0.025",0.46071503465841
"2022-01-14","10 day R","2020-04-18","DE","quantile","0.975",0.901327342457156
"2022-01-14","10 day R","2020-04-19","DE","point","NA",0.669947430446516
"2022-01-14","10 day R","2020-04-19","DE","quantile","0.025",0.444417263825906
"2022-01-14","10 day R","2020-04-19","DE","quantile","0.975",0.891888951294502
"2022-01-14","10 day R","2020-04-20","DE","point","NA",0.655984228448426
"2022-01-14","10 day R","2020-04-20","DE","quantile","0.025",0.435370270358731
"2022-01-14","10 day R","2020-04-20","DE","quantile","0.975",0.877232116170195
"2022-01-14","10 day R","2020-04-21","DE","point","NA",0.633081659158617
"2022-01-14","10 day R","2020-04-21","DE","quantile","0.025",0.410252036456037
"2022-01-14","10 day R","2020-04-21","DE","quantile","0.975",0.855304723337537
"2022-01-14","10 day R","2020-04-22","DE","point","NA",0.619928590822758
"2022-01-14","10 day R","2020-04-22","DE","quantile","0.025",0.395571950371035
"2022-01-14","10 day R","2020-04-22","DE","quantile","0.975",0.8429919803039
"2022-01-14","10 day R","2020-04-23","DE","point","NA",0.612309365510781
"2022-01-14","10 day R","2020-04-23","DE","quantile","0.025",0.39044706351451
"2022-01-14","10 day R","2020-04-23","DE","quantile","0.975",0.837002949424851
"2022-01-14","10 day R","2020-04-24","DE","point","NA",0.59934274584332
"2022-01-14","10 day R","2020-04-24","DE","quantile","0.025",0.37637808235949
"2022-01-14","10 day R","2020-04-24","DE","quantile","0.975",0.82379260320768
"2022-01-14","10 day R","2020-04-25","DE","point","NA",0.597441304824277
"2022-01-14","10 day R","2020-04-25","DE","quantile","0.025",0.376330758519334
"2022-01-14","10 day R","2020-04-25","DE","quantile","0.975",0.823914623618525
"2022-01-14","10 day R","2020-04-26","DE","point","NA",0.589643939234289
"2022-01-14","10 day R","2020-04-26","DE","quantile","0.025",0.36955299444944
"2022-01-14","10 day R","2020-04-26","DE","quantile","0.975",0.813722172743254
"2022-01-14","10 day R","2020-04-27","DE","point","NA",0.576855906112446
"2022-01-14","10 day R","2020-04-27","DE","quantile","0.025",0.351990405969509
"2022-01-14","10 day R","2020-04-27","DE","quantile","0.975",0.800834805498734
"2022-01-14","10 day R","2020-04-28","DE","point","NA",0.563183101091769
"2022-01-14","10 day R","2020-04-28","DE","quantile","0.025",0.337812562620935
"2022-01-14","10 day R","2020-04-28","DE","quantile","0.975",0.78771666348266
"2022-01-14","10 day R","2020-04-29","DE","point","NA",0.548322833607671
"2022-01-14","10 day R","2020-04-29","DE","quantile","0.025",0.323917071167028
"2022-01-14","10 day R","2020-04-29","DE","quantile","0.975",0.773237285636449
"2022-01-14","10 day R","2020-04-30","DE","point","NA",0.536210726456214
"2022-01-14","10 day R","2020-04-30","DE","quantile","0.025",0.311586175477065
"2022-01-14","10 day R","2020-04-30","DE","quantile","0.975",0.759997640556073
"2022-01-14","10 day R","2020-05-01","DE","point","NA",0.526869094487558
"2022-01-14","10 day R","2020-05-01","DE","quantile","0.025",0.300892509755525
"2022-01-14","10 day R","2020-05-01","DE","quantile","0.975",0.752954735570639
"2022-01-14","10 day R","2020-05-02","DE","point","NA",0.533048803394742
"2022-01-14","10 day R","2020-05-02","DE","quantile","0.025",0.309793159570674
"2022-01-14","10 day R","2020-05-02","DE","quantile","0.975",0.756509586573182
"2022-01-14","10 day R","2020-05-03","DE","point","NA",0.538530650501042
"2022-01-14","10 day R","2020-05-03","DE","quantile","0.025",0.31228095414379
"2022-01-14","10 day R","2020-05-03","DE","quantile","0.975",0.760158666825476
"2022-01-14","10 day R","2020-05-04","DE","point","NA",0.544868136866819
"2022-01-14","10 day R","2020-05-04","DE","quantile","0.025",0.321521877328165
"2022-01-14","10 day R","2020-05-04","DE","quantile","0.975",0.767197715947483
"2022-01-14","10 day R","2020-05-05","DE","point","NA",0.556574566922322
"2022-01-14","10 day R","2020-05-05","DE","quantile","0.025",0.334296750086461
"2022-01-14","10 day R","2020-05-05","DE","quantile","0.975",0.778310641425332
"2022-01-14","10 day R","2020-05-06","DE","point","NA",0.570094805650825
"2022-01-14","10 day R","2020-05-06","DE","quantile","0.025",0.348362113474825
"2022-01-14","10 day R","2020-05-06","DE","quantile","0.975",0.792379017519883
"2022-01-14","10 day R","2020-05-07","DE","point","NA",0.583835837506579
"2022-01-14","10 day R","2020-05-07","DE","quantile","0.025",0.361551934954789
"2022-01-14","10 day R","2020-05-07","DE","quantile","0.975",0.805410227038575
"2022-01-14","10 day R","2020-05-08","DE","point","NA",0.586294364088527
"2022-01-14","10 day R","2020-05-08","DE","quantile","0.025",0.363891433803065
"2022-01-14","10 day R","2020-05-08","DE","quantile","0.975",0.810626243198553
"2022-01-14","10 day R","2020-05-09","DE","point","NA",0.586674619259844
"2022-01-14","10 day R","2020-05-09","DE","quantile","0.025",0.362920153912457
"2022-01-14","10 day R","2020-05-09","DE","quantile","0.975",0.811184252808139
"2022-01-14","10 day R","2020-05-10","DE","point","NA",0.58550078214317
"2022-01-14","10 day R","2020-05-10","DE","quantile","0.025",0.363013031331614
"2022-01-14","10 day R","2020-05-10","DE","quantile","0.975",0.811990173020359
"2022-01-14","10 day R","2020-05-11","DE","point","NA",0.58560812276443
"2022-01-14","10 day R","2020-05-11","DE","quantile","0.025",0.361380609899502
"2022-01-14","10 day R","2020-05-11","DE","quantile","0.975",0.810064418315243
"2022-01-14","10 day R","2020-05-12","DE","point","NA",0.567853232149934
"2022-01-14","10 day R","2020-05-12","DE","quantile","0.025",0.343032518887703
"2022-01-14","10 day R","2020-05-12","DE","quantile","0.975",0.790213727688363
"2022-01-14","10 day R","2020-05-13","DE","point","NA",0.565883275548791
"2022-01-14","10 day R","2020-05-13","DE","quantile","0.025",0.340227478962977
"2022-01-14","10 day R","2020-05-13","DE","quantile","0.975",0.793003698796341
"2022-01-14","10 day R","2020-05-14","DE","point","NA",0.556577489981628
"2022-01-14","10 day R","2020-05-14","DE","quantile","0.025",0.328445781628181
"2022-01-14","10 day R","2020-05-14","DE","quantile","0.975",0.78317037791043
"2022-01-14","10 day R","2020-05-15","DE","point","NA",0.576729287184599
"2022-01-14","10 day R","2020-05-15","DE","quantile","0.025",0.352206245392452
"2022-01-14","10 day R","2020-05-15","DE","quantile","0.975",0.804715393258265
"2022-01-14","10 day R","2020-05-16","DE","point","NA",0.606856829112192
"2022-01-14","10 day R","2020-05-16","DE","quantile","0.025",0.381726407620266
"2022-01-14","10 day R","2020-05-16","DE","quantile","0.975",0.834300493339101
"2022-01-14","10 day R","2020-05-17","DE","point","NA",0.635390153875232
"2022-01-14","10 day R","2020-05-17","DE","quantile","0.025",0.407942783281083
"2022-01-14","10 day R","2020-05-17","DE","quantile","0.975",0.862182814449491
"2022-01-14","10 day R","2020-05-18","DE","point","NA",0.65144483017679
"2022-01-14","10 day R","2020-05-18","DE","quantile","0.025",0.427766671333612
"2022-01-14","10 day R","2020-05-18","DE","quantile","0.975",0.877221426356451
"2022-01-14","10 day R","2020-05-19","DE","point","NA",0.680554668345483
"2022-01-14","10 day R","2020-05-19","DE","quantile","0.025",0.454007005161225
"2022-01-14","10 day R","2020-05-19","DE","quantile","0.975",0.907744709932312
"2022-01-14","10 day R","2020-05-20","DE","point","NA",0.66305682161599
"2022-01-14","10 day R","2020-05-20","DE","quantile","0.025",0.437922176633005
"2022-01-14","10 day R","2020-05-20","DE","quantile","0.975",0.893475366044153
"2022-01-14","10 day R","2020-05-21","DE","point","NA",0.636908044111747
"2022-01-14","10 day R","2020-05-21","DE","quantile","0.025",0.409214914532506
"2022-01-14","10 day R","2020-05-21","DE","quantile","0.975",0.861805732471152
"2022-01-14","10 day R","2020-05-22","DE","point","NA",0.621777943328189
"2022-01-14","10 day R","2020-05-22","DE","quantile","0.025",0.397472020773073
"2022-01-14","10 day R","2020-05-22","DE","quantile","0.975",0.847168945804523
"2022-01-14","10 day R","2020-05-23","DE","point","NA",0.615178714663744
"2022-01-14","10 day R","2020-05-23","DE","quantile","0.025",0.392175907445827
"2022-01-14","10 day R","2020-05-23","DE","quantile","0.975",0.841053614672694
"2022-01-14","10 day R","2020-05-24","DE","point","NA",0.621280203346283
"2022-01-14","10 day R","2020-05-24","DE","quantile","0.025",0.397508080052834
"2022-01-14","10 day R","2020-05-24","DE","quantile","0.975",0.845561397226098
"2022-01-14","10 day R","2020-05-25","DE","point","NA",0.630455089002123
"2022-01-14","10 day R","2020-05-25","DE","quantile","0.025",0.407681670029921
"2022-01-14","10 day R","2020-05-25","DE","quantile","0.975",0.852308072237496
"2022-01-14","10 day R","2020-05-26","DE","point","NA",0.637980842749841
"2022-01-14","10 day R","2020-05-26","DE","quantile","0.025",0.412614291051568
"2022-01-14","10 day R","2020-05-26","DE","quantile","0.975",0.860884900465849
"2022-01-14","10 day R","2020-05-27","DE","point","NA",0.645602312324816
"2022-01-14","10 day R","2020-05-27","DE","quantile","0.025",0.417063967475592
"2022-01-14","10 day R","2020-05-27","DE","quantile","0.975",0.869384771621298
"2022-01-14","10 day R","2020-05-28","DE","point","NA",0.6598727888635
"2022-01-14","10 day R","2020-05-28","DE","quantile","0.025",0.432122603491851
"2022-01-14","10 day R","2020-05-28","DE","quantile","0.975",0.883265335275415
"2022-01-14","10 day R","2020-05-29","DE","point","NA",0.655659785870089
"2022-01-14","10 day R","2020-05-29","DE","quantile","0.025",0.431848014838124
"2022-01-14","10 day R","2020-05-29","DE","quantile","0.975",0.879430419343159
"2022-01-14","10 day R","2020-05-30","DE","point","NA",0.634607290262795
"2022-01-14","10 day R","2020-05-30","DE","quantile","0.025",0.41148793437346
"2022-01-14","10 day R","2020-05-30","DE","quantile","0.975",0.85962551490798
"2022-01-14","10 day R","2020-05-31","DE","point","NA",0.619494519826514
"2022-01-14","10 day R","2020-05-31","DE","quantile","0.025",0.394910433065592
"2022-01-14","10 day R","2020-05-31","DE","quantile","0.975",0.846616991066098
"2022-01-14","10 day R","2020-06-01","DE","point","NA",0.61057971934998
"2022-01-14","10 day R","2020-06-01","DE","quantile","0.025",0.385273928898154
"2022-01-14","10 day R","2020-06-01","DE","quantile","0.975",0.837903179820412
"2022-01-14","10 day R","2020-06-02","DE","point","NA",0.609608463408298
"2022-01-14","10 day R","2020-06-02","DE","quantile","0.025",0.379827114803729
"2022-01-14","10 day R","2020-06-02","DE","quantile","0.975",0.83588175550712
"2022-01-14","10 day R","2020-06-03","DE","point","NA",0.636534021945562
"2022-01-14","10 day R","2020-06-03","DE","quantile","0.025",0.410059225207198
"2022-01-14","10 day R","2020-06-03","DE","quantile","0.975",0.862231116141887
"2022-01-14","10 day R","2020-06-04","DE","point","NA",0.664904211181371
"2022-01-14","10 day R","2020-06-04","DE","quantile","0.025",0.440388560340281
"2022-01-14","10 day R","2020-06-04","DE","quantile","0.975",0.892292741735497
"2022-01-14","10 day R","2020-06-05","DE","point","NA",0.711945927271119
"2022-01-14","10 day R","2020-06-05","DE","quantile","0.025",0.489173253489931
"2022-01-14","10 day R","2020-06-05","DE","quantile","0.975",0.935215283814278
"2022-01-14","10 day R","2020-06-06","DE","point","NA",0.761948553441644
"2022-01-14","10 day R","2020-06-06","DE","quantile","0.025",0.537469380598487
"2022-01-14","10 day R","2020-06-06","DE","quantile","0.975",0.985499661664083
"2022-01-14","10 day R","2020-06-07","DE","point","NA",0.761679429795075
"2022-01-14","10 day R","2020-06-07","DE","quantile","0.025",0.533201614424646
"2022-01-14","10 day R","2020-06-07","DE","quantile","0.975",0.986766060256204
"2022-01-14","10 day R","2020-06-08","DE","point","NA",0.751559115355677
"2022-01-14","10 day R","2020-06-08","DE","quantile","0.025",0.526595742476557
"2022-01-14","10 day R","2020-06-08","DE","quantile","0.975",0.974237286631559
"2022-01-14","10 day R","2020-06-09","DE","point","NA",0.718854214491818
"2022-01-14","10 day R","2020-06-09","DE","quantile","0.025",0.492558661631792
"2022-01-14","10 day R","2020-06-09","DE","quantile","0.975",0.945124660087519
"2022-01-14","10 day R","2020-06-10","DE","point","NA",0.693882525454685
"2022-01-14","10 day R","2020-06-10","DE","quantile","0.025",0.462580249573651
"2022-01-14","10 day R","2020-06-10","DE","quantile","0.975",0.922180457922358
"2022-01-14","10 day R","2020-06-11","DE","point","NA",0.709285439351687
"2022-01-14","10 day R","2020-06-11","DE","quantile","0.025",0.477640375759556
"2022-01-14","10 day R","2020-06-11","DE","quantile","0.975",0.940779773936243
"2022-01-14","10 day R","2020-06-12","DE","point","NA",0.787723681001638
"2022-01-14","10 day R","2020-06-12","DE","quantile","0.025",0.556815494550922
"2022-01-14","10 day R","2020-06-12","DE","quantile","0.975",1.01881234590283
"2022-01-14","10 day R","2020-06-13","DE","point","NA",0.83670708739942
"2022-01-14","10 day R","2020-06-13","DE","quantile","0.025",0.607700529861673
"2022-01-14","10 day R","2020-06-13","DE","quantile","0.975",1.06392223435747
"2022-01-14","10 day R","2020-06-14","DE","point","NA",0.927101573048795
"2022-01-14","10 day R","2020-06-14","DE","quantile","0.025",0.698681750292835
"2022-01-14","10 day R","2020-06-14","DE","quantile","0.975",1.15380748314951
"2022-01-14","10 day R","2020-06-15","DE","point","NA",1.02632317497902
"2022-01-14","10 day R","2020-06-15","DE","quantile","0.025",0.801682528347681
"2022-01-14","10 day R","2020-06-15","DE","quantile","0.975",1.25046213617541
"2022-01-14","10 day R","2020-06-16","DE","point","NA",1.1542999511117
"2022-01-14","10 day R","2020-06-16","DE","quantile","0.025",0.928003325446732
"2022-01-14","10 day R","2020-06-16","DE","quantile","0.975",1.38456162130622
"2022-01-14","10 day R","2020-06-17","DE","point","NA",1.25492901413309
"2022-01-14","10 day R","2020-06-17","DE","quantile","0.025",1.02846932554385
"2022-01-14","10 day R","2020-06-17","DE","quantile","0.975",1.48844202067496
"2022-01-14","10 day R","2020-06-18","DE","point","NA",1.34351602501111
"2022-01-14","10 day R","2020-06-18","DE","quantile","0.025",1.11036218495347
"2022-01-14","10 day R","2020-06-18","DE","quantile","0.975",1.58559133143573
"2022-01-14","10 day R","2020-06-19","DE","point","NA",1.28883337879205
"2022-01-14","10 day R","2020-06-19","DE","quantile","0.025",1.05684989450453
"2022-01-14","10 day R","2020-06-19","DE","quantile","0.975",1.52330421674087
"2022-01-14","10 day R","2020-06-20","DE","point","NA",1.26304232425826
"2022-01-14","10 day R","2020-06-20","DE","quantile","0.025",1.0361469168102
"2022-01-14","10 day R","2020-06-20","DE","quantile","0.975",1.49571170558017
"2022-01-14","10 day R","2020-06-21","DE","point","NA",1.25237925273569
"2022-01-14","10 day R","2020-06-21","DE","quantile","0.025",1.02617205822086
"2022-01-14","10 day R","2020-06-21","DE","quantile","0.975",1.48718182252813
"2022-01-14","10 day R","2020-06-22","DE","point","NA",1.21279410567873
"2022-01-14","10 day R","2020-06-22","DE","quantile","0.025",0.986225472238934
"2022-01-14","10 day R","2020-06-22","DE","quantile","0.975",1.44088768871299
"2022-01-14","10 day R","2020-06-23","DE","point","NA",1.16501564928522
"2022-01-14","10 day R","2020-06-23","DE","quantile","0.025",0.940388043381262
"2022-01-14","10 day R","2020-06-23","DE","quantile","0.975",1.39356405709369
"2022-01-14","10 day R","2020-06-24","DE","point","NA",1.09824112696362
"2022-01-14","10 day R","2020-06-24","DE","quantile","0.025",0.872520786224501
"2022-01-14","10 day R","2020-06-24","DE","quantile","0.975",1.32432985909595
"2022-01-14","10 day R","2020-06-25","DE","point","NA",1.04304272110331
"2022-01-14","10 day R","2020-06-25","DE","quantile","0.025",0.813954155383072
"2022-01-14","10 day R","2020-06-25","DE","quantile","0.975",1.27081327962792
"2022-01-14","10 day R","2020-06-26","DE","point","NA",1.02644073661245
"2022-01-14","10 day R","2020-06-26","DE","quantile","0.025",0.796974950709435
"2022-01-14","10 day R","2020-06-26","DE","quantile","0.975",1.25199953815532
"2022-01-14","10 day R","2020-06-27","DE","point","NA",0.992740693238326
"2022-01-14","10 day R","2020-06-27","DE","quantile","0.025",0.76871212458176
"2022-01-14","10 day R","2020-06-27","DE","quantile","0.975",1.21812947585451
"2022-01-14","10 day R","2020-06-28","DE","point","NA",0.952428231758576
"2022-01-14","10 day R","2020-06-28","DE","quantile","0.025",0.727730265353953
"2022-01-14","10 day R","2020-06-28","DE","quantile","0.975",1.1796468087072
"2022-01-14","10 day R","2020-06-29","DE","point","NA",0.931828617612416
"2022-01-14","10 day R","2020-06-29","DE","quantile","0.025",0.707623638122986
"2022-01-14","10 day R","2020-06-29","DE","quantile","0.975",1.15327582592548
"2022-01-14","10 day R","2020-06-30","DE","point","NA",0.920263012959388
"2022-01-14","10 day R","2020-06-30","DE","quantile","0.025",0.693602628839655
"2022-01-14","10 day R","2020-06-30","DE","quantile","0.975",1.14274440869062
"2022-01-14","10 day R","2020-07-01","DE","point","NA",0.919391813693552
"2022-01-14","10 day R","2020-07-01","DE","quantile","0.025",0.694547929059463
"2022-01-14","10 day R","2020-07-01","DE","quantile","0.975",1.14256199434611
"2022-01-14","10 day R","2020-07-02","DE","point","NA",0.907625957351207
"2022-01-14","10 day R","2020-07-02","DE","quantile","0.025",0.679654757866853
"2022-01-14","10 day R","2020-07-02","DE","quantile","0.975",1.13014575126445
"2022-01-14","10 day R","2020-07-03","DE","point","NA",0.908785173678357
"2022-01-14","10 day R","2020-07-03","DE","quantile","0.025",0.682015155507378
"2022-01-14","10 day R","2020-07-03","DE","quantile","0.975",1.13017084442877
"2022-01-14","10 day R","2020-07-04","DE","point","NA",0.925193545310108
"2022-01-14","10 day R","2020-07-04","DE","quantile","0.025",0.700683978583871
"2022-01-14","10 day R","2020-07-04","DE","quantile","0.975",1.15002093970178
"2022-01-14","10 day R","2020-07-05","DE","point","NA",0.928074923906215
"2022-01-14","10 day R","2020-07-05","DE","quantile","0.025",0.701078739274751
"2022-01-14","10 day R","2020-07-05","DE","quantile","0.975",1.15500906870533
"2022-01-14","10 day R","2020-07-06","DE","point","NA",0.91430178294499
"2022-01-14","10 day R","2020-07-06","DE","quantile","0.025",0.687694828764532
"2022-01-14","10 day R","2020-07-06","DE","quantile","0.975",1.14230083557854
"2022-01-14","10 day R","2020-07-07","DE","point","NA",0.870341819987271
"2022-01-14","10 day R","2020-07-07","DE","quantile","0.025",0.642774196348941
"2022-01-14","10 day R","2020-07-07","DE","quantile","0.975",1.09379404420866
"2022-01-14","10 day R","2020-07-08","DE","point","NA",0.841926638335829
"2022-01-14","10 day R","2020-07-08","DE","quantile","0.025",0.614597242824667
"2022-01-14","10 day R","2020-07-08","DE","quantile","0.975",1.069361067607
"2022-01-14","10 day R","2020-07-09","DE","point","NA",0.826576484978194
"2022-01-14","10 day R","2020-07-09","DE","quantile","0.025",0.597929510326273
"2022-01-14","10 day R","2020-07-09","DE","quantile","0.975",1.05376934417133
"2022-01-14","10 day R","2020-07-10","DE","point","NA",0.845485070324072
"2022-01-14","10 day R","2020-07-10","DE","quantile","0.025",0.620167372035636
"2022-01-14","10 day R","2020-07-10","DE","quantile","0.975",1.07228286744996
"2022-01-14","10 day R","2020-07-11","DE","point","NA",0.883442967478117
"2022-01-14","10 day R","2020-07-11","DE","quantile","0.025",0.657802214138924
"2022-01-14","10 day R","2020-07-11","DE","quantile","0.975",1.11153613522823
"2022-01-14","10 day R","2020-07-12","DE","point","NA",0.908511364828545
"2022-01-14","10 day R","2020-07-12","DE","quantile","0.025",0.683043294840557
"2022-01-14","10 day R","2020-07-12","DE","quantile","0.975",1.13789501713296
"2022-01-14","10 day R","2020-07-13","DE","point","NA",0.929787366718254
"2022-01-14","10 day R","2020-07-13","DE","quantile","0.025",0.700602346716762
"2022-01-14","10 day R","2020-07-13","DE","quantile","0.975",1.15888205627158
"2022-01-14","10 day R","2020-07-14","DE","point","NA",0.978045076419104
"2022-01-14","10 day R","2020-07-14","DE","quantile","0.025",0.752036333714846
"2022-01-14","10 day R","2020-07-14","DE","quantile","0.975",1.20324814846863
"2022-01-14","10 day R","2020-07-15","DE","point","NA",1.03631430013432
"2022-01-14","10 day R","2020-07-15","DE","quantile","0.025",0.808039075473167
"2022-01-14","10 day R","2020-07-15","DE","quantile","0.975",1.26291668145657
"2022-01-14","10 day R","2020-07-16","DE","point","NA",1.09500712472699
"2022-01-14","10 day R","2020-07-16","DE","quantile","0.025",0.867442894759525
"2022-01-14","10 day R","2020-07-16","DE","quantile","0.975",1.32220881185068
"2022-01-14","10 day R","2020-07-17","DE","point","NA",1.13561375569044
"2022-01-14","10 day R","2020-07-17","DE","quantile","0.025",0.909937778523549
"2022-01-14","10 day R","2020-07-17","DE","quantile","0.975",1.35989061269752
"2022-01-14","10 day R","2020-07-18","DE","point","NA",1.1578163314156
"2022-01-14","10 day R","2020-07-18","DE","quantile","0.025",0.932528611518558
"2022-01-14","10 day R","2020-07-18","DE","quantile","0.975",1.38088893096736
"2022-01-14","10 day R","2020-07-19","DE","point","NA",1.18562235295241
"2022-01-14","10 day R","2020-07-19","DE","quantile","0.025",0.957736651341851
"2022-01-14","10 day R","2020-07-19","DE","quantile","0.975",1.40979797702739
"2022-01-14","10 day R","2020-07-20","DE","point","NA",1.20813400586983
"2022-01-14","10 day R","2020-07-20","DE","quantile","0.025",0.980872286408434
"2022-01-14","10 day R","2020-07-20","DE","quantile","0.975",1.43421059844666
"2022-01-14","10 day R","2020-07-21","DE","point","NA",1.2090666839507
"2022-01-14","10 day R","2020-07-21","DE","quantile","0.025",0.981549126508444
"2022-01-14","10 day R","2020-07-21","DE","quantile","0.975",1.43577227139881
"2022-01-14","10 day R","2020-07-22","DE","point","NA",1.22374494641162
"2022-01-14","10 day R","2020-07-22","DE","quantile","0.025",0.997060767508278
"2022-01-14","10 day R","2020-07-22","DE","quantile","0.975",1.4491713114838
"2022-01-14","10 day R","2020-07-23","DE","point","NA",1.247570485964
"2022-01-14","10 day R","2020-07-23","DE","quantile","0.025",1.02284323260785
"2022-01-14","10 day R","2020-07-23","DE","quantile","0.975",1.47479080108383
"2022-01-14","10 day R","2020-07-24","DE","point","NA",1.27871821422526
"2022-01-14","10 day R","2020-07-24","DE","quantile","0.025",1.05402861946298
"2022-01-14","10 day R","2020-07-24","DE","quantile","0.975",1.50629802759882
"2022-01-14","10 day R","2020-07-25","DE","point","NA",1.29505685551422
"2022-01-14","10 day R","2020-07-25","DE","quantile","0.025",1.06999708374869
"2022-01-14","10 day R","2020-07-25","DE","quantile","0.975",1.52319086108418
"2022-01-14","10 day R","2020-07-26","DE","point","NA",1.28678950010114
"2022-01-14","10 day R","2020-07-26","DE","quantile","0.025",1.06151365297136
"2022-01-14","10 day R","2020-07-26","DE","quantile","0.975",1.51626624175232
"2022-01-14","10 day R","2020-07-27","DE","point","NA",1.27238131189124
"2022-01-14","10 day R","2020-07-27","DE","quantile","0.025",1.04729477644946
"2022-01-14","10 day R","2020-07-27","DE","quantile","0.975",1.49934785449378
"2022-01-14","10 day R","2020-07-28","DE","point","NA",1.29845657226733
"2022-01-14","10 day R","2020-07-28","DE","quantile","0.025",1.07207112655561
"2022-01-14","10 day R","2020-07-28","DE","quantile","0.975",1.52425047379933
"2022-01-14","10 day R","2020-07-29","DE","point","NA",1.32117330310804
"2022-01-14","10 day R","2020-07-29","DE","quantile","0.025",1.0951338713422
"2022-01-14","10 day R","2020-07-29","DE","quantile","0.975",1.55024508943478
"2022-01-14","10 day R","2020-07-30","DE","point","NA",1.333126027769
"2022-01-14","10 day R","2020-07-30","DE","quantile","0.025",1.10565943945521
"2022-01-14","10 day R","2020-07-30","DE","quantile","0.975",1.56064265150366
"2022-01-14","10 day R","2020-07-31","DE","point","NA",1.31671948598994
"2022-01-14","10 day R","2020-07-31","DE","quantile","0.025",1.09050248274202
"2022-01-14","10 day R","2020-07-31","DE","quantile","0.975",1.54191520655189
"2022-01-14","10 day R","2020-08-01","DE","point","NA",1.3056616760551
"2022-01-14","10 day R","2020-08-01","DE","quantile","0.025",1.08029136614313
"2022-01-14","10 day R","2020-08-01","DE","quantile","0.975",1.53105507036718
"2022-01-14","10 day R","2020-08-02","DE","point","NA",1.30141839797221
"2022-01-14","10 day R","2020-08-02","DE","quantile","0.025",1.07354252205957
"2022-01-14","10 day R","2020-08-02","DE","quantile","0.975",1.52851172982348
"2022-01-14","10 day R","2020-08-03","DE","point","NA",1.32404351837782
"2022-01-14","10 day R","2020-08-03","DE","quantile","0.025",1.09943711608335
"2022-01-14","10 day R","2020-08-03","DE","quantile","0.975",1.54997513121672
"2022-01-14","10 day R","2020-08-04","DE","point","NA",1.34100955914014
"2022-01-14","10 day R","2020-08-04","DE","quantile","0.025",1.11657675372344
"2022-01-14","10 day R","2020-08-04","DE","quantile","0.975",1.56702672402853
"2022-01-14","10 day R","2020-08-05","DE","point","NA",1.36131581952985
"2022-01-14","10 day R","2020-08-05","DE","quantile","0.025",1.13461259114933
"2022-01-14","10 day R","2020-08-05","DE","quantile","0.975",1.58497871789262
"2022-01-14","10 day R","2020-08-06","DE","point","NA",1.34260683547278
"2022-01-14","10 day R","2020-08-06","DE","quantile","0.025",1.12011483942245
"2022-01-14","10 day R","2020-08-06","DE","quantile","0.975",1.56768684149151
"2022-01-14","10 day R","2020-08-07","DE","point","NA",1.33859768823751
"2022-01-14","10 day R","2020-08-07","DE","quantile","0.025",1.11689729413675
"2022-01-14","10 day R","2020-08-07","DE","quantile","0.975",1.56734203241549
"2022-01-14","10 day R","2020-08-08","DE","point","NA",1.33634493280559
"2022-01-14","10 day R","2020-08-08","DE","quantile","0.025",1.11522074452029
"2022-01-14","10 day R","2020-08-08","DE","quantile","0.975",1.56075632343756
"2022-01-14","10 day R","2020-08-09","DE","point","NA",1.33936711191325
"2022-01-14","10 day R","2020-08-09","DE","quantile","0.025",1.11401716531778
"2022-01-14","10 day R","2020-08-09","DE","quantile","0.975",1.56674971082676
"2022-01-14","10 day R","2020-08-10","DE","point","NA",1.35315832444019
"2022-01-14","10 day R","2020-08-10","DE","quantile","0.025",1.12831638520613
"2022-01-14","10 day R","2020-08-10","DE","quantile","0.975",1.57783212679386
"2022-01-14","10 day R","2020-08-11","DE","point","NA",1.35950492794187
"2022-01-14","10 day R","2020-08-11","DE","quantile","0.025",1.1321514292412
"2022-01-14","10 day R","2020-08-11","DE","quantile","0.975",1.58626082032826
"2022-01-14","10 day R","2020-08-12","DE","point","NA",1.35940216796658
"2022-01-14","10 day R","2020-08-12","DE","quantile","0.025",1.13263239508409
"2022-01-14","10 day R","2020-08-12","DE","quantile","0.975",1.58184223415258
"2022-01-14","10 day R","2020-08-13","DE","point","NA",1.35670758522308
"2022-01-14","10 day R","2020-08-13","DE","quantile","0.025",1.13210973896976
"2022-01-14","10 day R","2020-08-13","DE","quantile","0.975",1.58140864298467
"2022-01-14","10 day R","2020-08-14","DE","point","NA",1.34207673463471
"2022-01-14","10 day R","2020-08-14","DE","quantile","0.025",1.11708374804506
"2022-01-14","10 day R","2020-08-14","DE","quantile","0.975",1.56958573684234
"2022-01-14","10 day R","2020-08-15","DE","point","NA",1.32523246693265
"2022-01-14","10 day R","2020-08-15","DE","quantile","0.025",1.10204831453532
"2022-01-14","10 day R","2020-08-15","DE","quantile","0.975",1.54899551326143
"2022-01-14","10 day R","2020-08-16","DE","point","NA",1.32729834421304
"2022-01-14","10 day R","2020-08-16","DE","quantile","0.025",1.10121105216336
"2022-01-14","10 day R","2020-08-16","DE","quantile","0.975",1.55188998846003
"2022-01-14","10 day R","2020-08-17","DE","point","NA",1.33641653201753
"2022-01-14","10 day R","2020-08-17","DE","quantile","0.025",1.11011588549413
"2022-01-14","10 day R","2020-08-17","DE","quantile","0.975",1.56480948517979
"2022-01-14","10 day R","2020-08-18","DE","point","NA",1.32362779451088
"2022-01-14","10 day R","2020-08-18","DE","quantile","0.025",1.09967896818416
"2022-01-14","10 day R","2020-08-18","DE","quantile","0.975",1.54980966158331
"2022-01-14","10 day R","2020-08-19","DE","point","NA",1.29602505209918
"2022-01-14","10 day R","2020-08-19","DE","quantile","0.025",1.06706865046328
"2022-01-14","10 day R","2020-08-19","DE","quantile","0.975",1.52043692572721
"2022-01-14","10 day R","2020-08-20","DE","point","NA",1.26641905759273
"2022-01-14","10 day R","2020-08-20","DE","quantile","0.025",1.04255071833709
"2022-01-14","10 day R","2020-08-20","DE","quantile","0.975",1.49357150653708
"2022-01-14","10 day R","2020-08-21","DE","point","NA",1.23703728403817
"2022-01-14","10 day R","2020-08-21","DE","quantile","0.025",1.00912741694604
"2022-01-14","10 day R","2020-08-21","DE","quantile","0.975",1.46152891053183
"2022-01-14","10 day R","2020-08-22","DE","point","NA",1.20739243337285
"2022-01-14","10 day R","2020-08-22","DE","quantile","0.025",0.985164773811029
"2022-01-14","10 day R","2020-08-22","DE","quantile","0.975",1.43086655993196
"2022-01-14","10 day R","2020-08-23","DE","point","NA",1.18583502734295
"2022-01-14","10 day R","2020-08-23","DE","quantile","0.025",0.960655931431411
"2022-01-14","10 day R","2020-08-23","DE","quantile","0.975",1.41198913220177
"2022-01-14","10 day R","2020-08-24","DE","point","NA",1.16274467240626
"2022-01-14","10 day R","2020-08-24","DE","quantile","0.025",0.937268028793457
"2022-01-14","10 day R","2020-08-24","DE","quantile","0.975",1.38735342608449
"2022-01-14","10 day R","2020-08-25","DE","point","NA",1.13900739043824
"2022-01-14","10 day R","2020-08-25","DE","quantile","0.025",0.914687706574362
"2022-01-14","10 day R","2020-08-25","DE","quantile","0.975",1.36394428213866
"2022-01-14","10 day R","2020-08-26","DE","point","NA",1.10546625319318
"2022-01-14","10 day R","2020-08-26","DE","quantile","0.025",0.878125588555774
"2022-01-14","10 day R","2020-08-26","DE","quantile","0.975",1.33328058975271
"2022-01-14","10 day R","2020-08-27","DE","point","NA",1.0800447748099
"2022-01-14","10 day R","2020-08-27","DE","quantile","0.025",0.852116724775846
"2022-01-14","10 day R","2020-08-27","DE","quantile","0.975",1.30715326721212
"2022-01-14","10 day R","2020-08-28","DE","point","NA",1.05856037214463
"2022-01-14","10 day R","2020-08-28","DE","quantile","0.025",0.834063523340631
"2022-01-14","10 day R","2020-08-28","DE","quantile","0.975",1.28698023738828
"2022-01-14","10 day R","2020-08-29","DE","point","NA",1.04303173330999
"2022-01-14","10 day R","2020-08-29","DE","quantile","0.025",0.815253700599219
"2022-01-14","10 day R","2020-08-29","DE","quantile","0.975",1.26772722249484
"2022-01-14","10 day R","2020-08-30","DE","point","NA",1.0344959849556
"2022-01-14","10 day R","2020-08-30","DE","quantile","0.025",0.809096900597168
"2022-01-14","10 day R","2020-08-30","DE","quantile","0.975",1.25835644035529
"2022-01-14","10 day R","2020-08-31","DE","point","NA",1.02992275298408
"2022-01-14","10 day R","2020-08-31","DE","quantile","0.025",0.806386245751048
"2022-01-14","10 day R","2020-08-31","DE","quantile","0.975",1.25427902577924
"2022-01-14","10 day R","2020-09-01","DE","point","NA",1.02647377440919
"2022-01-14","10 day R","2020-09-01","DE","quantile","0.025",0.80164675695119
"2022-01-14","10 day R","2020-09-01","DE","quantile","0.975",1.25147650280077
"2022-01-14","10 day R","2020-09-02","DE","point","NA",1.02624969665738
"2022-01-14","10 day R","2020-09-02","DE","quantile","0.025",0.801078580556251
"2022-01-14","10 day R","2020-09-02","DE","quantile","0.975",1.25049985361108
"2022-01-14","10 day R","2020-09-03","DE","point","NA",1.02804794401161
"2022-01-14","10 day R","2020-09-03","DE","quantile","0.025",0.807646086196068
"2022-01-14","10 day R","2020-09-03","DE","quantile","0.975",1.25148182895912
"2022-01-14","10 day R","2020-09-04","DE","point","NA",1.04086394507383
"2022-01-14","10 day R","2020-09-04","DE","quantile","0.025",0.814193224896872
"2022-01-14","10 day R","2020-09-04","DE","quantile","0.975",1.26572829214571
"2022-01-14","10 day R","2020-09-05","DE","point","NA",1.06300938528238
"2022-01-14","10 day R","2020-09-05","DE","quantile","0.025",0.834531261677188
"2022-01-14","10 day R","2020-09-05","DE","quantile","0.975",1.2885297413577
"2022-01-14","10 day R","2020-09-06","DE","point","NA",1.08984944805062
"2022-01-14","10 day R","2020-09-06","DE","quantile","0.025",0.866459526947778
"2022-01-14","10 day R","2020-09-06","DE","quantile","0.975",1.31188101831012
"2022-01-14","10 day R","2020-09-07","DE","point","NA",1.1111097545693
"2022-01-14","10 day R","2020-09-07","DE","quantile","0.025",0.887506321527616
"2022-01-14","10 day R","2020-09-07","DE","quantile","0.975",1.33314468886311
"2022-01-14","10 day R","2020-09-08","DE","point","NA",1.1057236560259
"2022-01-14","10 day R","2020-09-08","DE","quantile","0.025",0.882616037042367
"2022-01-14","10 day R","2020-09-08","DE","quantile","0.975",1.33188518422085
"2022-01-14","10 day R","2020-09-09","DE","point","NA",1.1050503237761
"2022-01-14","10 day R","2020-09-09","DE","quantile","0.025",0.879000513931843
"2022-01-14","10 day R","2020-09-09","DE","quantile","0.975",1.32852905662534
"2022-01-14","10 day R","2020-09-10","DE","point","NA",1.11056742076546
"2022-01-14","10 day R","2020-09-10","DE","quantile","0.025",0.887601500821867
"2022-01-14","10 day R","2020-09-10","DE","quantile","0.975",1.3366202300166
"2022-01-14","10 day R","2020-09-11","DE","point","NA",1.12133742877131
"2022-01-14","10 day R","2020-09-11","DE","quantile","0.025",0.895867609577474
"2022-01-14","10 day R","2020-09-11","DE","quantile","0.975",1.34553486783656
"2022-01-14","10 day R","2020-09-12","DE","point","NA",1.14072907170426
"2022-01-14","10 day R","2020-09-12","DE","quantile","0.025",0.918194852867274
"2022-01-14","10 day R","2020-09-12","DE","quantile","0.975",1.36461308729913
"2022-01-14","10 day R","2020-09-13","DE","point","NA",1.15662709400641
"2022-01-14","10 day R","2020-09-13","DE","quantile","0.025",0.934444958304591
"2022-01-14","10 day R","2020-09-13","DE","quantile","0.975",1.38129703222074
"2022-01-14","10 day R","2020-09-14","DE","point","NA",1.16607792366031
"2022-01-14","10 day R","2020-09-14","DE","quantile","0.025",0.942855029303589
"2022-01-14","10 day R","2020-09-14","DE","quantile","0.975",1.39148259277245
"2022-01-14","10 day R","2020-09-15","DE","point","NA",1.19025074897894
"2022-01-14","10 day R","2020-09-15","DE","quantile","0.025",0.965636505986758
"2022-01-14","10 day R","2020-09-15","DE","quantile","0.975",1.41875283050451
"2022-01-14","10 day R","2020-09-16","DE","point","NA",1.20288420099168
"2022-01-14","10 day R","2020-09-16","DE","quantile","0.025",0.977121162660971
"2022-01-14","10 day R","2020-09-16","DE","quantile","0.975",1.43148166186693
"2022-01-14","10 day R","2020-09-17","DE","point","NA",1.21033226321732
"2022-01-14","10 day R","2020-09-17","DE","quantile","0.025",0.985602458818457
"2022-01-14","10 day R","2020-09-17","DE","quantile","0.975",1.43600218328923
"2022-01-14","10 day R","2020-09-18","DE","point","NA",1.21425555128639
"2022-01-14","10 day R","2020-09-18","DE","quantile","0.025",0.989498540620257
"2022-01-14","10 day R","2020-09-18","DE","quantile","0.975",1.44266767737182
"2022-01-14","10 day R","2020-09-19","DE","point","NA",1.20972977655288
"2022-01-14","10 day R","2020-09-19","DE","quantile","0.025",0.984600634188155
"2022-01-14","10 day R","2020-09-19","DE","quantile","0.975",1.43266193208089
"2022-01-14","10 day R","2020-09-20","DE","point","NA",1.18125010683144
"2022-01-14","10 day R","2020-09-20","DE","quantile","0.025",0.956537961811358
"2022-01-14","10 day R","2020-09-20","DE","quantile","0.975",1.40408112916719
"2022-01-14","10 day R","2020-09-21","DE","point","NA",1.15421310872895
"2022-01-14","10 day R","2020-09-21","DE","quantile","0.025",0.928655394499541
"2022-01-14","10 day R","2020-09-21","DE","quantile","0.975",1.3776593899723
"2022-01-14","10 day R","2020-09-22","DE","point","NA",1.14886553324561
"2022-01-14","10 day R","2020-09-22","DE","quantile","0.025",0.924492611845186
"2022-01-14","10 day R","2020-09-22","DE","quantile","0.975",1.37076743809903
"2022-01-14","10 day R","2020-09-23","DE","point","NA",1.14311089183717
"2022-01-14","10 day R","2020-09-23","DE","quantile","0.025",0.915878235890578
"2022-01-14","10 day R","2020-09-23","DE","quantile","0.975",1.36753743353688
"2022-01-14","10 day R","2020-09-24","DE","point","NA",1.16322356714707
"2022-01-14","10 day R","2020-09-24","DE","quantile","0.025",0.933800982022082
"2022-01-14","10 day R","2020-09-24","DE","quantile","0.975",1.38663829615805
"2022-01-14","10 day R","2020-09-25","DE","point","NA",1.18068977606939
"2022-01-14","10 day R","2020-09-25","DE","quantile","0.025",0.955617962963921
"2022-01-14","10 day R","2020-09-25","DE","quantile","0.975",1.40609144144345
"2022-01-14","10 day R","2020-09-26","DE","point","NA",1.19522463618454
"2022-01-14","10 day R","2020-09-26","DE","quantile","0.025",0.969121206245569
"2022-01-14","10 day R","2020-09-26","DE","quantile","0.975",1.41767156440059
"2022-01-14","10 day R","2020-09-27","DE","point","NA",1.21176211805332
"2022-01-14","10 day R","2020-09-27","DE","quantile","0.025",0.987514585908929
"2022-01-14","10 day R","2020-09-27","DE","quantile","0.975",1.43660292532341
"2022-01-14","10 day R","2020-09-28","DE","point","NA",1.21770217930445
"2022-01-14","10 day R","2020-09-28","DE","quantile","0.025",0.993229579200288
"2022-01-14","10 day R","2020-09-28","DE","quantile","0.975",1.44216164803692
"2022-01-14","10 day R","2020-09-29","DE","point","NA",1.22492012953753
"2022-01-14","10 day R","2020-09-29","DE","quantile","0.025",0.996985570585169
"2022-01-14","10 day R","2020-09-29","DE","quantile","0.975",1.44738097228771
"2022-01-14","10 day R","2020-09-30","DE","point","NA",1.24094415603492
"2022-01-14","10 day R","2020-09-30","DE","quantile","0.025",1.01590391496029
"2022-01-14","10 day R","2020-09-30","DE","quantile","0.975",1.46409381372464
"2022-01-14","10 day R","2020-10-01","DE","point","NA",1.26525639413602
"2022-01-14","10 day R","2020-10-01","DE","quantile","0.025",1.04117911136638
"2022-01-14","10 day R","2020-10-01","DE","quantile","0.975",1.4908995250613
"2022-01-14","10 day R","2020-10-02","DE","point","NA",1.2969269544817
"2022-01-14","10 day R","2020-10-02","DE","quantile","0.025",1.07197212904336
"2022-01-14","10 day R","2020-10-02","DE","quantile","0.975",1.5207134727968
"2022-01-14","10 day R","2020-10-03","DE","point","NA",1.33256854738081
"2022-01-14","10 day R","2020-10-03","DE","quantile","0.025",1.10472160143785
"2022-01-14","10 day R","2020-10-03","DE","quantile","0.975",1.56092096668267
"2022-01-14","10 day R","2020-10-04","DE","point","NA",1.37387555158611
"2022-01-14","10 day R","2020-10-04","DE","quantile","0.025",1.14866333393908
"2022-01-14","10 day R","2020-10-04","DE","quantile","0.975",1.59941602979597
"2022-01-14","10 day R","2020-10-05","DE","point","NA",1.41630603856782
"2022-01-14","10 day R","2020-10-05","DE","quantile","0.025",1.19016240809508
"2022-01-14","10 day R","2020-10-05","DE","quantile","0.975",1.63886937920451
"2022-01-14","10 day R","2020-10-06","DE","point","NA",1.46430271259255
"2022-01-14","10 day R","2020-10-06","DE","quantile","0.025",1.23930450858795
"2022-01-14","10 day R","2020-10-06","DE","quantile","0.975",1.69097553335783
"2022-01-14","10 day R","2020-10-07","DE","point","NA",1.52168011323333
"2022-01-14","10 day R","2020-10-07","DE","quantile","0.025",1.29623306665195
"2022-01-14","10 day R","2020-10-07","DE","quantile","0.975",1.74588259641966
"2022-01-14","10 day R","2020-10-08","DE","point","NA",1.57153116004676
"2022-01-14","10 day R","2020-10-08","DE","quantile","0.025",1.34581134385208
"2022-01-14","10 day R","2020-10-08","DE","quantile","0.975",1.7978944301529
"2022-01-14","10 day R","2020-10-09","DE","point","NA",1.5948818547492
"2022-01-14","10 day R","2020-10-09","DE","quantile","0.025",1.37175851580017
"2022-01-14","10 day R","2020-10-09","DE","quantile","0.975",1.81778128944335
"2022-01-14","10 day R","2020-10-10","DE","point","NA",1.61963766425314
"2022-01-14","10 day R","2020-10-10","DE","quantile","0.025",1.39703408540106
"2022-01-14","10 day R","2020-10-10","DE","quantile","0.975",1.83905630321634
"2022-01-14","10 day R","2020-10-11","DE","point","NA",1.65385542666497
"2022-01-14","10 day R","2020-10-11","DE","quantile","0.025",1.43089844181662
"2022-01-14","10 day R","2020-10-11","DE","quantile","0.975",1.87953491879269
"2022-01-14","10 day R","2020-10-12","DE","point","NA",1.6894442836968
"2022-01-14","10 day R","2020-10-12","DE","quantile","0.025",1.46470726303761
"2022-01-14","10 day R","2020-10-12","DE","quantile","0.975",1.91781510841358
"2022-01-14","10 day R","2020-10-13","DE","point","NA",1.68813213184617
"2022-01-14","10 day R","2020-10-13","DE","quantile","0.025",1.46404332107837
"2022-01-14","10 day R","2020-10-13","DE","quantile","0.975",1.91350840653459
"2022-01-14","10 day R","2020-10-14","DE","point","NA",1.69261299714099
"2022-01-14","10 day R","2020-10-14","DE","quantile","0.025",1.46557725835268
"2022-01-14","10 day R","2020-10-14","DE","quantile","0.975",1.91800678131786
"2022-01-14","10 day R","2020-10-15","DE","point","NA",1.69315759133032
"2022-01-14","10 day R","2020-10-15","DE","quantile","0.025",1.46823617357152
"2022-01-14","10 day R","2020-10-15","DE","quantile","0.975",1.92147435263089
"2022-01-14","10 day R","2020-10-16","DE","point","NA",1.67247299562576
"2022-01-14","10 day R","2020-10-16","DE","quantile","0.025",1.44404833824693
"2022-01-14","10 day R","2020-10-16","DE","quantile","0.975",1.89917105218433
"2022-01-14","10 day R","2020-10-17","DE","point","NA",1.65883293081605
"2022-01-14","10 day R","2020-10-17","DE","quantile","0.025",1.43357971411097
"2022-01-14","10 day R","2020-10-17","DE","quantile","0.975",1.881836869013
"2022-01-14","10 day R","2020-10-18","DE","point","NA",1.65721809094712
"2022-01-14","10 day R","2020-10-18","DE","quantile","0.025",1.43016167454787
"2022-01-14","10 day R","2020-10-18","DE","quantile","0.975",1.88493474512299
"2022-01-14","10 day R","2020-10-19","DE","point","NA",1.67297304296338
"2022-01-14","10 day R","2020-10-19","DE","quantile","0.025",1.44833687234436
"2022-01-14","10 day R","2020-10-19","DE","quantile","0.975",1.8977884410338
"2022-01-14","10 day R","2020-10-20","DE","point","NA",1.68650290226584
"2022-01-14","10 day R","2020-10-20","DE","quantile","0.025",1.4631034381736
"2022-01-14","10 day R","2020-10-20","DE","quantile","0.975",1.91429371838241
"2022-01-14","10 day R","2020-10-21","DE","point","NA",1.67888163205484
"2022-01-14","10 day R","2020-10-21","DE","quantile","0.025",1.45602658669665
"2022-01-14","10 day R","2020-10-21","DE","quantile","0.975",1.90554077924625
"2022-01-14","10 day R","2020-10-22","DE","point","NA",1.65806650735994
"2022-01-14","10 day R","2020-10-22","DE","quantile","0.025",1.43245072674485
"2022-01-14","10 day R","2020-10-22","DE","quantile","0.975",1.88130348618111
"2022-01-14","10 day R","2020-10-23","DE","point","NA",1.70379667971639
"2022-01-14","10 day R","2020-10-23","DE","quantile","0.025",1.47790019982265
"2022-01-14","10 day R","2020-10-23","DE","quantile","0.975",1.92777087227247
"2022-01-14","10 day R","2020-10-24","DE","point","NA",1.72678112679512
"2022-01-14","10 day R","2020-10-24","DE","quantile","0.025",1.50310255476508
"2022-01-14","10 day R","2020-10-24","DE","quantile","0.975",1.95388019956195
"2022-01-14","10 day R","2020-10-25","DE","point","NA",1.72569380682305
"2022-01-14","10 day R","2020-10-25","DE","quantile","0.025",1.49950341839573
"2022-01-14","10 day R","2020-10-25","DE","quantile","0.975",1.95732274426956
"2022-01-14","10 day R","2020-10-26","DE","point","NA",1.70125710215314
"2022-01-14","10 day R","2020-10-26","DE","quantile","0.025",1.4755690900259
"2022-01-14","10 day R","2020-10-26","DE","quantile","0.975",1.92525313691149
"2022-01-14","10 day R","2020-10-27","DE","point","NA",1.68684033368394
"2022-01-14","10 day R","2020-10-27","DE","quantile","0.025",1.46288044645541
"2022-01-14","10 day R","2020-10-27","DE","quantile","0.975",1.91281646839048
"2022-01-14","10 day R","2020-10-28","DE","point","NA",1.6638196370269
"2022-01-14","10 day R","2020-10-28","DE","quantile","0.025",1.43497871321677
"2022-01-14","10 day R","2020-10-28","DE","quantile","0.975",1.8890445448291
"2022-01-14","10 day R","2020-10-29","DE","point","NA",1.66551383032244
"2022-01-14","10 day R","2020-10-29","DE","quantile","0.025",1.44015753291052
"2022-01-14","10 day R","2020-10-29","DE","quantile","0.975",1.89147276411845
"2022-01-14","10 day R","2020-10-30","DE","point","NA",1.64494433376832
"2022-01-14","10 day R","2020-10-30","DE","quantile","0.025",1.41897729949748
"2022-01-14","10 day R","2020-10-30","DE","quantile","0.975",1.87429273479444
"2022-01-14","10 day R","2020-10-31","DE","point","NA",1.62447515621523
"2022-01-14","10 day R","2020-10-31","DE","quantile","0.025",1.3998861468008
"2022-01-14","10 day R","2020-10-31","DE","quantile","0.975",1.8464878396574
"2022-01-14","10 day R","2020-11-01","DE","point","NA",1.60085678579784
"2022-01-14","10 day R","2020-11-01","DE","quantile","0.025",1.37624958939883
"2022-01-14","10 day R","2020-11-01","DE","quantile","0.975",1.82696397444166
"2022-01-14","10 day R","2020-11-02","DE","point","NA",1.57031459369583
"2022-01-14","10 day R","2020-11-02","DE","quantile","0.025",1.34768275544861
"2022-01-14","10 day R","2020-11-02","DE","quantile","0.975",1.79648004188215
"2022-01-14","10 day R","2020-11-03","DE","point","NA",1.4868661600076
"2022-01-14","10 day R","2020-11-03","DE","quantile","0.025",1.26333258924487
"2022-01-14","10 day R","2020-11-03","DE","quantile","0.975",1.70940652737628
"2022-01-14","10 day R","2020-11-04","DE","point","NA",1.47498886179763
"2022-01-14","10 day R","2020-11-04","DE","quantile","0.025",1.25347416360997
"2022-01-14","10 day R","2020-11-04","DE","quantile","0.975",1.69840258740622
"2022-01-14","10 day R","2020-11-05","DE","point","NA",1.41989620584586
"2022-01-14","10 day R","2020-11-05","DE","quantile","0.025",1.19847944248902
"2022-01-14","10 day R","2020-11-05","DE","quantile","0.975",1.64017168405022
"2022-01-14","10 day R","2020-11-06","DE","point","NA",1.36565685626469
"2022-01-14","10 day R","2020-11-06","DE","quantile","0.025",1.14021644452774
"2022-01-14","10 day R","2020-11-06","DE","quantile","0.975",1.58949243857718
"2022-01-14","10 day R","2020-11-07","DE","point","NA",1.31617752585879
"2022-01-14","10 day R","2020-11-07","DE","quantile","0.025",1.0912315740499
"2022-01-14","10 day R","2020-11-07","DE","quantile","0.975",1.5402182636781
"2022-01-14","10 day R","2020-11-08","DE","point","NA",1.27599656708998
"2022-01-14","10 day R","2020-11-08","DE","quantile","0.025",1.04849899831029
"2022-01-14","10 day R","2020-11-08","DE","quantile","0.975",1.49940516739352
"2022-01-14","10 day R","2020-11-09","DE","point","NA",1.21878347525221
"2022-01-14","10 day R","2020-11-09","DE","quantile","0.025",0.99128166410451
"2022-01-14","10 day R","2020-11-09","DE","quantile","0.975",1.44322996277842
"2022-01-14","10 day R","2020-11-10","DE","point","NA",1.21898049479008
"2022-01-14","10 day R","2020-11-10","DE","quantile","0.025",0.992485954103796
"2022-01-14","10 day R","2020-11-10","DE","quantile","0.975",1.44220952237057
"2022-01-14","10 day R","2020-11-11","DE","point","NA",1.18035613781941
"2022-01-14","10 day R","2020-11-11","DE","quantile","0.025",0.95313237775676
"2022-01-14","10 day R","2020-11-11","DE","quantile","0.975",1.4062206807548
"2022-01-14","10 day R","2020-11-12","DE","point","NA",1.16436952397119
"2022-01-14","10 day R","2020-11-12","DE","quantile","0.025",0.941172281464981
"2022-01-14","10 day R","2020-11-12","DE","quantile","0.975",1.385801210339
"2022-01-14","10 day R","2020-11-13","DE","point","NA",1.13861434643157
"2022-01-14","10 day R","2020-11-13","DE","quantile","0.025",0.916842946072029
"2022-01-14","10 day R","2020-11-13","DE","quantile","0.975",1.36521017344474
"2022-01-14","10 day R","2020-11-14","DE","point","NA",1.11464820677884
"2022-01-14","10 day R","2020-11-14","DE","quantile","0.025",0.891919378770734
"2022-01-14","10 day R","2020-11-14","DE","quantile","0.975",1.34039451482023
"2022-01-14","10 day R","2020-11-15","DE","point","NA",1.09473700081298
"2022-01-14","10 day R","2020-11-15","DE","quantile","0.025",0.867824060750222
"2022-01-14","10 day R","2020-11-15","DE","quantile","0.975",1.32067775980488
"2022-01-14","10 day R","2020-11-16","DE","point","NA",1.10147322954706
"2022-01-14","10 day R","2020-11-16","DE","quantile","0.025",0.875624674638285
"2022-01-14","10 day R","2020-11-16","DE","quantile","0.975",1.32237366306045
"2022-01-14","10 day R","2020-11-17","DE","point","NA",1.10534230797646
"2022-01-14","10 day R","2020-11-17","DE","quantile","0.025",0.883519665179624
"2022-01-14","10 day R","2020-11-17","DE","quantile","0.975",1.32893325736286
"2022-01-14","10 day R","2020-11-18","DE","point","NA",1.08224954473634
"2022-01-14","10 day R","2020-11-18","DE","quantile","0.025",0.857752480051546
"2022-01-14","10 day R","2020-11-18","DE","quantile","0.975",1.30511053375003
"2022-01-14","10 day R","2020-11-19","DE","point","NA",1.07149244500278
"2022-01-14","10 day R","2020-11-19","DE","quantile","0.025",0.847324261763773
"2022-01-14","10 day R","2020-11-19","DE","quantile","0.975",1.29465062606071
"2022-01-14","10 day R","2020-11-20","DE","point","NA",1.05855520845763
"2022-01-14","10 day R","2020-11-20","DE","quantile","0.025",0.833511076577481
"2022-01-14","10 day R","2020-11-20","DE","quantile","0.975",1.28287833904638
"2022-01-14","10 day R","2020-11-21","DE","point","NA",1.04015513125242
"2022-01-14","10 day R","2020-11-21","DE","quantile","0.025",0.811151913165755
"2022-01-14","10 day R","2020-11-21","DE","quantile","0.975",1.26313815502627
"2022-01-14","10 day R","2020-11-22","DE","point","NA",1.03005520862103
"2022-01-14","10 day R","2020-11-22","DE","quantile","0.025",0.803976091126458
"2022-01-14","10 day R","2020-11-22","DE","quantile","0.975",1.25366528143375
"2022-01-14","10 day R","2020-11-23","DE","point","NA",1.0313932308963
"2022-01-14","10 day R","2020-11-23","DE","quantile","0.025",0.80878288992781
"2022-01-14","10 day R","2020-11-23","DE","quantile","0.975",1.25421367449149
"2022-01-14","10 day R","2020-11-24","DE","point","NA",1.02763971019007
"2022-01-14","10 day R","2020-11-24","DE","quantile","0.025",0.800905478846299
"2022-01-14","10 day R","2020-11-24","DE","quantile","0.975",1.25330889120168
"2022-01-14","10 day R","2020-11-25","DE","point","NA",1.05131330948685
"2022-01-14","10 day R","2020-11-25","DE","quantile","0.025",0.825338284719418
"2022-01-14","10 day R","2020-11-25","DE","quantile","0.975",1.27485863184963
"2022-01-14","10 day R","2020-11-26","DE","point","NA",1.03688604169359
"2022-01-14","10 day R","2020-11-26","DE","quantile","0.025",0.81256313571597
"2022-01-14","10 day R","2020-11-26","DE","quantile","0.975",1.26094780306284
"2022-01-14","10 day R","2020-11-27","DE","point","NA",1.02811723142372
"2022-01-14","10 day R","2020-11-27","DE","quantile","0.025",0.801218852743609
"2022-01-14","10 day R","2020-11-27","DE","quantile","0.975",1.25553776604187
"2022-01-14","10 day R","2020-11-28","DE","point","NA",1.01719006143818
"2022-01-14","10 day R","2020-11-28","DE","quantile","0.025",0.793362631487746
"2022-01-14","10 day R","2020-11-28","DE","quantile","0.975",1.24430463327125
"2022-01-14","10 day R","2020-11-29","DE","point","NA",1.02082125046214
"2022-01-14","10 day R","2020-11-29","DE","quantile","0.025",0.796067489368858
"2022-01-14","10 day R","2020-11-29","DE","quantile","0.975",1.24889880527596
"2022-01-14","10 day R","2020-11-30","DE","point","NA",1.0418594355911
"2022-01-14","10 day R","2020-11-30","DE","quantile","0.025",0.817035820419276
"2022-01-14","10 day R","2020-11-30","DE","quantile","0.975",1.27064157535362
"2022-01-14","10 day R","2020-12-01","DE","point","NA",1.04798967579301
"2022-01-14","10 day R","2020-12-01","DE","quantile","0.025",0.820206970999698
"2022-01-14","10 day R","2020-12-01","DE","quantile","0.975",1.27389083155362
"2022-01-14","10 day R","2020-12-02","DE","point","NA",1.04742342292953
"2022-01-14","10 day R","2020-12-02","DE","quantile","0.025",0.817961870212625
"2022-01-14","10 day R","2020-12-02","DE","quantile","0.975",1.27555358164367
"2022-01-14","10 day R","2020-12-03","DE","point","NA",1.06039451971202
"2022-01-14","10 day R","2020-12-03","DE","quantile","0.025",0.834754444443227
"2022-01-14","10 day R","2020-12-03","DE","quantile","0.975",1.28822495488742
"2022-01-14","10 day R","2020-12-04","DE","point","NA",1.07827676281822
"2022-01-14","10 day R","2020-12-04","DE","quantile","0.025",0.851293093427209
"2022-01-14","10 day R","2020-12-04","DE","quantile","0.975",1.30276663995185
"2022-01-14","10 day R","2020-12-05","DE","point","NA",1.11512793337277
"2022-01-14","10 day R","2020-12-05","DE","quantile","0.025",0.886820892144158
"2022-01-14","10 day R","2020-12-05","DE","quantile","0.975",1.33866444578269
"2022-01-14","10 day R","2020-12-06","DE","point","NA",1.1144608264635
"2022-01-14","10 day R","2020-12-06","DE","quantile","0.025",0.88908545848797
"2022-01-14","10 day R","2020-12-06","DE","quantile","0.975",1.33763965136876
"2022-01-14","10 day R","2020-12-07","DE","point","NA",1.10857255768234
"2022-01-14","10 day R","2020-12-07","DE","quantile","0.025",0.882123248444964
"2022-01-14","10 day R","2020-12-07","DE","quantile","0.975",1.33450187156054
"2022-01-14","10 day R","2020-12-08","DE","point","NA",1.13196245071614
"2022-01-14","10 day R","2020-12-08","DE","quantile","0.025",0.907187888224756
"2022-01-14","10 day R","2020-12-08","DE","quantile","0.975",1.35897870215076
"2022-01-14","10 day R","2020-12-09","DE","point","NA",1.14667429707389
"2022-01-14","10 day R","2020-12-09","DE","quantile","0.025",0.923848453965406
"2022-01-14","10 day R","2020-12-09","DE","quantile","0.975",1.37436848662761
"2022-01-14","10 day R","2020-12-10","DE","point","NA",1.17390819747634
"2022-01-14","10 day R","2020-12-10","DE","quantile","0.025",0.948788373190036
"2022-01-14","10 day R","2020-12-10","DE","quantile","0.975",1.39943068611064
"2022-01-14","10 day R","2020-12-11","DE","point","NA",1.17965243193877
"2022-01-14","10 day R","2020-12-11","DE","quantile","0.025",0.952596889158303
"2022-01-14","10 day R","2020-12-11","DE","quantile","0.975",1.40490802392482
"2022-01-14","10 day R","2020-12-12","DE","point","NA",1.16875879403695
"2022-01-14","10 day R","2020-12-12","DE","quantile","0.025",0.942134873613356
"2022-01-14","10 day R","2020-12-12","DE","quantile","0.975",1.39354741878695
"2022-01-14","10 day R","2020-12-13","DE","point","NA",1.15744101941839
"2022-01-14","10 day R","2020-12-13","DE","quantile","0.025",0.930541746692449
"2022-01-14","10 day R","2020-12-13","DE","quantile","0.975",1.37897332345157
"2022-01-14","10 day R","2020-12-14","DE","point","NA",1.13808191897322
"2022-01-14","10 day R","2020-12-14","DE","quantile","0.025",0.911279968737434
"2022-01-14","10 day R","2020-12-14","DE","quantile","0.975",1.36221064155668
"2022-01-14","10 day R","2020-12-15","DE","point","NA",1.14866494388081
"2022-01-14","10 day R","2020-12-15","DE","quantile","0.025",0.923599414269003
"2022-01-14","10 day R","2020-12-15","DE","quantile","0.975",1.37680839091501
"2022-01-14","10 day R","2020-12-16","DE","point","NA",1.14467626360056
"2022-01-14","10 day R","2020-12-16","DE","quantile","0.025",0.919733725568246
"2022-01-14","10 day R","2020-12-16","DE","quantile","0.975",1.37062774717547
"2022-01-14","10 day R","2020-12-17","DE","point","NA",1.13801606288934
"2022-01-14","10 day R","2020-12-17","DE","quantile","0.025",0.913892347287653
"2022-01-14","10 day R","2020-12-17","DE","quantile","0.975",1.36320988667708
"2022-01-14","10 day R","2020-12-18","DE","point","NA",1.13630354931302
"2022-01-14","10 day R","2020-12-18","DE","quantile","0.025",0.910500704067074
"2022-01-14","10 day R","2020-12-18","DE","quantile","0.975",1.36244123653439
"2022-01-14","10 day R","2020-12-19","DE","point","NA",1.09996946692928
"2022-01-14","10 day R","2020-12-19","DE","quantile","0.025",0.876060476457661
"2022-01-14","10 day R","2020-12-19","DE","quantile","0.975",1.32732205671384
"2022-01-14","10 day R","2020-12-20","DE","point","NA",1.0692816050084
"2022-01-14","10 day R","2020-12-20","DE","quantile","0.025",0.844459473074313
"2022-01-14","10 day R","2020-12-20","DE","quantile","0.975",1.29369246510515
"2022-01-14","10 day R","2020-12-21","DE","point","NA",1.05972761078793
"2022-01-14","10 day R","2020-12-21","DE","quantile","0.025",0.833991701563745
"2022-01-14","10 day R","2020-12-21","DE","quantile","0.975",1.28431956876004
"2022-01-14","10 day R","2020-12-22","DE","point","NA",1.02716882252634
"2022-01-14","10 day R","2020-12-22","DE","quantile","0.025",0.802433620867111
"2022-01-14","10 day R","2020-12-22","DE","quantile","0.975",1.25478175767455
"2022-01-14","10 day R","2020-12-23","DE","point","NA",0.967833862635686
"2022-01-14","10 day R","2020-12-23","DE","quantile","0.025",0.744530047037512
"2022-01-14","10 day R","2020-12-23","DE","quantile","0.975",1.19601767951998
"2022-01-14","10 day R","2020-12-24","DE","point","NA",0.903765231784462
"2022-01-14","10 day R","2020-12-24","DE","quantile","0.025",0.679719484187386
"2022-01-14","10 day R","2020-12-24","DE","quantile","0.975",1.13000200871159
"2022-01-14","10 day R","2020-12-25","DE","point","NA",0.857117634231062
"2022-01-14","10 day R","2020-12-25","DE","quantile","0.025",0.630576358605065
"2022-01-14","10 day R","2020-12-25","DE","quantile","0.975",1.08064902439056
"2022-01-14","10 day R","2020-12-26","DE","point","NA",0.870405655332351
"2022-01-14","10 day R","2020-12-26","DE","quantile","0.025",0.643965425061812
"2022-01-14","10 day R","2020-12-26","DE","quantile","0.975",1.09454002750374
"2022-01-14","10 day R","2020-12-27","DE","point","NA",0.896178079827433
"2022-01-14","10 day R","2020-12-27","DE","quantile","0.025",0.673072939487256
"2022-01-14","10 day R","2020-12-27","DE","quantile","0.975",1.11598010136605
"2022-01-14","10 day R","2020-12-28","DE","point","NA",0.904771860585458
"2022-01-14","10 day R","2020-12-28","DE","quantile","0.025",0.682564502550148
"2022-01-14","10 day R","2020-12-28","DE","quantile","0.975",1.13004473534588
"2022-01-14","10 day R","2020-12-29","DE","point","NA",0.900832911404333
"2022-01-14","10 day R","2020-12-29","DE","quantile","0.025",0.678057097460951
"2022-01-14","10 day R","2020-12-29","DE","quantile","0.975",1.12506063302983
"2022-01-14","10 day R","2020-12-30","DE","point","NA",0.91054767532572
"2022-01-14","10 day R","2020-12-30","DE","quantile","0.025",0.686976755922691
"2022-01-14","10 day R","2020-12-30","DE","quantile","0.975",1.1388668830787
"2022-01-14","10 day R","2020-12-31","DE","point","NA",0.899859998578283
"2022-01-14","10 day R","2020-12-31","DE","quantile","0.025",0.676531731325587
"2022-01-14","10 day R","2020-12-31","DE","quantile","0.975",1.12474721586842
"2022-01-14","10 day R","2021-01-01","DE","point","NA",0.908066161418198
"2022-01-14","10 day R","2021-01-01","DE","quantile","0.025",0.68536458675104
"2022-01-14","10 day R","2021-01-01","DE","quantile","0.975",1.13113989942212
"2022-01-14","10 day R","2021-01-02","DE","point","NA",0.916263690541725
"2022-01-14","10 day R","2021-01-02","DE","quantile","0.025",0.693197736072389
"2022-01-14","10 day R","2021-01-02","DE","quantile","0.975",1.14018228209876
"2022-01-14","10 day R","2021-01-03","DE","point","NA",0.949338697535879
"2022-01-14","10 day R","2021-01-03","DE","quantile","0.025",0.721496062848606
"2022-01-14","10 day R","2021-01-03","DE","quantile","0.975",1.1702539484365
"2022-01-14","10 day R","2021-01-04","DE","point","NA",0.976641198292057
"2022-01-14","10 day R","2021-01-04","DE","quantile","0.025",0.751441274880691
"2022-01-14","10 day R","2021-01-04","DE","quantile","0.975",1.19963259880256
"2022-01-14","10 day R","2021-01-05","DE","point","NA",1.00415586131794
"2022-01-14","10 day R","2021-01-05","DE","quantile","0.025",0.780710673022494
"2022-01-14","10 day R","2021-01-05","DE","quantile","0.975",1.2291162601668
"2022-01-14","10 day R","2021-01-06","DE","point","NA",1.04659195390913
"2022-01-14","10 day R","2021-01-06","DE","quantile","0.025",0.820000912910161
"2022-01-14","10 day R","2021-01-06","DE","quantile","0.975",1.27607052686722
"2022-01-14","10 day R","2021-01-07","DE","point","NA",1.09067271604642
"2022-01-14","10 day R","2021-01-07","DE","quantile","0.025",0.863116006903044
"2022-01-14","10 day R","2021-01-07","DE","quantile","0.975",1.32052173260427
"2022-01-14","10 day R","2021-01-08","DE","point","NA",1.05439402242581
"2022-01-14","10 day R","2021-01-08","DE","quantile","0.025",0.828274547788237
"2022-01-14","10 day R","2021-01-08","DE","quantile","0.975",1.28506597545682
"2022-01-14","10 day R","2021-01-09","DE","point","NA",1.01259727601441
"2022-01-14","10 day R","2021-01-09","DE","quantile","0.025",0.782642012000363
"2022-01-14","10 day R","2021-01-09","DE","quantile","0.975",1.24021954782646
"2022-01-14","10 day R","2021-01-10","DE","point","NA",0.961553420704298
"2022-01-14","10 day R","2021-01-10","DE","quantile","0.025",0.737203752436566
"2022-01-14","10 day R","2021-01-10","DE","quantile","0.975",1.18843188729678
"2022-01-14","10 day R","2021-01-11","DE","point","NA",0.949700088315508
"2022-01-14","10 day R","2021-01-11","DE","quantile","0.025",0.72484193253604
"2022-01-14","10 day R","2021-01-11","DE","quantile","0.975",1.177105014118
"2022-01-14","10 day R","2021-01-12","DE","point","NA",0.939844527545451
"2022-01-14","10 day R","2021-01-12","DE","quantile","0.025",0.714627544415473
"2022-01-14","10 day R","2021-01-12","DE","quantile","0.975",1.16517699308836
"2022-01-14","10 day R","2021-01-13","DE","point","NA",0.895170287691196
"2022-01-14","10 day R","2021-01-13","DE","quantile","0.025",0.670862053461816
"2022-01-14","10 day R","2021-01-13","DE","quantile","0.975",1.12119270279102
"2022-01-14","10 day R","2021-01-14","DE","point","NA",0.859075273555387
"2022-01-14","10 day R","2021-01-14","DE","quantile","0.025",0.636595721202159
"2022-01-14","10 day R","2021-01-14","DE","quantile","0.975",1.08371100296965
"2022-01-14","10 day R","2021-01-15","DE","point","NA",0.835582420426181
"2022-01-14","10 day R","2021-01-15","DE","quantile","0.025",0.611484677566385
"2022-01-14","10 day R","2021-01-15","DE","quantile","0.975",1.05812717361743
"2022-01-14","10 day R","2021-01-16","DE","point","NA",0.839507522275308
"2022-01-14","10 day R","2021-01-16","DE","quantile","0.025",0.614958687162323
"2022-01-14","10 day R","2021-01-16","DE","quantile","0.975",1.06266835827645
"2022-01-14","10 day R","2021-01-17","DE","point","NA",0.846665854075573
"2022-01-14","10 day R","2021-01-17","DE","quantile","0.025",0.620647103164947
"2022-01-14","10 day R","2021-01-17","DE","quantile","0.975",1.07037130537373
"2022-01-14","10 day R","2021-01-18","DE","point","NA",0.834112011903563
"2022-01-14","10 day R","2021-01-18","DE","quantile","0.025",0.612239381864028
"2022-01-14","10 day R","2021-01-18","DE","quantile","0.975",1.05775342141675
"2022-01-14","10 day R","2021-01-19","DE","point","NA",0.820959596773397
"2022-01-14","10 day R","2021-01-19","DE","quantile","0.025",0.594777980632568
"2022-01-14","10 day R","2021-01-19","DE","quantile","0.975",1.04157683535358
"2022-01-14","10 day R","2021-01-20","DE","point","NA",0.819946148704062
"2022-01-14","10 day R","2021-01-20","DE","quantile","0.025",0.593113102563296
"2022-01-14","10 day R","2021-01-20","DE","quantile","0.975",1.04169604254123
"2022-01-14","10 day R","2021-01-21","DE","point","NA",0.788277877194575
"2022-01-14","10 day R","2021-01-21","DE","quantile","0.025",0.562275878530692
"2022-01-14","10 day R","2021-01-21","DE","quantile","0.975",1.01051853075454
"2022-01-14","10 day R","2021-01-22","DE","point","NA",0.802395123049272
"2022-01-14","10 day R","2021-01-22","DE","quantile","0.025",0.57665727763209
"2022-01-14","10 day R","2021-01-22","DE","quantile","0.975",1.02748830071604
"2022-01-14","10 day R","2021-01-23","DE","point","NA",0.801323923878437
"2022-01-14","10 day R","2021-01-23","DE","quantile","0.025",0.574714802161299
"2022-01-14","10 day R","2021-01-23","DE","quantile","0.975",1.02599191845633
"2022-01-14","10 day R","2021-01-24","DE","point","NA",0.804042596270084
"2022-01-14","10 day R","2021-01-24","DE","quantile","0.025",0.575775564580135
"2022-01-14","10 day R","2021-01-24","DE","quantile","0.975",1.03078682706643
"2022-01-14","10 day R","2021-01-25","DE","point","NA",0.785262177794123
"2022-01-14","10 day R","2021-01-25","DE","quantile","0.025",0.559319385860727
"2022-01-14","10 day R","2021-01-25","DE","quantile","0.975",1.01023972867355
"2022-01-14","10 day R","2021-01-26","DE","point","NA",0.769878937826184
"2022-01-14","10 day R","2021-01-26","DE","quantile","0.025",0.543797787425153
"2022-01-14","10 day R","2021-01-26","DE","quantile","0.975",0.992956688704161
"2022-01-14","10 day R","2021-01-27","DE","point","NA",0.766688759846843
"2022-01-14","10 day R","2021-01-27","DE","quantile","0.025",0.542501010442864
"2022-01-14","10 day R","2021-01-27","DE","quantile","0.975",0.990816501600364
"2022-01-14","10 day R","2021-01-28","DE","point","NA",0.780914360527794
"2022-01-14","10 day R","2021-01-28","DE","quantile","0.025",0.556476220987871
"2022-01-14","10 day R","2021-01-28","DE","quantile","0.975",1.00525377199449
"2022-01-14","10 day R","2021-01-29","DE","point","NA",0.791469843983933
"2022-01-14","10 day R","2021-01-29","DE","quantile","0.025",0.570696561410258
"2022-01-14","10 day R","2021-01-29","DE","quantile","0.975",1.01776472554393
"2022-01-14","10 day R","2021-01-30","DE","point","NA",0.795259977337823
"2022-01-14","10 day R","2021-01-30","DE","quantile","0.025",0.57137829214202
"2022-01-14","10 day R","2021-01-30","DE","quantile","0.975",1.01982761173902
"2022-01-14","10 day R","2021-01-31","DE","point","NA",0.761932663029432
"2022-01-14","10 day R","2021-01-31","DE","quantile","0.025",0.538124481740688
"2022-01-14","10 day R","2021-01-31","DE","quantile","0.975",0.985915598753446
"2022-01-14","10 day R","2021-02-01","DE","point","NA",0.752675934239057
"2022-01-14","10 day R","2021-02-01","DE","quantile","0.025",0.528186036576429
"2022-01-14","10 day R","2021-02-01","DE","quantile","0.975",0.977589342085895
"2022-01-14","10 day R","2021-02-02","DE","point","NA",0.741899143773583
"2022-01-14","10 day R","2021-02-02","DE","quantile","0.025",0.518213423312669
"2022-01-14","10 day R","2021-02-02","DE","quantile","0.975",0.967412376551752
"2022-01-14","10 day R","2021-02-03","DE","point","NA",0.739026660550262
"2022-01-14","10 day R","2021-02-03","DE","quantile","0.025",0.514563168038996
"2022-01-14","10 day R","2021-02-03","DE","quantile","0.975",0.963878058485727
"2022-01-14","10 day R","2021-02-04","DE","point","NA",0.74989409249739
"2022-01-14","10 day R","2021-02-04","DE","quantile","0.025",0.522857468186301
"2022-01-14","10 day R","2021-02-04","DE","quantile","0.975",0.974550218007277
"2022-01-14","10 day R","2021-02-05","DE","point","NA",0.755511892403358
"2022-01-14","10 day R","2021-02-05","DE","quantile","0.025",0.531320027736931
"2022-01-14","10 day R","2021-02-05","DE","quantile","0.975",0.980359973561357
"2022-01-14","10 day R","2021-02-06","DE","point","NA",0.756194204232516
"2022-01-14","10 day R","2021-02-06","DE","quantile","0.025",0.528577653070664
"2022-01-14","10 day R","2021-02-06","DE","quantile","0.975",0.980331225634643
"2022-01-14","10 day R","2021-02-07","DE","point","NA",0.756624259706932
"2022-01-14","10 day R","2021-02-07","DE","quantile","0.025",0.530460183697141
"2022-01-14","10 day R","2021-02-07","DE","quantile","0.975",0.984050864962324
"2022-01-14","10 day R","2021-02-08","DE","point","NA",0.739418292228559
"2022-01-14","10 day R","2021-02-08","DE","quantile","0.025",0.512389233716338
"2022-01-14","10 day R","2021-02-08","DE","quantile","0.975",0.963155729069239
"2022-01-14","10 day R","2021-02-09","DE","point","NA",0.724535137714813
"2022-01-14","10 day R","2021-02-09","DE","quantile","0.025",0.497522174612745
"2022-01-14","10 day R","2021-02-09","DE","quantile","0.975",0.94892842016321
"2022-01-14","10 day R","2021-02-10","DE","point","NA",0.720143308596845
"2022-01-14","10 day R","2021-02-10","DE","quantile","0.025",0.492770602449523
"2022-01-14","10 day R","2021-02-10","DE","quantile","0.975",0.945977561995033
"2022-01-14","10 day R","2021-02-11","DE","point","NA",0.738547883350483
"2022-01-14","10 day R","2021-02-11","DE","quantile","0.025",0.513734558306689
"2022-01-14","10 day R","2021-02-11","DE","quantile","0.975",0.965458892247974
"2022-01-14","10 day R","2021-02-12","DE","point","NA",0.759957673637788
"2022-01-14","10 day R","2021-02-12","DE","quantile","0.025",0.535376413375976
"2022-01-14","10 day R","2021-02-12","DE","quantile","0.975",0.987105310489844
"2022-01-14","10 day R","2021-02-13","DE","point","NA",0.776429963480957
"2022-01-14","10 day R","2021-02-13","DE","quantile","0.025",0.550672035792417
"2022-01-14","10 day R","2021-02-13","DE","quantile","0.975",1.0035526021368
"2022-01-14","10 day R","2021-02-14","DE","point","NA",0.796057880322927
"2022-01-14","10 day R","2021-02-14","DE","quantile","0.025",0.567159900660196
"2022-01-14","10 day R","2021-02-14","DE","quantile","0.975",1.02433903180326
"2022-01-14","10 day R","2021-02-15","DE","point","NA",0.81074015722095
"2022-01-14","10 day R","2021-02-15","DE","quantile","0.025",0.581753197200736
"2022-01-14","10 day R","2021-02-15","DE","quantile","0.975",1.03799166398064
"2022-01-14","10 day R","2021-02-16","DE","point","NA",0.818329249219722
"2022-01-14","10 day R","2021-02-16","DE","quantile","0.025",0.58682378095506
"2022-01-14","10 day R","2021-02-16","DE","quantile","0.975",1.04559245596399
"2022-01-14","10 day R","2021-02-17","DE","point","NA",0.831427698038124
"2022-01-14","10 day R","2021-02-17","DE","quantile","0.025",0.604771156590241
"2022-01-14","10 day R","2021-02-17","DE","quantile","0.975",1.05538798418005
"2022-01-14","10 day R","2021-02-18","DE","point","NA",0.857132456524878
"2022-01-14","10 day R","2021-02-18","DE","quantile","0.025",0.630176795545405
"2022-01-14","10 day R","2021-02-18","DE","quantile","0.975",1.08443122273377
"2022-01-14","10 day R","2021-02-19","DE","point","NA",0.883297470061194
"2022-01-14","10 day R","2021-02-19","DE","quantile","0.025",0.659782474413467
"2022-01-14","10 day R","2021-02-19","DE","quantile","0.975",1.10783043765207
"2022-01-14","10 day R","2021-02-20","DE","point","NA",0.905537971298672
"2022-01-14","10 day R","2021-02-20","DE","quantile","0.025",0.682727492907723
"2022-01-14","10 day R","2021-02-20","DE","quantile","0.975",1.13205891046332
"2022-01-14","10 day R","2021-02-21","DE","point","NA",0.924514479309079
"2022-01-14","10 day R","2021-02-21","DE","quantile","0.025",0.703140717145936
"2022-01-14","10 day R","2021-02-21","DE","quantile","0.975",1.15207578036455
"2022-01-14","10 day R","2021-02-22","DE","point","NA",0.931995172595042
"2022-01-14","10 day R","2021-02-22","DE","quantile","0.025",0.705729451094775
"2022-01-14","10 day R","2021-02-22","DE","quantile","0.975",1.16200533827872
"2022-01-14","10 day R","2021-02-23","DE","point","NA",0.938121114020498
"2022-01-14","10 day R","2021-02-23","DE","quantile","0.025",0.713576154034224
"2022-01-14","10 day R","2021-02-23","DE","quantile","0.975",1.1647538393896
"2022-01-14","10 day R","2021-02-24","DE","point","NA",0.952053614421128
"2022-01-14","10 day R","2021-02-24","DE","quantile","0.025",0.724814028933563
"2022-01-14","10 day R","2021-02-24","DE","quantile","0.975",1.18001086883403
"2022-01-14","10 day R","2021-02-25","DE","point","NA",0.97679268435275
"2022-01-14","10 day R","2021-02-25","DE","quantile","0.025",0.751837993122866
"2022-01-14","10 day R","2021-02-25","DE","quantile","0.975",1.1975086102823
"2022-01-14","10 day R","2021-02-26","DE","point","NA",0.98974805606449
"2022-01-14","10 day R","2021-02-26","DE","quantile","0.025",0.765180206063749
"2022-01-14","10 day R","2021-02-26","DE","quantile","0.975",1.21098511436306
"2022-01-14","10 day R","2021-02-27","DE","point","NA",1.0015053764138
"2022-01-14","10 day R","2021-02-27","DE","quantile","0.025",0.77525502672601
"2022-01-14","10 day R","2021-02-27","DE","quantile","0.975",1.22821829944985
"2022-01-14","10 day R","2021-02-28","DE","point","NA",1.00929329931183
"2022-01-14","10 day R","2021-02-28","DE","quantile","0.025",0.78063625873972
"2022-01-14","10 day R","2021-02-28","DE","quantile","0.975",1.23405155869263
"2022-01-14","10 day R","2021-03-01","DE","point","NA",1.01121362808238
"2022-01-14","10 day R","2021-03-01","DE","quantile","0.025",0.782495465666233
"2022-01-14","10 day R","2021-03-01","DE","quantile","0.975",1.23659379713475
"2022-01-14","10 day R","2021-03-02","DE","point","NA",1.01042423727605
"2022-01-14","10 day R","2021-03-02","DE","quantile","0.025",0.783186964121864
"2022-01-14","10 day R","2021-03-02","DE","quantile","0.975",1.23706809581577
"2022-01-14","10 day R","2021-03-03","DE","point","NA",1.01559223103031
"2022-01-14","10 day R","2021-03-03","DE","quantile","0.025",0.789263173916479
"2022-01-14","10 day R","2021-03-03","DE","quantile","0.975",1.24209858801494
"2022-01-14","10 day R","2021-03-04","DE","point","NA",1.04827793546564
"2022-01-14","10 day R","2021-03-04","DE","quantile","0.025",0.822298210155882
"2022-01-14","10 day R","2021-03-04","DE","quantile","0.975",1.27549525171188
"2022-01-14","10 day R","2021-03-05","DE","point","NA",1.06334802612488
"2022-01-14","10 day R","2021-03-05","DE","quantile","0.025",0.836036680844203
"2022-01-14","10 day R","2021-03-05","DE","quantile","0.975",1.2881004167769
"2022-01-14","10 day R","2021-03-06","DE","point","NA",1.0829457256576
"2022-01-14","10 day R","2021-03-06","DE","quantile","0.025",0.858926766289329
"2022-01-14","10 day R","2021-03-06","DE","quantile","0.975",1.30692740164789
"2022-01-14","10 day R","2021-03-07","DE","point","NA",1.1030555707841
"2022-01-14","10 day R","2021-03-07","DE","quantile","0.025",0.879442896790083
"2022-01-14","10 day R","2021-03-07","DE","quantile","0.975",1.32717210888485
"2022-01-14","10 day R","2021-03-08","DE","point","NA",1.11943575937406
"2022-01-14","10 day R","2021-03-08","DE","quantile","0.025",0.893570484820913
"2022-01-14","10 day R","2021-03-08","DE","quantile","0.975",1.34393245269348
"2022-01-14","10 day R","2021-03-09","DE","point","NA",1.13975099183679
"2022-01-14","10 day R","2021-03-09","DE","quantile","0.025",0.915028695163281
"2022-01-14","10 day R","2021-03-09","DE","quantile","0.975",1.36580470414323
"2022-01-14","10 day R","2021-03-10","DE","point","NA",1.17483224545606
"2022-01-14","10 day R","2021-03-10","DE","quantile","0.025",0.95312078933958
"2022-01-14","10 day R","2021-03-10","DE","quantile","0.975",1.39852358072141
"2022-01-14","10 day R","2021-03-11","DE","point","NA",1.14890693212166
"2022-01-14","10 day R","2021-03-11","DE","quantile","0.025",0.927576757007108
"2022-01-14","10 day R","2021-03-11","DE","quantile","0.975",1.37263616905181
"2022-01-14","10 day R","2021-03-12","DE","point","NA",1.18449526557445
"2022-01-14","10 day R","2021-03-12","DE","quantile","0.025",0.964414734321768
"2022-01-14","10 day R","2021-03-12","DE","quantile","0.975",1.40603015643459
"2022-01-14","10 day R","2021-03-13","DE","point","NA",1.21471573975781
"2022-01-14","10 day R","2021-03-13","DE","quantile","0.025",0.989746830803648
"2022-01-14","10 day R","2021-03-13","DE","quantile","0.975",1.43989772790812
"2022-01-14","10 day R","2021-03-14","DE","point","NA",1.23652937406573
"2022-01-14","10 day R","2021-03-14","DE","quantile","0.025",1.0134486465794
"2022-01-14","10 day R","2021-03-14","DE","quantile","0.975",1.46096745968645
"2022-01-14","10 day R","2021-03-15","DE","point","NA",1.24381928183272
"2022-01-14","10 day R","2021-03-15","DE","quantile","0.025",1.01433862705353
"2022-01-14","10 day R","2021-03-15","DE","quantile","0.975",1.4702849272029
"2022-01-14","10 day R","2021-03-16","DE","point","NA",1.2535447514984
"2022-01-14","10 day R","2021-03-16","DE","quantile","0.025",1.03120542408757
"2022-01-14","10 day R","2021-03-16","DE","quantile","0.975",1.48030032370054
"2022-01-14","10 day R","2021-03-17","DE","point","NA",1.28109120070137
"2022-01-14","10 day R","2021-03-17","DE","quantile","0.025",1.05802457362806
"2022-01-14","10 day R","2021-03-17","DE","quantile","0.975",1.50767092339361
"2022-01-14","10 day R","2021-03-18","DE","point","NA",1.31645195226001
"2022-01-14","10 day R","2021-03-18","DE","quantile","0.025",1.09280610396043
"2022-01-14","10 day R","2021-03-18","DE","quantile","0.975",1.53980767385272
"2022-01-14","10 day R","2021-03-19","DE","point","NA",1.33041824746449
"2022-01-14","10 day R","2021-03-19","DE","quantile","0.025",1.10618704720891
"2022-01-14","10 day R","2021-03-19","DE","quantile","0.975",1.55558042990929
"2022-01-14","10 day R","2021-03-20","DE","point","NA",1.34086048362296
"2022-01-14","10 day R","2021-03-20","DE","quantile","0.025",1.11780252538523
"2022-01-14","10 day R","2021-03-20","DE","quantile","0.975",1.56779894786275
"2022-01-14","10 day R","2021-03-21","DE","point","NA",1.34823502203337
"2022-01-14","10 day R","2021-03-21","DE","quantile","0.025",1.12524536827441
"2022-01-14","10 day R","2021-03-21","DE","quantile","0.975",1.57336460213425
"2022-01-14","10 day R","2021-03-22","DE","point","NA",1.35099653880239
"2022-01-14","10 day R","2021-03-22","DE","quantile","0.025",1.12647119413739
"2022-01-14","10 day R","2021-03-22","DE","quantile","0.975",1.57566517019152
"2022-01-14","10 day R","2021-03-23","DE","point","NA",1.36031991301284
"2022-01-14","10 day R","2021-03-23","DE","quantile","0.025",1.13599870275754
"2022-01-14","10 day R","2021-03-23","DE","quantile","0.975",1.58658495622733
"2022-01-14","10 day R","2021-03-24","DE","point","NA",1.33483737939714
"2022-01-14","10 day R","2021-03-24","DE","quantile","0.025",1.10828751991757
"2022-01-14","10 day R","2021-03-24","DE","quantile","0.975",1.55691017533918
"2022-01-14","10 day R","2021-03-25","DE","point","NA",1.31112800207797
"2022-01-14","10 day R","2021-03-25","DE","quantile","0.025",1.08607905040538
"2022-01-14","10 day R","2021-03-25","DE","quantile","0.975",1.53576515229624
"2022-01-14","10 day R","2021-03-26","DE","point","NA",1.27933612727481
"2022-01-14","10 day R","2021-03-26","DE","quantile","0.025",1.05381764347803
"2022-01-14","10 day R","2021-03-26","DE","quantile","0.975",1.50576703233502
"2022-01-14","10 day R","2021-03-27","DE","point","NA",1.24261111570354
"2022-01-14","10 day R","2021-03-27","DE","quantile","0.025",1.02010598049716
"2022-01-14","10 day R","2021-03-27","DE","quantile","0.975",1.46819304030403
"2022-01-14","10 day R","2021-03-28","DE","point","NA",1.1956026128164
"2022-01-14","10 day R","2021-03-28","DE","quantile","0.025",0.970640191502521
"2022-01-14","10 day R","2021-03-28","DE","quantile","0.975",1.42023064420672
"2022-01-14","10 day R","2021-03-29","DE","point","NA",1.19254196021576
"2022-01-14","10 day R","2021-03-29","DE","quantile","0.025",0.969460641902748
"2022-01-14","10 day R","2021-03-29","DE","quantile","0.975",1.41569220369415
"2022-01-14","10 day R","2021-03-30","DE","point","NA",1.18399046967739
"2022-01-14","10 day R","2021-03-30","DE","quantile","0.025",0.957025675034742
"2022-01-14","10 day R","2021-03-30","DE","quantile","0.975",1.40888804918943
"2022-01-14","10 day R","2021-03-31","DE","point","NA",1.13927074381164
"2022-01-14","10 day R","2021-03-31","DE","quantile","0.025",0.91237017220115
"2022-01-14","10 day R","2021-03-31","DE","quantile","0.975",1.36662412471999
"2022-01-14","10 day R","2021-04-01","DE","point","NA",1.09877892669312
"2022-01-14","10 day R","2021-04-01","DE","quantile","0.025",0.871964625508378
"2022-01-14","10 day R","2021-04-01","DE","quantile","0.975",1.32445747303184
"2022-01-14","10 day R","2021-04-02","DE","point","NA",1.05055730542378
"2022-01-14","10 day R","2021-04-02","DE","quantile","0.025",0.825057602580243
"2022-01-14","10 day R","2021-04-02","DE","quantile","0.975",1.27589733053444
"2022-01-14","10 day R","2021-04-03","DE","point","NA",1.02233861269127
"2022-01-14","10 day R","2021-04-03","DE","quantile","0.025",0.792068253718962
"2022-01-14","10 day R","2021-04-03","DE","quantile","0.975",1.24810578520211
"2022-01-14","10 day R","2021-04-04","DE","point","NA",1.04791396279061
"2022-01-14","10 day R","2021-04-04","DE","quantile","0.025",0.819703875068416
"2022-01-14","10 day R","2021-04-04","DE","quantile","0.975",1.27172628388975
"2022-01-14","10 day R","2021-04-05","DE","point","NA",1.05256289669626
"2022-01-14","10 day R","2021-04-05","DE","quantile","0.025",0.825536589009881
"2022-01-14","10 day R","2021-04-05","DE","quantile","0.975",1.27521227005485
"2022-01-14","10 day R","2021-04-06","DE","point","NA",1.07474775487084
"2022-01-14","10 day R","2021-04-06","DE","quantile","0.025",0.847711590286747
"2022-01-14","10 day R","2021-04-06","DE","quantile","0.975",1.29908945145102
"2022-01-14","10 day R","2021-04-07","DE","point","NA",1.16202526008486
"2022-01-14","10 day R","2021-04-07","DE","quantile","0.025",0.936444644202713
"2022-01-14","10 day R","2021-04-07","DE","quantile","0.975",1.38743019635357
"2022-01-14","10 day R","2021-04-08","DE","point","NA",1.20369755711927
"2022-01-14","10 day R","2021-04-08","DE","quantile","0.025",0.975574354053113
"2022-01-14","10 day R","2021-04-08","DE","quantile","0.975",1.42781732246568
"2022-01-14","10 day R","2021-04-09","DE","point","NA",1.21661320135235
"2022-01-14","10 day R","2021-04-09","DE","quantile","0.025",0.988122403853665
"2022-01-14","10 day R","2021-04-09","DE","quantile","0.975",1.44342742016895
"2022-01-14","10 day R","2021-04-10","DE","point","NA",1.21123896637558
"2022-01-14","10 day R","2021-04-10","DE","quantile","0.025",0.984558111214886
"2022-01-14","10 day R","2021-04-10","DE","quantile","0.975",1.43801786502446
"2022-01-14","10 day R","2021-04-11","DE","point","NA",1.1972050079615
"2022-01-14","10 day R","2021-04-11","DE","quantile","0.025",0.973291451646858
"2022-01-14","10 day R","2021-04-11","DE","quantile","0.975",1.42269425755927
"2022-01-14","10 day R","2021-04-12","DE","point","NA",1.21820296782509
"2022-01-14","10 day R","2021-04-12","DE","quantile","0.025",0.995232529017415
"2022-01-14","10 day R","2021-04-12","DE","quantile","0.975",1.44134722900033
"2022-01-14","10 day R","2021-04-13","DE","point","NA",1.23430136260769
"2022-01-14","10 day R","2021-04-13","DE","quantile","0.025",1.00733789657281
"2022-01-14","10 day R","2021-04-13","DE","quantile","0.975",1.45701760615393
"2022-01-14","10 day R","2021-04-14","DE","point","NA",1.21427525246816
"2022-01-14","10 day R","2021-04-14","DE","quantile","0.025",0.986891559088568
"2022-01-14","10 day R","2021-04-14","DE","quantile","0.975",1.4399462803873
"2022-01-14","10 day R","2021-04-15","DE","point","NA",1.18239363515718
"2022-01-14","10 day R","2021-04-15","DE","quantile","0.025",0.957255564072933
"2022-01-14","10 day R","2021-04-15","DE","quantile","0.975",1.40474243221995
"2022-01-14","10 day R","2021-04-16","DE","point","NA",1.16104278483277
"2022-01-14","10 day R","2021-04-16","DE","quantile","0.025",0.936114065641065
"2022-01-14","10 day R","2021-04-16","DE","quantile","0.975",1.38451315399339
"2022-01-14","10 day R","2021-04-17","DE","point","NA",1.13639029772807
"2022-01-14","10 day R","2021-04-17","DE","quantile","0.025",0.911886673308092
"2022-01-14","10 day R","2021-04-17","DE","quantile","0.975",1.359655592507
"2022-01-14","10 day R","2021-04-18","DE","point","NA",1.10822369290144
"2022-01-14","10 day R","2021-04-18","DE","quantile","0.025",0.884144083271546
"2022-01-14","10 day R","2021-04-18","DE","quantile","0.975",1.32900636816515
"2022-01-14","10 day R","2021-04-19","DE","point","NA",1.11775733431137
"2022-01-14","10 day R","2021-04-19","DE","quantile","0.025",0.892818575022697
"2022-01-14","10 day R","2021-04-19","DE","quantile","0.975",1.34223287740576
"2022-01-14","10 day R","2021-04-20","DE","point","NA",1.12290462404238
"2022-01-14","10 day R","2021-04-20","DE","quantile","0.025",0.897327811156219
"2022-01-14","10 day R","2021-04-20","DE","quantile","0.975",1.34482127282693
"2022-01-14","10 day R","2021-04-21","DE","point","NA",1.10122368323632
"2022-01-14","10 day R","2021-04-21","DE","quantile","0.025",0.876799935809541
"2022-01-14","10 day R","2021-04-21","DE","quantile","0.975",1.3246925858696
"2022-01-14","10 day R","2021-04-22","DE","point","NA",1.09604560552756
"2022-01-14","10 day R","2021-04-22","DE","quantile","0.025",0.868747157250277
"2022-01-14","10 day R","2021-04-22","DE","quantile","0.975",1.32258183109524
"2022-01-14","10 day R","2021-04-23","DE","point","NA",1.0699782641785
"2022-01-14","10 day R","2021-04-23","DE","quantile","0.025",0.846406527385436
"2022-01-14","10 day R","2021-04-23","DE","quantile","0.975",1.2948456601062
"2022-01-14","10 day R","2021-04-24","DE","point","NA",1.0456002636932
"2022-01-14","10 day R","2021-04-24","DE","quantile","0.025",0.819456574375996
"2022-01-14","10 day R","2021-04-24","DE","quantile","0.975",1.27058901045901
"2022-01-14","10 day R","2021-04-25","DE","point","NA",1.03822727177232
"2022-01-14","10 day R","2021-04-25","DE","quantile","0.025",0.812508684081358
"2022-01-14","10 day R","2021-04-25","DE","quantile","0.975",1.26343589833114
"2022-01-14","10 day R","2021-04-26","DE","point","NA",1.008157987294
"2022-01-14","10 day R","2021-04-26","DE","quantile","0.025",0.782760369083253
"2022-01-14","10 day R","2021-04-26","DE","quantile","0.975",1.22991559492532
"2022-01-14","10 day R","2021-04-27","DE","point","NA",0.99198448330321
"2022-01-14","10 day R","2021-04-27","DE","quantile","0.025",0.768683710771783
"2022-01-14","10 day R","2021-04-27","DE","quantile","0.975",1.21649173754045
"2022-01-14","10 day R","2021-04-28","DE","point","NA",0.976303421032534
"2022-01-14","10 day R","2021-04-28","DE","quantile","0.025",0.755602514821013
"2022-01-14","10 day R","2021-04-28","DE","quantile","0.975",1.20245908820636
"2022-01-14","10 day R","2021-04-29","DE","point","NA",0.945983607510612
"2022-01-14","10 day R","2021-04-29","DE","quantile","0.025",0.723639535635398
"2022-01-14","10 day R","2021-04-29","DE","quantile","0.975",1.17302772631512
"2022-01-14","10 day R","2021-04-30","DE","point","NA",0.92105006786524
"2022-01-14","10 day R","2021-04-30","DE","quantile","0.025",0.698018071505685
"2022-01-14","10 day R","2021-04-30","DE","quantile","0.975",1.145947194654
"2022-01-14","10 day R","2021-05-01","DE","point","NA",0.913096155173574
"2022-01-14","10 day R","2021-05-01","DE","quantile","0.025",0.689565018191336
"2022-01-14","10 day R","2021-05-01","DE","quantile","0.975",1.13900955532191
"2022-01-14","10 day R","2021-05-02","DE","point","NA",0.896512172021283
"2022-01-14","10 day R","2021-05-02","DE","quantile","0.025",0.671467296096923
"2022-01-14","10 day R","2021-05-02","DE","quantile","0.975",1.11966862035754
"2022-01-14","10 day R","2021-05-03","DE","point","NA",0.877637142526002
"2022-01-14","10 day R","2021-05-03","DE","quantile","0.025",0.6509016387643
"2022-01-14","10 day R","2021-05-03","DE","quantile","0.975",1.10295684463313
"2022-01-14","10 day R","2021-05-04","DE","point","NA",0.866295021491635
"2022-01-14","10 day R","2021-05-04","DE","quantile","0.025",0.642463711313963
"2022-01-14","10 day R","2021-05-04","DE","quantile","0.975",1.09141802226236
"2022-01-14","10 day R","2021-05-05","DE","point","NA",0.841886826780314
"2022-01-14","10 day R","2021-05-05","DE","quantile","0.025",0.616228992544668
"2022-01-14","10 day R","2021-05-05","DE","quantile","0.975",1.06827811928255
"2022-01-14","10 day R","2021-05-06","DE","point","NA",0.807463028744136
"2022-01-14","10 day R","2021-05-06","DE","quantile","0.025",0.581886189958626
"2022-01-14","10 day R","2021-05-06","DE","quantile","0.975",1.03363536162407
"2022-01-14","10 day R","2021-05-07","DE","point","NA",0.783282800349171
"2022-01-14","10 day R","2021-05-07","DE","quantile","0.025",0.557825745227815
"2022-01-14","10 day R","2021-05-07","DE","quantile","0.975",1.00768774487531
"2022-01-14","10 day R","2021-05-08","DE","point","NA",0.757192409003022
"2022-01-14","10 day R","2021-05-08","DE","quantile","0.025",0.535114428818909
"2022-01-14","10 day R","2021-05-08","DE","quantile","0.975",0.982750459648061
"2022-01-14","10 day R","2021-05-09","DE","point","NA",0.72839332269863
"2022-01-14","10 day R","2021-05-09","DE","quantile","0.025",0.502744964971719
"2022-01-14","10 day R","2021-05-09","DE","quantile","0.975",0.953652135604252
"2022-01-14","10 day R","2021-05-10","DE","point","NA",0.724030058545005
"2022-01-14","10 day R","2021-05-10","DE","quantile","0.025",0.499293286684146
"2022-01-14","10 day R","2021-05-10","DE","quantile","0.975",0.948498052021595
"2022-01-14","10 day R","2021-05-11","DE","point","NA",0.708593394734959
"2022-01-14","10 day R","2021-05-11","DE","quantile","0.025",0.486611648250968
"2022-01-14","10 day R","2021-05-11","DE","quantile","0.975",0.932538001654704
"2022-01-14","10 day R","2021-05-12","DE","point","NA",0.667676586659362
"2022-01-14","10 day R","2021-05-12","DE","quantile","0.025",0.442581394641425
"2022-01-14","10 day R","2021-05-12","DE","quantile","0.975",0.893361226702343
"2022-01-14","10 day R","2021-05-13","DE","point","NA",0.668059602102414
"2022-01-14","10 day R","2021-05-13","DE","quantile","0.025",0.440734019264113
"2022-01-14","10 day R","2021-05-13","DE","quantile","0.975",0.891815910459983
"2022-01-14","10 day R","2021-05-14","DE","point","NA",0.671556376035902
"2022-01-14","10 day R","2021-05-14","DE","quantile","0.025",0.44495711827676
"2022-01-14","10 day R","2021-05-14","DE","quantile","0.975",0.89869018150525
"2022-01-14","10 day R","2021-05-15","DE","point","NA",0.674653724837353
"2022-01-14","10 day R","2021-05-15","DE","quantile","0.025",0.447919894511386
"2022-01-14","10 day R","2021-05-15","DE","quantile","0.975",0.897730940132472
"2022-01-14","10 day R","2021-05-16","DE","point","NA",0.682060118610315
"2022-01-14","10 day R","2021-05-16","DE","quantile","0.025",0.457792515613469
"2022-01-14","10 day R","2021-05-16","DE","quantile","0.975",0.904164270146346
"2022-01-14","10 day R","2021-05-17","DE","point","NA",0.671225120667573
"2022-01-14","10 day R","2021-05-17","DE","quantile","0.025",0.448710536132325
"2022-01-14","10 day R","2021-05-17","DE","quantile","0.975",0.899058297501641
"2022-01-14","10 day R","2021-05-18","DE","point","NA",0.652663126158466
"2022-01-14","10 day R","2021-05-18","DE","quantile","0.025",0.427701461181247
"2022-01-14","10 day R","2021-05-18","DE","quantile","0.975",0.879173134837408
"2022-01-14","10 day R","2021-05-19","DE","point","NA",0.653215638324011
"2022-01-14","10 day R","2021-05-19","DE","quantile","0.025",0.427217234978955
"2022-01-14","10 day R","2021-05-19","DE","quantile","0.975",0.876278262884444
"2022-01-14","10 day R","2021-05-20","DE","point","NA",0.639931488984009
"2022-01-14","10 day R","2021-05-20","DE","quantile","0.025",0.417271286159331
"2022-01-14","10 day R","2021-05-20","DE","quantile","0.975",0.865153527384839
"2022-01-14","10 day R","2021-05-21","DE","point","NA",0.62567026898404
"2022-01-14","10 day R","2021-05-21","DE","quantile","0.025",0.40318550828812
"2022-01-14","10 day R","2021-05-21","DE","quantile","0.975",0.846983252282372
"2022-01-14","10 day R","2021-05-22","DE","point","NA",0.607556616622417
"2022-01-14","10 day R","2021-05-22","DE","quantile","0.025",0.384854127881165
"2022-01-14","10 day R","2021-05-22","DE","quantile","0.975",0.829552825232089
"2022-01-14","10 day R","2021-05-23","DE","point","NA",0.584451780607515
"2022-01-14","10 day R","2021-05-23","DE","quantile","0.025",0.362514620884616
"2022-01-14","10 day R","2021-05-23","DE","quantile","0.975",0.809260387743972
"2022-01-14","10 day R","2021-05-24","DE","point","NA",0.548879606348418
"2022-01-14","10 day R","2021-05-24","DE","quantile","0.025",0.328832619094905
"2022-01-14","10 day R","2021-05-24","DE","quantile","0.975",0.777111143030546
"2022-01-14","10 day R","2021-05-25","DE","point","NA",0.51783716228646
"2022-01-14","10 day R","2021-05-25","DE","quantile","0.025",0.294252959521223
"2022-01-14","10 day R","2021-05-25","DE","quantile","0.975",0.746233978387403
"2022-01-14","10 day R","2021-05-26","DE","point","NA",0.516364530652716
"2022-01-14","10 day R","2021-05-26","DE","quantile","0.025",0.290787499762086
"2022-01-14","10 day R","2021-05-26","DE","quantile","0.975",0.743596850215852
"2022-01-14","10 day R","2021-05-27","DE","point","NA",0.539360314590146
"2022-01-14","10 day R","2021-05-27","DE","quantile","0.025",0.312151052635896
"2022-01-14","10 day R","2021-05-27","DE","quantile","0.975",0.764083256724532
"2022-01-14","10 day R","2021-05-28","DE","point","NA",0.557106161590787
"2022-01-14","10 day R","2021-05-28","DE","quantile","0.025",0.33113622797387
"2022-01-14","10 day R","2021-05-28","DE","quantile","0.975",0.781905511248356
"2022-01-14","10 day R","2021-05-29","DE","point","NA",0.561182293750154
"2022-01-14","10 day R","2021-05-29","DE","quantile","0.025",0.338247927726451
"2022-01-14","10 day R","2021-05-29","DE","quantile","0.975",0.785119323626285
"2022-01-14","10 day R","2021-05-30","DE","point","NA",0.553603700126933
"2022-01-14","10 day R","2021-05-30","DE","quantile","0.025",0.330656045154009
"2022-01-14","10 day R","2021-05-30","DE","quantile","0.975",0.77689824189623
"2022-01-14","10 day R","2021-05-31","DE","point","NA",0.53785731482075
"2022-01-14","10 day R","2021-05-31","DE","quantile","0.025",0.313492733961566
"2022-01-14","10 day R","2021-05-31","DE","quantile","0.975",0.763980996976114
"2022-01-14","10 day R","2021-06-01","DE","point","NA",0.5197324387945
"2022-01-14","10 day R","2021-06-01","DE","quantile","0.025",0.291043647959112
"2022-01-14","10 day R","2021-06-01","DE","quantile","0.975",0.746014384320634
"2022-01-14","10 day R","2021-06-02","DE","point","NA",0.509463927425061
"2022-01-14","10 day R","2021-06-02","DE","quantile","0.025",0.284302844869866
"2022-01-14","10 day R","2021-06-02","DE","quantile","0.975",0.736521807234321
"2022-01-14","10 day R","2021-06-03","DE","point","NA",0.497260311799906
"2022-01-14","10 day R","2021-06-03","DE","quantile","0.025",0.274998561001475
"2022-01-14","10 day R","2021-06-03","DE","quantile","0.975",0.724178844425527
"2022-01-14","10 day R","2021-06-04","DE","point","NA",0.494812216184509
"2022-01-14","10 day R","2021-06-04","DE","quantile","0.025",0.272131922297944
"2022-01-14","10 day R","2021-06-04","DE","quantile","0.975",0.719981107395194
"2022-01-14","10 day R","2021-06-05","DE","point","NA",0.497636814124134
"2022-01-14","10 day R","2021-06-05","DE","quantile","0.025",0.274349037869182
"2022-01-14","10 day R","2021-06-05","DE","quantile","0.975",0.726316442730326
"2022-01-14","10 day R","2021-06-06","DE","point","NA",0.500299371593016
"2022-01-14","10 day R","2021-06-06","DE","quantile","0.025",0.275823552594601
"2022-01-14","10 day R","2021-06-06","DE","quantile","0.975",0.725404334179964
"2022-01-14","10 day R","2021-06-07","DE","point","NA",0.493922688102
"2022-01-14","10 day R","2021-06-07","DE","quantile","0.025",0.267318575868238
"2022-01-14","10 day R","2021-06-07","DE","quantile","0.975",0.71958095894812
"2022-01-14","10 day R","2021-06-08","DE","point","NA",0.483019664629761
"2022-01-14","10 day R","2021-06-08","DE","quantile","0.025",0.254136655359606
"2022-01-14","10 day R","2021-06-08","DE","quantile","0.975",0.708869328732631
"2022-01-14","10 day R","2021-06-09","DE","point","NA",0.473172593530936
"2022-01-14","10 day R","2021-06-09","DE","quantile","0.025",0.246748342954803
"2022-01-14","10 day R","2021-06-09","DE","quantile","0.975",0.69861877452982
"2022-01-14","10 day R","2021-06-10","DE","point","NA",0.4640090133965
"2022-01-14","10 day R","2021-06-10","DE","quantile","0.025",0.237190054273999
"2022-01-14","10 day R","2021-06-10","DE","quantile","0.975",0.686288319846024
"2022-01-14","10 day R","2021-06-11","DE","point","NA",0.454862510521422
"2022-01-14","10 day R","2021-06-11","DE","quantile","0.025",0.228510355264097
"2022-01-14","10 day R","2021-06-11","DE","quantile","0.975",0.682433435663056
"2022-01-14","10 day R","2021-06-12","DE","point","NA",0.444840288301255
"2022-01-14","10 day R","2021-06-12","DE","quantile","0.025",0.221975973379228
"2022-01-14","10 day R","2021-06-12","DE","quantile","0.975",0.669036264853269
"2022-01-14","10 day R","2021-06-13","DE","point","NA",0.430508329886818
"2022-01-14","10 day R","2021-06-13","DE","quantile","0.025",0.209126140504415
"2022-01-14","10 day R","2021-06-13","DE","quantile","0.975",0.657634279040716
"2022-01-14","10 day R","2021-06-14","DE","point","NA",0.409694417599401
"2022-01-14","10 day R","2021-06-14","DE","quantile","0.025",0.187851824597524
"2022-01-14","10 day R","2021-06-14","DE","quantile","0.975",0.63360701341736
"2022-01-14","10 day R","2021-06-15","DE","point","NA",0.382535246844221
"2022-01-14","10 day R","2021-06-15","DE","quantile","0.025",0.160687654660621
"2022-01-14","10 day R","2021-06-15","DE","quantile","0.975",0.604221886455244
"2022-01-14","10 day R","2021-06-16","DE","point","NA",0.358382209994236
"2022-01-14","10 day R","2021-06-16","DE","quantile","0.025",0.133249310325032
"2022-01-14","10 day R","2021-06-16","DE","quantile","0.975",0.580838835121777
"2022-01-14","10 day R","2021-06-17","DE","point","NA",0.351135696144261
"2022-01-14","10 day R","2021-06-17","DE","quantile","0.025",0.125006823533607
"2022-01-14","10 day R","2021-06-17","DE","quantile","0.975",0.576113553199094
"2022-01-14","10 day R","2021-06-18","DE","point","NA",0.360580954416415
"2022-01-14","10 day R","2021-06-18","DE","quantile","0.025",0.133999308532035
"2022-01-14","10 day R","2021-06-18","DE","quantile","0.975",0.58702109664728
"2022-01-14","10 day R","2021-06-19","DE","point","NA",0.37819911233092
"2022-01-14","10 day R","2021-06-19","DE","quantile","0.025",0.149749096270087
"2022-01-14","10 day R","2021-06-19","DE","quantile","0.975",0.602835168462714
"2022-01-14","10 day R","2021-06-20","DE","point","NA",0.385171369260782
"2022-01-14","10 day R","2021-06-20","DE","quantile","0.025",0.157291544715666
"2022-01-14","10 day R","2021-06-20","DE","quantile","0.975",0.611759804083568
"2022-01-14","10 day R","2021-06-21","DE","point","NA",0.381996371801953
"2022-01-14","10 day R","2021-06-21","DE","quantile","0.025",0.154792309872105
"2022-01-14","10 day R","2021-06-21","DE","quantile","0.975",0.609052481014466
"2022-01-14","10 day R","2021-06-22","DE","point","NA",0.371907201056248
"2022-01-14","10 day R","2021-06-22","DE","quantile","0.025",0.145706708445633
"2022-01-14","10 day R","2021-06-22","DE","quantile","0.975",0.598380949920645
"2022-01-14","10 day R","2021-06-23","DE","point","NA",0.365832730520373
"2022-01-14","10 day R","2021-06-23","DE","quantile","0.025",0.13987696984594
"2022-01-14","10 day R","2021-06-23","DE","quantile","0.975",0.592133055159455
"2022-01-14","10 day R","2021-06-24","DE","point","NA",0.367222994865435
"2022-01-14","10 day R","2021-06-24","DE","quantile","0.025",0.139608546828016
"2022-01-14","10 day R","2021-06-24","DE","quantile","0.975",0.593043202630668
"2022-01-14","10 day R","2021-06-25","DE","point","NA",0.389465480062288
"2022-01-14","10 day R","2021-06-25","DE","quantile","0.025",0.159145418024089
"2022-01-14","10 day R","2021-06-25","DE","quantile","0.975",0.615156843404659
"2022-01-14","10 day R","2021-06-26","DE","point","NA",0.416347897959687
"2022-01-14","10 day R","2021-06-26","DE","quantile","0.025",0.190923454551286
"2022-01-14","10 day R","2021-06-26","DE","quantile","0.975",0.639030090155939
"2022-01-14","10 day R","2021-06-27","DE","point","NA",0.442417728780899
"2022-01-14","10 day R","2021-06-27","DE","quantile","0.025",0.217023250002625
"2022-01-14","10 day R","2021-06-27","DE","quantile","0.975",0.665729518290402
"2022-01-14","10 day R","2021-06-28","DE","point","NA",0.461827916345059
"2022-01-14","10 day R","2021-06-28","DE","quantile","0.025",0.234099788528776
"2022-01-14","10 day R","2021-06-28","DE","quantile","0.975",0.68833245833292
"2022-01-14","10 day R","2021-06-29","DE","point","NA",0.47678150640054
"2022-01-14","10 day R","2021-06-29","DE","quantile","0.025",0.251053444077236
"2022-01-14","10 day R","2021-06-29","DE","quantile","0.975",0.6991755247313
"2022-01-14","10 day R","2021-06-30","DE","point","NA",0.49750927459845
"2022-01-14","10 day R","2021-06-30","DE","quantile","0.025",0.272534921925704
"2022-01-14","10 day R","2021-06-30","DE","quantile","0.975",0.722945628162558
"2022-01-14","10 day R","2021-07-01","DE","point","NA",0.532818100185733
"2022-01-14","10 day R","2021-07-01","DE","quantile","0.025",0.306080622139803
"2022-01-14","10 day R","2021-07-01","DE","quantile","0.975",0.755930594838874
"2022-01-14","10 day R","2021-07-02","DE","point","NA",0.571805603501557
"2022-01-14","10 day R","2021-07-02","DE","quantile","0.025",0.345141207066652
"2022-01-14","10 day R","2021-07-02","DE","quantile","0.975",0.79835878606234
"2022-01-14","10 day R","2021-07-03","DE","point","NA",0.617438020783227
"2022-01-14","10 day R","2021-07-03","DE","quantile","0.025",0.391978765235092
"2022-01-14","10 day R","2021-07-03","DE","quantile","0.975",0.841916220172489
"2022-01-14","10 day R","2021-07-04","DE","point","NA",0.67069512461524
"2022-01-14","10 day R","2021-07-04","DE","quantile","0.025",0.445505836978336
"2022-01-14","10 day R","2021-07-04","DE","quantile","0.975",0.895547269860274
"2022-01-14","10 day R","2021-07-05","DE","point","NA",0.719039457970514
"2022-01-14","10 day R","2021-07-05","DE","quantile","0.025",0.495770765305606
"2022-01-14","10 day R","2021-07-05","DE","quantile","0.975",0.941838794852689
"2022-01-14","10 day R","2021-07-06","DE","point","NA",0.767249769723015
"2022-01-14","10 day R","2021-07-06","DE","quantile","0.025",0.541644319412684
"2022-01-14","10 day R","2021-07-06","DE","quantile","0.975",0.992775553071345
"2022-01-14","10 day R","2021-07-07","DE","point","NA",0.817141134308834
"2022-01-14","10 day R","2021-07-07","DE","quantile","0.025",0.592886646417079
"2022-01-14","10 day R","2021-07-07","DE","quantile","0.975",1.03700274556822
"2022-01-14","10 day R","2021-07-08","DE","point","NA",0.871552252429293
"2022-01-14","10 day R","2021-07-08","DE","quantile","0.025",0.647473500172511
"2022-01-14","10 day R","2021-07-08","DE","quantile","0.975",1.09217810581737
"2022-01-14","10 day R","2021-07-09","DE","point","NA",0.92924589830519
"2022-01-14","10 day R","2021-07-09","DE","quantile","0.025",0.704578863086968
"2022-01-14","10 day R","2021-07-09","DE","quantile","0.975",1.15150111466463
"2022-01-14","10 day R","2021-07-10","DE","point","NA",0.990263708298045
"2022-01-14","10 day R","2021-07-10","DE","quantile","0.025",0.768181448434264
"2022-01-14","10 day R","2021-07-10","DE","quantile","0.975",1.21449615870746
"2022-01-14","10 day R","2021-07-11","DE","point","NA",1.0452296342063
"2022-01-14","10 day R","2021-07-11","DE","quantile","0.025",0.822301491389261
"2022-01-14","10 day R","2021-07-11","DE","quantile","0.975",1.27220135213347
"2022-01-14","10 day R","2021-07-12","DE","point","NA",1.10371637310173
"2022-01-14","10 day R","2021-07-12","DE","quantile","0.025",0.879847049642294
"2022-01-14","10 day R","2021-07-12","DE","quantile","0.975",1.33022077365831
"2022-01-14","10 day R","2021-07-13","DE","point","NA",1.17008468893347
"2022-01-14","10 day R","2021-07-13","DE","quantile","0.025",0.945280455310921
"2022-01-14","10 day R","2021-07-13","DE","quantile","0.975",1.39689392769492
"2022-01-14","10 day R","2021-07-14","DE","point","NA",1.23720169457739
"2022-01-14","10 day R","2021-07-14","DE","quantile","0.025",1.01328872264063
"2022-01-14","10 day R","2021-07-14","DE","quantile","0.975",1.46448339941338
"2022-01-14","10 day R","2021-07-15","DE","point","NA",1.28058592525279
"2022-01-14","10 day R","2021-07-15","DE","quantile","0.025",1.05382882127798
"2022-01-14","10 day R","2021-07-15","DE","quantile","0.975",1.5075323947836
"2022-01-14","10 day R","2021-07-16","DE","point","NA",1.31190005067055
"2022-01-14","10 day R","2021-07-16","DE","quantile","0.025",1.08569758036427
"2022-01-14","10 day R","2021-07-16","DE","quantile","0.975",1.53873137269146
"2022-01-14","10 day R","2021-07-17","DE","point","NA",1.32519777285323
"2022-01-14","10 day R","2021-07-17","DE","quantile","0.025",1.10199264375573
"2022-01-14","10 day R","2021-07-17","DE","quantile","0.975",1.55233533173603
"2022-01-14","10 day R","2021-07-18","DE","point","NA",1.32874407042924
"2022-01-14","10 day R","2021-07-18","DE","quantile","0.025",1.10719587214352
"2022-01-14","10 day R","2021-07-18","DE","quantile","0.975",1.55661161348206
"2022-01-14","10 day R","2021-07-19","DE","point","NA",1.3302658484741
"2022-01-14","10 day R","2021-07-19","DE","quantile","0.025",1.11009817010807
"2022-01-14","10 day R","2021-07-19","DE","quantile","0.975",1.55735884143934
"2022-01-14","10 day R","2021-07-20","DE","point","NA",1.3333065544036
"2022-01-14","10 day R","2021-07-20","DE","quantile","0.025",1.11019440951349
"2022-01-14","10 day R","2021-07-20","DE","quantile","0.975",1.5589959021779
"2022-01-14","10 day R","2021-07-21","DE","point","NA",1.32872761132713
"2022-01-14","10 day R","2021-07-21","DE","quantile","0.025",1.10612571034055
"2022-01-14","10 day R","2021-07-21","DE","quantile","0.975",1.5566733035799
"2022-01-14","10 day R","2021-07-22","DE","point","NA",1.35154358111784
"2022-01-14","10 day R","2021-07-22","DE","quantile","0.025",1.12472239857201
"2022-01-14","10 day R","2021-07-22","DE","quantile","0.975",1.57629068940062
"2022-01-14","10 day R","2021-07-23","DE","point","NA",1.36810060810814
"2022-01-14","10 day R","2021-07-23","DE","quantile","0.025",1.14221270382741
"2022-01-14","10 day R","2021-07-23","DE","quantile","0.975",1.59314602018187
"2022-01-14","10 day R","2021-07-24","DE","point","NA",1.38151155154304
"2022-01-14","10 day R","2021-07-24","DE","quantile","0.025",1.15653430953109
"2022-01-14","10 day R","2021-07-24","DE","quantile","0.975",1.60576568021311
"2022-01-14","10 day R","2021-07-25","DE","point","NA",1.39209752844333
"2022-01-14","10 day R","2021-07-25","DE","quantile","0.025",1.16615122358429
"2022-01-14","10 day R","2021-07-25","DE","quantile","0.975",1.6164539214037
"2022-01-14","10 day R","2021-07-26","DE","point","NA",1.41198172653848
"2022-01-14","10 day R","2021-07-26","DE","quantile","0.025",1.18709891452435
"2022-01-14","10 day R","2021-07-26","DE","quantile","0.975",1.63712688064627
"2022-01-14","10 day R","2021-07-27","DE","point","NA",1.42506822464062
"2022-01-14","10 day R","2021-07-27","DE","quantile","0.025",1.20233752574161
"2022-01-14","10 day R","2021-07-27","DE","quantile","0.975",1.65174212763903
"2022-01-14","10 day R","2021-07-28","DE","point","NA",1.43776697502917
"2022-01-14","10 day R","2021-07-28","DE","quantile","0.025",1.21236929631022
"2022-01-14","10 day R","2021-07-28","DE","quantile","0.975",1.66539953825554
"2022-01-14","10 day R","2021-07-29","DE","point","NA",1.42950507748326
"2022-01-14","10 day R","2021-07-29","DE","quantile","0.025",1.20452362021648
"2022-01-14","10 day R","2021-07-29","DE","quantile","0.975",1.65670651104282
"2022-01-14","10 day R","2021-07-30","DE","point","NA",1.41307262525772
"2022-01-14","10 day R","2021-07-30","DE","quantile","0.025",1.18734914267847
"2022-01-14","10 day R","2021-07-30","DE","quantile","0.975",1.64209237900055
"2022-01-14","10 day R","2021-07-31","DE","point","NA",1.39267577550691
"2022-01-14","10 day R","2021-07-31","DE","quantile","0.025",1.16779839043541
"2022-01-14","10 day R","2021-07-31","DE","quantile","0.975",1.61760228268682
"2022-01-14","10 day R","2021-08-01","DE","point","NA",1.38537531287083
"2022-01-14","10 day R","2021-08-01","DE","quantile","0.025",1.15674587348779
"2022-01-14","10 day R","2021-08-01","DE","quantile","0.975",1.6127307172447
"2022-01-14","10 day R","2021-08-02","DE","point","NA",1.38509306219493
"2022-01-14","10 day R","2021-08-02","DE","quantile","0.025",1.15744418238165
"2022-01-14","10 day R","2021-08-02","DE","quantile","0.975",1.61252132764257
"2022-01-14","10 day R","2021-08-03","DE","point","NA",1.39619558207689
"2022-01-14","10 day R","2021-08-03","DE","quantile","0.025",1.17321029267781
"2022-01-14","10 day R","2021-08-03","DE","quantile","0.975",1.61906291574882
"2022-01-14","10 day R","2021-08-04","DE","point","NA",1.41574972674357
"2022-01-14","10 day R","2021-08-04","DE","quantile","0.025",1.19274216206155
"2022-01-14","10 day R","2021-08-04","DE","quantile","0.975",1.63973389164856
"2022-01-14","10 day R","2021-08-05","DE","point","NA",1.43431446721328
"2022-01-14","10 day R","2021-08-05","DE","quantile","0.025",1.21084212288144
"2022-01-14","10 day R","2021-08-05","DE","quantile","0.975",1.65782350828713
"2022-01-14","10 day R","2021-08-06","DE","point","NA",1.45090667427638
"2022-01-14","10 day R","2021-08-06","DE","quantile","0.025",1.22530184708004
"2022-01-14","10 day R","2021-08-06","DE","quantile","0.975",1.67655329383294
"2022-01-14","10 day R","2021-08-07","DE","point","NA",1.45947323974403
"2022-01-14","10 day R","2021-08-07","DE","quantile","0.025",1.23144577063102
"2022-01-14","10 day R","2021-08-07","DE","quantile","0.975",1.68702237142213
"2022-01-14","10 day R","2021-08-08","DE","point","NA",1.46755991975839
"2022-01-14","10 day R","2021-08-08","DE","quantile","0.025",1.24069432960894
"2022-01-14","10 day R","2021-08-08","DE","quantile","0.975",1.69521771576399
"2022-01-14","10 day R","2021-08-09","DE","point","NA",1.48034716632432
"2022-01-14","10 day R","2021-08-09","DE","quantile","0.025",1.25485214404791
"2022-01-14","10 day R","2021-08-09","DE","quantile","0.975",1.70653499482839
"2022-01-14","10 day R","2021-08-10","DE","point","NA",1.50250262312459
"2022-01-14","10 day R","2021-08-10","DE","quantile","0.025",1.27535638712506
"2022-01-14","10 day R","2021-08-10","DE","quantile","0.975",1.72980105893725
"2022-01-14","10 day R","2021-08-11","DE","point","NA",1.55294343680123
"2022-01-14","10 day R","2021-08-11","DE","quantile","0.025",1.3253783357671
"2022-01-14","10 day R","2021-08-11","DE","quantile","0.975",1.78050698112028
"2022-01-14","10 day R","2021-08-12","DE","point","NA",1.59162886662907
"2022-01-14","10 day R","2021-08-12","DE","quantile","0.025",1.36708904544999
"2022-01-14","10 day R","2021-08-12","DE","quantile","0.975",1.81995811406664
"2022-01-14","10 day R","2021-08-13","DE","point","NA",1.61528189220519
"2022-01-14","10 day R","2021-08-13","DE","quantile","0.025",1.39005337549071
"2022-01-14","10 day R","2021-08-13","DE","quantile","0.975",1.83868855932883
"2022-01-14","10 day R","2021-08-14","DE","point","NA",1.61453347053929
"2022-01-14","10 day R","2021-08-14","DE","quantile","0.025",1.38963665035515
"2022-01-14","10 day R","2021-08-14","DE","quantile","0.975",1.84013041997508
"2022-01-14","10 day R","2021-08-15","DE","point","NA",1.60545719222847
"2022-01-14","10 day R","2021-08-15","DE","quantile","0.025",1.38311771476443
"2022-01-14","10 day R","2021-08-15","DE","quantile","0.975",1.82870083028113
"2022-01-14","10 day R","2021-08-16","DE","point","NA",1.60074082578217
"2022-01-14","10 day R","2021-08-16","DE","quantile","0.025",1.37480671571888
"2022-01-14","10 day R","2021-08-16","DE","quantile","0.975",1.82457367989028
"2022-01-14","10 day R","2021-08-17","DE","point","NA",1.60490461370917
"2022-01-14","10 day R","2021-08-17","DE","quantile","0.025",1.37696961034075
"2022-01-14","10 day R","2021-08-17","DE","quantile","0.975",1.82477971531765
"2022-01-14","10 day R","2021-08-18","DE","point","NA",1.64910881657609
"2022-01-14","10 day R","2021-08-18","DE","quantile","0.025",1.42327219587895
"2022-01-14","10 day R","2021-08-18","DE","quantile","0.975",1.87528239903652
"2022-01-14","10 day R","2021-08-19","DE","point","NA",1.66832313810108
"2022-01-14","10 day R","2021-08-19","DE","quantile","0.025",1.44715994507265
"2022-01-14","10 day R","2021-08-19","DE","quantile","0.975",1.89437390347382
"2022-01-14","10 day R","2021-08-20","DE","point","NA",1.68626930662835
"2022-01-14","10 day R","2021-08-20","DE","quantile","0.025",1.46117395126864
"2022-01-14","10 day R","2021-08-20","DE","quantile","0.975",1.91384874520395
"2022-01-14","10 day R","2021-08-21","DE","point","NA",1.66390729028167
"2022-01-14","10 day R","2021-08-21","DE","quantile","0.025",1.43723174915562
"2022-01-14","10 day R","2021-08-21","DE","quantile","0.975",1.89293048378941
"2022-01-14","10 day R","2021-08-22","DE","point","NA",1.65281006391867
"2022-01-14","10 day R","2021-08-22","DE","quantile","0.025",1.42554430277233
"2022-01-14","10 day R","2021-08-22","DE","quantile","0.975",1.88065263924146
"2022-01-14","10 day R","2021-08-23","DE","point","NA",1.6477026510655
"2022-01-14","10 day R","2021-08-23","DE","quantile","0.025",1.41697459766465
"2022-01-14","10 day R","2021-08-23","DE","quantile","0.975",1.87547811147649
"2022-01-14","10 day R","2021-08-24","DE","point","NA",1.64194966437944
"2022-01-14","10 day R","2021-08-24","DE","quantile","0.025",1.41458947549924
"2022-01-14","10 day R","2021-08-24","DE","quantile","0.975",1.87011144570178
"2022-01-14","10 day R","2021-08-25","DE","point","NA",1.55556396751829
"2022-01-14","10 day R","2021-08-25","DE","quantile","0.025",1.329113707314
"2022-01-14","10 day R","2021-08-25","DE","quantile","0.975",1.78277640717604
"2022-01-14","10 day R","2021-08-26","DE","point","NA",1.45588218214127
"2022-01-14","10 day R","2021-08-26","DE","quantile","0.025",1.23022804896613
"2022-01-14","10 day R","2021-08-26","DE","quantile","0.975",1.68322269359388
"2022-01-14","10 day R","2021-08-27","DE","point","NA",1.38318895463972
"2022-01-14","10 day R","2021-08-27","DE","quantile","0.025",1.1558768578077
"2022-01-14","10 day R","2021-08-27","DE","quantile","0.975",1.60910705811752
"2022-01-14","10 day R","2021-08-28","DE","point","NA",1.38066671805356
"2022-01-14","10 day R","2021-08-28","DE","quantile","0.025",1.15781256765819
"2022-01-14","10 day R","2021-08-28","DE","quantile","0.975",1.60698830683475
"2022-01-14","10 day R","2021-08-29","DE","point","NA",1.38330292747491
"2022-01-14","10 day R","2021-08-29","DE","quantile","0.025",1.16029054159914
"2022-01-14","10 day R","2021-08-29","DE","quantile","0.975",1.60664181178304
"2022-01-14","10 day R","2021-08-30","DE","point","NA",1.3913873915595
"2022-01-14","10 day R","2021-08-30","DE","quantile","0.025",1.16451026856592
"2022-01-14","10 day R","2021-08-30","DE","quantile","0.975",1.61702568496308
"2022-01-14","10 day R","2021-08-31","DE","point","NA",1.3850699807391
"2022-01-14","10 day R","2021-08-31","DE","quantile","0.025",1.15949535762117
"2022-01-14","10 day R","2021-08-31","DE","quantile","0.975",1.61057968318462
"2022-01-14","10 day R","2021-09-01","DE","point","NA",1.33056999538037
"2022-01-14","10 day R","2021-09-01","DE","quantile","0.025",1.10544244155766
"2022-01-14","10 day R","2021-09-01","DE","quantile","0.975",1.55560963453462
"2022-01-14","10 day R","2021-09-02","DE","point","NA",1.25957313950836
"2022-01-14","10 day R","2021-09-02","DE","quantile","0.025",1.03188038807662
"2022-01-14","10 day R","2021-09-02","DE","quantile","0.975",1.48521332953011
"2022-01-14","10 day R","2021-09-03","DE","point","NA",1.21484210439598
"2022-01-14","10 day R","2021-09-03","DE","quantile","0.025",0.988020623673313
"2022-01-14","10 day R","2021-09-03","DE","quantile","0.975",1.4419884611516
"2022-01-14","10 day R","2021-09-04","DE","point","NA",1.2092816880311
"2022-01-14","10 day R","2021-09-04","DE","quantile","0.025",0.985381467230675
"2022-01-14","10 day R","2021-09-04","DE","quantile","0.975",1.43687906218858
"2022-01-14","10 day R","2021-09-05","DE","point","NA",1.21153615090144
"2022-01-14","10 day R","2021-09-05","DE","quantile","0.025",0.986644191514358
"2022-01-14","10 day R","2021-09-05","DE","quantile","0.975",1.43644996052725
"2022-01-14","10 day R","2021-09-06","DE","point","NA",1.20143800766288
"2022-01-14","10 day R","2021-09-06","DE","quantile","0.025",0.977090090344304
"2022-01-14","10 day R","2021-09-06","DE","quantile","0.975",1.42916520888495
"2022-01-14","10 day R","2021-09-07","DE","point","NA",1.18496862935478
"2022-01-14","10 day R","2021-09-07","DE","quantile","0.025",0.961182367855868
"2022-01-14","10 day R","2021-09-07","DE","quantile","0.975",1.41108885075095
"2022-01-14","10 day R","2021-09-08","DE","point","NA",1.13185100713523
"2022-01-14","10 day R","2021-09-08","DE","quantile","0.025",0.910369028988087
"2022-01-14","10 day R","2021-09-08","DE","quantile","0.975",1.35777136242446
"2022-01-14","10 day R","2021-09-09","DE","point","NA",1.14427747788825
"2022-01-14","10 day R","2021-09-09","DE","quantile","0.025",0.917298747555059
"2022-01-14","10 day R","2021-09-09","DE","quantile","0.975",1.37072950957516
"2022-01-14","10 day R","2021-09-10","DE","point","NA",1.08604266778069
"2022-01-14","10 day R","2021-09-10","DE","quantile","0.025",0.857257321641395
"2022-01-14","10 day R","2021-09-10","DE","quantile","0.975",1.31439910826005
"2022-01-14","10 day R","2021-09-11","DE","point","NA",1.05841320496998
"2022-01-14","10 day R","2021-09-11","DE","quantile","0.025",0.831679624179574
"2022-01-14","10 day R","2021-09-11","DE","quantile","0.975",1.28276854796183
"2022-01-14","10 day R","2021-09-12","DE","point","NA",1.03226378406171
"2022-01-14","10 day R","2021-09-12","DE","quantile","0.025",0.805227121549186
"2022-01-14","10 day R","2021-09-12","DE","quantile","0.975",1.25370106219145
"2022-01-14","10 day R","2021-09-13","DE","point","NA",1.00187759852103
"2022-01-14","10 day R","2021-09-13","DE","quantile","0.025",0.773154643348107
"2022-01-14","10 day R","2021-09-13","DE","quantile","0.975",1.22682822876362
"2022-01-14","10 day R","2021-09-14","DE","point","NA",0.966531760222874
"2022-01-14","10 day R","2021-09-14","DE","quantile","0.025",0.744301567645201
"2022-01-14","10 day R","2021-09-14","DE","quantile","0.975",1.18663146075585
"2022-01-14","10 day R","2021-09-15","DE","point","NA",0.969135783089745
"2022-01-14","10 day R","2021-09-15","DE","quantile","0.025",0.746006941532745
"2022-01-14","10 day R","2021-09-15","DE","quantile","0.975",1.19433705018659
"2022-01-14","10 day R","2021-09-16","DE","point","NA",0.958415945686947
"2022-01-14","10 day R","2021-09-16","DE","quantile","0.025",0.735091413161952
"2022-01-14","10 day R","2021-09-16","DE","quantile","0.975",1.18252646897098
"2022-01-14","10 day R","2021-09-17","DE","point","NA",0.969331865908443
"2022-01-14","10 day R","2021-09-17","DE","quantile","0.025",0.745773056088461
"2022-01-14","10 day R","2021-09-17","DE","quantile","0.975",1.19611758541803
"2022-01-14","10 day R","2021-09-18","DE","point","NA",0.952425780434085
"2022-01-14","10 day R","2021-09-18","DE","quantile","0.025",0.727113360748332
"2022-01-14","10 day R","2021-09-18","DE","quantile","0.975",1.18098748465046
"2022-01-14","10 day R","2021-09-19","DE","point","NA",0.932625796071447
"2022-01-14","10 day R","2021-09-19","DE","quantile","0.025",0.708167952391336
"2022-01-14","10 day R","2021-09-19","DE","quantile","0.975",1.15746470367135
"2022-01-14","10 day R","2021-09-20","DE","point","NA",0.909092612625033
"2022-01-14","10 day R","2021-09-20","DE","quantile","0.025",0.682755019086666
"2022-01-14","10 day R","2021-09-20","DE","quantile","0.975",1.13384510445038
"2022-01-14","10 day R","2021-09-21","DE","point","NA",0.884625194505076
"2022-01-14","10 day R","2021-09-21","DE","quantile","0.025",0.65975336945459
"2022-01-14","10 day R","2021-09-21","DE","quantile","0.975",1.11227889250874
"2022-01-14","10 day R","2021-09-22","DE","point","NA",0.889652556359057
"2022-01-14","10 day R","2021-09-22","DE","quantile","0.025",0.666555955222554
"2022-01-14","10 day R","2021-09-22","DE","quantile","0.975",1.11724092488689
"2022-01-14","10 day R","2021-09-23","DE","point","NA",0.902053760066289
"2022-01-14","10 day R","2021-09-23","DE","quantile","0.025",0.676313015814028
"2022-01-14","10 day R","2021-09-23","DE","quantile","0.975",1.12704132028294
"2022-01-14","10 day R","2021-09-24","DE","point","NA",0.926986586359744
"2022-01-14","10 day R","2021-09-24","DE","quantile","0.025",0.699107297161197
"2022-01-14","10 day R","2021-09-24","DE","quantile","0.975",1.15379345204971
"2022-01-14","10 day R","2021-09-25","DE","point","NA",0.936827942290861
"2022-01-14","10 day R","2021-09-25","DE","quantile","0.025",0.711397801569819
"2022-01-14","10 day R","2021-09-25","DE","quantile","0.975",1.16091936107285
"2022-01-14","10 day R","2021-09-26","DE","point","NA",0.939921394141034
"2022-01-14","10 day R","2021-09-26","DE","quantile","0.025",0.715827671013202
"2022-01-14","10 day R","2021-09-26","DE","quantile","0.975",1.16356022426113
"2022-01-14","10 day R","2021-09-27","DE","point","NA",0.936282406591925
"2022-01-14","10 day R","2021-09-27","DE","quantile","0.025",0.711527505469997
"2022-01-14","10 day R","2021-09-27","DE","quantile","0.975",1.16090898447945
"2022-01-14","10 day R","2021-09-28","DE","point","NA",0.935310909211237
"2022-01-14","10 day R","2021-09-28","DE","quantile","0.025",0.711682217586686
"2022-01-14","10 day R","2021-09-28","DE","quantile","0.975",1.16147144069068
"2022-01-14","10 day R","2021-09-29","DE","point","NA",0.955294164336902
"2022-01-14","10 day R","2021-09-29","DE","quantile","0.025",0.729117146955355
"2022-01-14","10 day R","2021-09-29","DE","quantile","0.975",1.17718623714906
"2022-01-14","10 day R","2021-09-30","DE","point","NA",0.969656047546163
"2022-01-14","10 day R","2021-09-30","DE","quantile","0.025",0.743835097805637
"2022-01-14","10 day R","2021-09-30","DE","quantile","0.975",1.19271915825345
"2022-01-14","10 day R","2021-10-01","DE","point","NA",0.982910201606966
"2022-01-14","10 day R","2021-10-01","DE","quantile","0.025",0.760716854617054
"2022-01-14","10 day R","2021-10-01","DE","quantile","0.975",1.20585819713398
"2022-01-14","10 day R","2021-10-02","DE","point","NA",0.98788664792066
"2022-01-14","10 day R","2021-10-02","DE","quantile","0.025",0.766157820556308
"2022-01-14","10 day R","2021-10-02","DE","quantile","0.975",1.20835070469236
"2022-01-14","10 day R","2021-10-03","DE","point","NA",0.983909913330834
"2022-01-14","10 day R","2021-10-03","DE","quantile","0.025",0.76275303274899
"2022-01-14","10 day R","2021-10-03","DE","quantile","0.975",1.20433801866385
"2022-01-14","10 day R","2021-10-04","DE","point","NA",0.977403290619726
"2022-01-14","10 day R","2021-10-04","DE","quantile","0.025",0.758926618656609
"2022-01-14","10 day R","2021-10-04","DE","quantile","0.975",1.1984580682491
"2022-01-14","10 day R","2021-10-05","DE","point","NA",0.976189308320462
"2022-01-14","10 day R","2021-10-05","DE","quantile","0.025",0.754071578411867
"2022-01-14","10 day R","2021-10-05","DE","quantile","0.975",1.19893633874393
"2022-01-14","10 day R","2021-10-06","DE","point","NA",0.999560018984356
"2022-01-14","10 day R","2021-10-06","DE","quantile","0.025",0.776456994933631
"2022-01-14","10 day R","2021-10-06","DE","quantile","0.975",1.2223498056636
"2022-01-14","10 day R","2021-10-07","DE","point","NA",1.02754318691935
"2022-01-14","10 day R","2021-10-07","DE","quantile","0.025",0.807740630460299
"2022-01-14","10 day R","2021-10-07","DE","quantile","0.975",1.24986351283273
"2022-01-14","10 day R","2021-10-08","DE","point","NA",1.04666605540456
"2022-01-14","10 day R","2021-10-08","DE","quantile","0.025",0.822560277808594
"2022-01-14","10 day R","2021-10-08","DE","quantile","0.975",1.27170273378749
"2022-01-14","10 day R","2021-10-09","DE","point","NA",1.06211219550033
"2022-01-14","10 day R","2021-10-09","DE","quantile","0.025",0.838013510998071
"2022-01-14","10 day R","2021-10-09","DE","quantile","0.975",1.28799149486491
"2022-01-14","10 day R","2021-10-10","DE","point","NA",1.06575093300801
"2022-01-14","10 day R","2021-10-10","DE","quantile","0.025",0.841955924977404
"2022-01-14","10 day R","2021-10-10","DE","quantile","0.975",1.28924766783539
"2022-01-14","10 day R","2021-10-11","DE","point","NA",1.06151321963754
"2022-01-14","10 day R","2021-10-11","DE","quantile","0.025",0.836857151156048
"2022-01-14","10 day R","2021-10-11","DE","quantile","0.975",1.28603327454185
"2022-01-14","10 day R","2021-10-12","DE","point","NA",1.0596752305631
"2022-01-14","10 day R","2021-10-12","DE","quantile","0.025",0.832407877522936
"2022-01-14","10 day R","2021-10-12","DE","quantile","0.975",1.28816534948274
"2022-01-14","10 day R","2021-10-13","DE","point","NA",1.10544214171413
"2022-01-14","10 day R","2021-10-13","DE","quantile","0.025",0.8805453435259
"2022-01-14","10 day R","2021-10-13","DE","quantile","0.975",1.32931322285966
"2022-01-14","10 day R","2021-10-14","DE","point","NA",1.15762737288195
"2022-01-14","10 day R","2021-10-14","DE","quantile","0.025",0.93173704273057
"2022-01-14","10 day R","2021-10-14","DE","quantile","0.975",1.37993603600795
"2022-01-14","10 day R","2021-10-15","DE","point","NA",1.20805476295881
"2022-01-14","10 day R","2021-10-15","DE","quantile","0.025",0.981560852138176
"2022-01-14","10 day R","2021-10-15","DE","quantile","0.975",1.43206113768609
"2022-01-14","10 day R","2021-10-16","DE","point","NA",1.26068526971352
"2022-01-14","10 day R","2021-10-16","DE","quantile","0.025",1.03752786371321
"2022-01-14","10 day R","2021-10-16","DE","quantile","0.975",1.48622896601473
"2022-01-14","10 day R","2021-10-17","DE","point","NA",1.30094861527641
"2022-01-14","10 day R","2021-10-17","DE","quantile","0.025",1.07579100407203
"2022-01-14","10 day R","2021-10-17","DE","quantile","0.975",1.52651734919125
"2022-01-14","10 day R","2021-10-18","DE","point","NA",1.3457122595563
"2022-01-14","10 day R","2021-10-18","DE","quantile","0.025",1.12179913249649
"2022-01-14","10 day R","2021-10-18","DE","quantile","0.975",1.57273000575533
"2022-01-14","10 day R","2021-10-19","DE","point","NA",1.39395610708506
"2022-01-14","10 day R","2021-10-19","DE","quantile","0.025",1.16698602110337
"2022-01-14","10 day R","2021-10-19","DE","quantile","0.975",1.62149208183852
"2022-01-14","10 day R","2021-10-20","DE","point","NA",1.38873850216048
"2022-01-14","10 day R","2021-10-20","DE","quantile","0.025",1.16361785926737
"2022-01-14","10 day R","2021-10-20","DE","quantile","0.975",1.61632335605316
"2022-01-14","10 day R","2021-10-21","DE","point","NA",1.37992646206533
"2022-01-14","10 day R","2021-10-21","DE","quantile","0.025",1.15427379720127
"2022-01-14","10 day R","2021-10-21","DE","quantile","0.975",1.60585276433467
"2022-01-14","10 day R","2021-10-22","DE","point","NA",1.35522687574293
"2022-01-14","10 day R","2021-10-22","DE","quantile","0.025",1.13290574815434
"2022-01-14","10 day R","2021-10-22","DE","quantile","0.975",1.5782282465236
"2022-01-14","10 day R","2021-10-23","DE","point","NA",1.36232921048112
"2022-01-14","10 day R","2021-10-23","DE","quantile","0.025",1.13564356910211
"2022-01-14","10 day R","2021-10-23","DE","quantile","0.975",1.58743241741343
"2022-01-14","10 day R","2021-10-24","DE","point","NA",1.41816892338152
"2022-01-14","10 day R","2021-10-24","DE","quantile","0.025",1.19119778587434
"2022-01-14","10 day R","2021-10-24","DE","quantile","0.975",1.64147804409934
"2022-01-14","10 day R","2021-10-25","DE","point","NA",1.47460716194972
"2022-01-14","10 day R","2021-10-25","DE","quantile","0.025",1.24807040835589
"2022-01-14","10 day R","2021-10-25","DE","quantile","0.975",1.69700362242198
"2022-01-14","10 day R","2021-10-26","DE","point","NA",1.53596523352481
"2022-01-14","10 day R","2021-10-26","DE","quantile","0.025",1.30991015130984
"2022-01-14","10 day R","2021-10-26","DE","quantile","0.975",1.76092756165242
"2022-01-14","10 day R","2021-10-27","DE","point","NA",1.5362527540753
"2022-01-14","10 day R","2021-10-27","DE","quantile","0.025",1.30920077028315
"2022-01-14","10 day R","2021-10-27","DE","quantile","0.975",1.76558328488926
"2022-01-14","10 day R","2021-10-28","DE","point","NA",1.52194246224586
"2022-01-14","10 day R","2021-10-28","DE","quantile","0.025",1.28991951413373
"2022-01-14","10 day R","2021-10-28","DE","quantile","0.975",1.75656727147656
"2022-01-14","10 day R","2021-10-29","DE","point","NA",1.59009428103565
"2022-01-14","10 day R","2021-10-29","DE","quantile","0.025",1.347680683191
"2022-01-14","10 day R","2021-10-29","DE","quantile","0.975",1.82880391502725
"2022-01-14","10 day R","2021-10-30","DE","point","NA",1.59218438002614
"2022-01-14","10 day R","2021-10-30","DE","quantile","0.025",1.34468951443707
"2022-01-14","10 day R","2021-10-30","DE","quantile","0.975",1.84520871302686
"2022-01-14","10 day R","2021-10-31","DE","point","NA",1.59177417320503
"2022-01-14","10 day R","2021-10-31","DE","quantile","0.025",1.32621026748776
"2022-01-14","10 day R","2021-10-31","DE","quantile","0.975",1.85605033554234
"2022-01-14","10 day R","2021-11-01","DE","point","NA",1.5913619468404
"2022-01-14","10 day R","2021-11-01","DE","quantile","0.025",1.32901119132472
"2022-01-14","10 day R","2021-11-01","DE","quantile","0.975",1.85452706201839
"2022-01-14","10 day R","2021-11-02","DE","point","NA",1.59119900731402
"2022-01-14","10 day R","2021-11-02","DE","quantile","0.025",1.34739315382645
"2022-01-14","10 day R","2021-11-02","DE","quantile","0.975",1.84543873698209
"2022-01-14","10 day R","2021-11-03","DE","point","NA",1.59947476129128
"2022-01-14","10 day R","2021-11-03","DE","quantile","0.025",1.36254000976775
"2022-01-14","10 day R","2021-11-03","DE","quantile","0.975",1.84506706508053
"2022-01-14","10 day R","2021-11-04","DE","point","NA",1.60465402204486
"2022-01-14","10 day R","2021-11-04","DE","quantile","0.025",1.3725310503735
"2022-01-14","10 day R","2021-11-04","DE","quantile","0.975",1.84017777507971
"2022-01-14","10 day R","2021-11-05","DE","point","NA",1.57105672939432
"2022-01-14","10 day R","2021-11-05","DE","quantile","0.025",1.34372977331393
"2022-01-14","10 day R","2021-11-05","DE","quantile","0.975",1.80204278900732
"2022-01-14","10 day R","2021-11-06","DE","point","NA",1.54878138316043
"2022-01-14","10 day R","2021-11-06","DE","quantile","0.025",1.32256080163719
"2022-01-14","10 day R","2021-11-06","DE","quantile","0.975",1.77738951510666
"2022-01-14","10 day R","2021-11-07","DE","point","NA",1.5249643763695
"2022-01-14","10 day R","2021-11-07","DE","quantile","0.025",1.29858149037411
"2022-01-14","10 day R","2021-11-07","DE","quantile","0.975",1.7489991743563
"2022-01-14","10 day R","2021-11-08","DE","point","NA",1.52308252744179
"2022-01-14","10 day R","2021-11-08","DE","quantile","0.025",1.29898863409647
"2022-01-14","10 day R","2021-11-08","DE","quantile","0.975",1.74924296559128
"2022-01-14","10 day R","2021-11-09","DE","point","NA",1.52351546020566
"2022-01-14","10 day R","2021-11-09","DE","quantile","0.025",1.29680981204299
"2022-01-14","10 day R","2021-11-09","DE","quantile","0.975",1.75208069759486
"2022-01-14","10 day R","2021-11-10","DE","point","NA",1.53159709599798
"2022-01-14","10 day R","2021-11-10","DE","quantile","0.025",1.30765552323088
"2022-01-14","10 day R","2021-11-10","DE","quantile","0.975",1.75905109726711
"2022-01-14","10 day R","2021-11-11","DE","point","NA",1.52866946018134
"2022-01-14","10 day R","2021-11-11","DE","quantile","0.025",1.30199073981649
"2022-01-14","10 day R","2021-11-11","DE","quantile","0.975",1.75451206470726
"2022-01-14","10 day R","2021-11-12","DE","point","NA",1.50883785355871
"2022-01-14","10 day R","2021-11-12","DE","quantile","0.025",1.28149695193302
"2022-01-14","10 day R","2021-11-12","DE","quantile","0.975",1.73489720138502
"2022-01-14","10 day R","2021-11-13","DE","point","NA",1.49082498661213
"2022-01-14","10 day R","2021-11-13","DE","quantile","0.025",1.26448789590557
"2022-01-14","10 day R","2021-11-13","DE","quantile","0.975",1.71994458903723
"2022-01-14","10 day R","2021-11-14","DE","point","NA",1.46876630076761
"2022-01-14","10 day R","2021-11-14","DE","quantile","0.025",1.24262304779002
"2022-01-14","10 day R","2021-11-14","DE","quantile","0.975",1.69656610417925
"2022-01-14","10 day R","2021-11-15","DE","point","NA",1.45603014765727
"2022-01-14","10 day R","2021-11-15","DE","quantile","0.025",1.23011573580595
"2022-01-14","10 day R","2021-11-15","DE","quantile","0.975",1.6832947076846
"2022-01-14","10 day R","2021-11-16","DE","point","NA",1.44399957641463
"2022-01-14","10 day R","2021-11-16","DE","quantile","0.025",1.21624455883542
"2022-01-14","10 day R","2021-11-16","DE","quantile","0.975",1.66841624146322
"2022-01-14","10 day R","2021-11-17","DE","point","NA",1.44214163137689
"2022-01-14","10 day R","2021-11-17","DE","quantile","0.025",1.21690039398375
"2022-01-14","10 day R","2021-11-17","DE","quantile","0.975",1.66868174685352
"2022-01-14","10 day R","2021-11-18","DE","point","NA",1.42796296696807
"2022-01-14","10 day R","2021-11-18","DE","quantile","0.025",1.20496789010072
"2022-01-14","10 day R","2021-11-18","DE","quantile","0.975",1.65301401947232
"2022-01-14","10 day R","2021-11-19","DE","point","NA",1.41694307644328
"2022-01-14","10 day R","2021-11-19","DE","quantile","0.025",1.18992846897607
"2022-01-14","10 day R","2021-11-19","DE","quantile","0.975",1.6444603190537
"2022-01-14","10 day R","2021-11-20","DE","point","NA",1.40346655803217
"2022-01-14","10 day R","2021-11-20","DE","quantile","0.025",1.17749153349402
"2022-01-14","10 day R","2021-11-20","DE","quantile","0.975",1.62744036495894
"2022-01-14","10 day R","2021-11-21","DE","point","NA",1.38341166822052
"2022-01-14","10 day R","2021-11-21","DE","quantile","0.025",1.1597475819315
"2022-01-14","10 day R","2021-11-21","DE","quantile","0.975",1.60741168449703
"2022-01-14","10 day R","2021-11-22","DE","point","NA",1.36193062219021
"2022-01-14","10 day R","2021-11-22","DE","quantile","0.025",1.13466331674469
"2022-01-14","10 day R","2021-11-22","DE","quantile","0.975",1.58518418721304
"2022-01-14","10 day R","2021-11-23","DE","point","NA",1.33305407835227
"2022-01-14","10 day R","2021-11-23","DE","quantile","0.025",1.10396616577422
"2022-01-14","10 day R","2021-11-23","DE","quantile","0.975",1.55742237293546
"2022-01-14","10 day R","2021-11-24","DE","point","NA",1.31189056889734
"2022-01-14","10 day R","2021-11-24","DE","quantile","0.025",1.08448288477617
"2022-01-14","10 day R","2021-11-24","DE","quantile","0.975",1.53455257747661
"2022-01-14","10 day R","2021-11-25","DE","point","NA",1.28654163209348
"2022-01-14","10 day R","2021-11-25","DE","quantile","0.025",1.06232164595818
"2022-01-14","10 day R","2021-11-25","DE","quantile","0.975",1.51186836138236
"2022-01-14","10 day R","2021-11-26","DE","point","NA",1.26196240200837
"2022-01-14","10 day R","2021-11-26","DE","quantile","0.025",1.03600569477862
"2022-01-14","10 day R","2021-11-26","DE","quantile","0.975",1.48397883258124
"2022-01-14","10 day R","2021-11-27","DE","point","NA",1.23062179175629
"2022-01-14","10 day R","2021-11-27","DE","quantile","0.025",1.00663036925184
"2022-01-14","10 day R","2021-11-27","DE","quantile","0.975",1.45512973183572
"2022-01-14","10 day R","2021-11-28","DE","point","NA",1.19969808460344
"2022-01-14","10 day R","2021-11-28","DE","quantile","0.025",0.975292917620569
"2022-01-14","10 day R","2021-11-28","DE","quantile","0.975",1.42349601244826
"2022-01-14","10 day R","2021-11-29","DE","point","NA",1.17092151014985
"2022-01-14","10 day R","2021-11-29","DE","quantile","0.025",0.946645052081087
"2022-01-14","10 day R","2021-11-29","DE","quantile","0.975",1.39703393404616
"2022-01-14","10 day R","2021-11-30","DE","point","NA",1.12970509995536
"2022-01-14","10 day R","2021-11-30","DE","quantile","0.025",0.903250915078876
"2022-01-14","10 day R","2021-11-30","DE","quantile","0.975",1.35302938635987
"2022-01-14","10 day R","2021-12-01","DE","point","NA",1.11143185854151
"2022-01-14","10 day R","2021-12-01","DE","quantile","0.025",0.884432118869829
"2022-01-14","10 day R","2021-12-01","DE","quantile","0.975",1.33821653891006
"2022-01-14","10 day R","2021-12-02","DE","point","NA",1.09084457991871
"2022-01-14","10 day R","2021-12-02","DE","quantile","0.025",0.866371944412553
"2022-01-14","10 day R","2021-12-02","DE","quantile","0.975",1.31714986366241
"2022-01-14","10 day R","2021-12-03","DE","point","NA",1.08016118836469
"2022-01-14","10 day R","2021-12-03","DE","quantile","0.025",0.856894084309333
"2022-01-14","10 day R","2021-12-03","DE","quantile","0.975",1.30512829316357
"2022-01-14","10 day R","2021-12-04","DE","point","NA",1.05665194077923
"2022-01-14","10 day R","2021-12-04","DE","quantile","0.025",0.832371554288735
"2022-01-14","10 day R","2021-12-04","DE","quantile","0.975",1.28335458522806
"2022-01-14","10 day R","2021-12-05","DE","point","NA",1.02774856467263
"2022-01-14","10 day R","2021-12-05","DE","quantile","0.025",0.801785491733281
"2022-01-14","10 day R","2021-12-05","DE","quantile","0.975",1.25127197229988
"2022-01-14","10 day R","2021-12-06","DE","point","NA",0.994156090116066
"2022-01-14","10 day R","2021-12-06","DE","quantile","0.025",0.7684397968798
"2022-01-14","10 day R","2021-12-06","DE","quantile","0.975",1.21830673680452
"2022-01-14","10 day R","2021-12-07","DE","point","NA",0.991563544801734
"2022-01-14","10 day R","2021-12-07","DE","quantile","0.025",0.766815715659046
"2022-01-14","10 day R","2021-12-07","DE","quantile","0.975",1.21570667007429
"2022-01-14","10 day R","2021-12-08","DE","point","NA",0.963760423989375
"2022-01-14","10 day R","2021-12-08","DE","quantile","0.025",0.741644022213259
"2022-01-14","10 day R","2021-12-08","DE","quantile","0.975",1.18635503222943
"2022-01-14","10 day R","2021-12-09","DE","point","NA",0.998318852580265
"2022-01-14","10 day R","2021-12-09","DE","quantile","0.025",0.772683078361677
"2022-01-14","10 day R","2021-12-09","DE","quantile","0.975",1.226022354809
"2022-01-14","10 day R","2021-12-10","DE","point","NA",0.981370346554259
"2022-01-14","10 day R","2021-12-10","DE","quantile","0.025",0.754100569668803
"2022-01-14","10 day R","2021-12-10","DE","quantile","0.975",1.20724698018996
"2022-01-14","10 day R","2021-12-11","DE","point","NA",0.945206355496639
"2022-01-14","10 day R","2021-12-11","DE","quantile","0.025",0.720238312221258
"2022-01-14","10 day R","2021-12-11","DE","quantile","0.975",1.17032766526595
"2022-01-14","10 day R","2021-12-12","DE","point","NA",0.918081199516231
"2022-01-14","10 day R","2021-12-12","DE","quantile","0.025",0.694022639029808
"2022-01-14","10 day R","2021-12-12","DE","quantile","0.975",1.14015452192301
"2022-01-14","10 day R","2021-12-13","DE","point","NA",0.880056556999173
"2022-01-14","10 day R","2021-12-13","DE","quantile","0.025",0.656919714715993
"2022-01-14","10 day R","2021-12-13","DE","quantile","0.975",1.10136662934944
"2022-01-14","10 day R","2021-12-14","DE","point","NA",0.833378700247649
"2022-01-14","10 day R","2021-12-14","DE","quantile","0.025",0.606665815392663
"2022-01-14","10 day R","2021-12-14","DE","quantile","0.975",1.05621022721167
"2022-01-14","10 day R","2021-12-15","DE","point","NA",0.821664243231289
"2022-01-14","10 day R","2021-12-15","DE","quantile","0.025",0.591850488346096
"2022-01-14","10 day R","2021-12-15","DE","quantile","0.975",1.04635717954746
"2022-01-14","10 day R","2021-12-16","DE","point","NA",0.813309818372448
"2022-01-14","10 day R","2021-12-16","DE","quantile","0.025",0.578740502232722
"2022-01-14","10 day R","2021-12-16","DE","quantile","0.975",1.04216151269108
"2022-01-14","10 day R","2021-12-17","DE","point","NA",0.824443859930256
"2022-01-14","10 day R","2021-12-17","DE","quantile","0.025",0.58760312304225
"2022-01-14","10 day R","2021-12-17","DE","quantile","0.975",1.05994766990511
"2022-01-14","10 day R","2021-12-18","DE","point","NA",0.855534364830242
"2022-01-14","10 day R","2021-12-18","DE","quantile","0.025",0.608012881267448
"2022-01-14","10 day R","2021-12-18","DE","quantile","0.975",1.10219448542639
"2022-01-14","10 day R","2021-12-19","DE","point","NA",0.83218085601207
"2022-01-14","10 day R","2021-12-19","DE","quantile","0.025",0.571393112207345
"2022-01-14","10 day R","2021-12-19","DE","quantile","0.975",1.09355556857397
"2022-01-14","10 day R","2021-12-20","DE","point","NA",0.809611667295699
"2022-01-14","10 day R","2021-12-20","DE","quantile","0.025",0.546028948062139
"2022-01-14","10 day R","2021-12-20","DE","quantile","0.975",1.07247391664503
"2022-01-14","10 day R","2021-12-21","DE","point","NA",0.786512409577648
"2022-01-14","10 day R","2021-12-21","DE","quantile","0.025",0.534758667744826
"2022-01-14","10 day R","2021-12-21","DE","quantile","0.975",1.03534283036529
"2022-01-14","10 day R","2021-12-22","DE","point","NA",0.74437341643943
"2022-01-14","10 day R","2021-12-22","DE","quantile","0.025",0.499305423773588
"2022-01-14","10 day R","2021-12-22","DE","quantile","0.975",0.986908537197311
"2022-01-14","10 day R","2021-12-23","DE","point","NA",0.725072880437373
"2022-01-14","10 day R","2021-12-23","DE","quantile","0.025",0.485508657099435
"2022-01-14","10 day R","2021-12-23","DE","quantile","0.975",0.959582211086948
"2022-01-14","10 day R","2021-12-24","DE","point","NA",0.731816296892553
"2022-01-14","10 day R","2021-12-24","DE","quantile","0.025",0.495772501587204
"2022-01-14","10 day R","2021-12-24","DE","quantile","0.975",0.961433594213928
"2022-01-14","10 day R","2021-12-25","DE","point","NA",0.770671316362113
"2022-01-14","10 day R","2021-12-25","DE","quantile","0.025",0.540665510017615
"2022-01-14","10 day R","2021-12-25","DE","quantile","0.975",0.998923888259273
"2022-01-14","10 day R","2021-12-26","DE","point","NA",0.809204956784045
"2022-01-14","10 day R","2021-12-26","DE","quantile","0.025",0.579608923624395
"2022-01-14","10 day R","2021-12-26","DE","quantile","0.975",1.03464023591286
"2022-01-14","10 day R","2021-12-27","DE","point","NA",0.83390249701703
"2022-01-14","10 day R","2021-12-27","DE","quantile","0.025",0.60539023195272
"2022-01-14","10 day R","2021-12-27","DE","quantile","0.975",1.06041934988272
"2022-01-14","10 day R","2021-12-28","DE","point","NA",0.864223421078023
"2022-01-14","10 day R","2021-12-28","DE","quantile","0.025",0.63372890806334
"2022-01-14","10 day R","2021-12-28","DE","quantile","0.975",1.09016534462106
"2022-01-14","10 day R","2021-12-29","DE","point","NA",0.942313059877381
"2022-01-14","10 day R","2021-12-29","DE","quantile","0.025",0.717807583656374
"2022-01-14","10 day R","2021-12-29","DE","quantile","0.975",1.16891413516436
"2022-01-14","10 day R","2021-12-30","DE","point","NA",0.965038679806576
"2022-01-14","10 day R","2021-12-30","DE","quantile","0.025",0.738816266236133
"2022-01-14","10 day R","2021-12-30","DE","quantile","0.975",1.18980952453258
"2022-01-14","10 day R","2021-12-31","DE","point","NA",0.990662043204896
"2022-01-14","10 day R","2021-12-31","DE","quantile","0.025",0.762780688104797
"2022-01-14","10 day R","2021-12-31","DE","quantile","0.975",1.21574527167406
"2022-01-14","10 day R","2022-01-01","DE","point","NA",1.03324716865482
"2022-01-14","10 day R","2022-01-01","DE","quantile","0.025",0.811847110109206
"2022-01-14","10 day R","2022-01-01","DE","quantile","0.975",1.25977118751093
"2022-01-14","10 day R","2022-01-02","DE","point","NA",1.12200125964614
"2022-01-14","10 day R","2022-01-02","DE","quantile","0.025",0.896110705489072
"2022-01-14","10 day R","2022-01-02","DE","quantile","0.975",1.34669187887175
"2022-01-14","10 day R","2022-01-03","DE","point","NA",1.21495291192238
"2022-01-14","10 day R","2022-01-03","DE","quantile","0.025",0.988304615984482
"2022-01-14","10 day R","2022-01-03","DE","quantile","0.975",1.44221762343899
"2022-01-14","10 day R","2022-01-04","DE","point","NA",1.24043420188273
"2022-01-14","10 day R","2022-01-04","DE","quantile","0.025",1.01328604771424
"2022-01-14","10 day R","2022-01-04","DE","quantile","0.975",1.46607384716227
"2022-01-14","10 day R","2022-01-05","DE","point","NA",1.27260614664694
"2022-01-14","10 day R","2022-01-05","DE","quantile","0.025",1.04191877659333
"2022-01-14","10 day R","2022-01-05","DE","quantile","0.975",1.50002685676409
"2022-01-14","10 day R","2022-01-06","DE","point","NA",1.29899919629541
"2022-01-14","10 day R","2022-01-06","DE","quantile","0.025",1.06811955867461
"2022-01-14","10 day R","2022-01-06","DE","quantile","0.975",1.53116319536169
"2022-01-14","10 day R","2022-01-07","DE","point","NA",1.32070135179477
"2022-01-14","10 day R","2022-01-07","DE","quantile","0.025",1.08530186350636
"2022-01-14","10 day R","2022-01-07","DE","quantile","0.975",1.55447185354086
"2022-01-14","10 day R","2022-01-08","DE","point","NA",1.32706939936109
"2022-01-14","10 day R","2022-01-08","DE","quantile","0.025",1.08773267390313
"2022-01-14","10 day R","2022-01-08","DE","quantile","0.975",1.56909254439268
"2022-01-14","10 day R","2022-01-09","DE","point","NA",1.33963521441225
"2022-01-14","10 day R","2022-01-09","DE","quantile","0.025",1.08445347792803
"2022-01-14","10 day R","2022-01-09","DE","quantile","0.975",1.59218699933064
"2022-01-14","10 day R","2022-01-10","DE","point","NA",1.3665191393815
"2022-01-14","10 day R","2022-01-10","DE","quantile","0.025",1.08668413851437
"2022-01-14","10 day R","2022-01-10","DE","quantile","0.975",1.64648703782152
"2022-01-14","10 day R","2022-01-11","DE","point","NA",1.43831778373825
"2022-01-14","10 day R","2022-01-11","DE","quantile","0.025",1.12517832140735
"2022-01-14","10 day R","2022-01-11","DE","quantile","0.975",1.75752759486946
"2022-01-13","10 day R","2020-03-09","AT","point","NA",3.83791525077378
"2022-01-13","10 day R","2020-03-09","AT","quantile","0.025",3.51167287010316
"2022-01-13","10 day R","2020-03-09","AT","quantile","0.975",4.1635170138232
"2022-01-13","10 day R","2020-03-10","AT","point","NA",3.93405097297517
"2022-01-13","10 day R","2020-03-10","AT","quantile","0.025",3.65456892035659
"2022-01-13","10 day R","2020-03-10","AT","quantile","0.975",4.21129464086239
"2022-01-13","10 day R","2020-03-11","AT","point","NA",4.04652093484962
"2022-01-13","10 day R","2020-03-11","AT","quantile","0.025",3.78684845002543
"2022-01-13","10 day R","2020-03-11","AT","quantile","0.975",4.30203464649791
"2022-01-13","10 day R","2020-03-12","AT","point","NA",4.13119147842767
"2022-01-13","10 day R","2020-03-12","AT","quantile","0.025",3.88075288642568
"2022-01-13","10 day R","2020-03-12","AT","quantile","0.975",4.38188167838062
"2022-01-13","10 day R","2020-03-13","AT","point","NA",4.34664471304758
"2022-01-13","10 day R","2020-03-13","AT","quantile","0.025",4.08073718762068
"2022-01-13","10 day R","2020-03-13","AT","quantile","0.975",4.61912834000191
"2022-01-13","10 day R","2020-03-14","AT","point","NA",4.10291706770538
"2022-01-13","10 day R","2020-03-14","AT","quantile","0.025",3.8541391028617
"2022-01-13","10 day R","2020-03-14","AT","quantile","0.975",4.35551410703678
"2022-01-13","10 day R","2020-03-15","AT","point","NA",3.81707065033104
"2022-01-13","10 day R","2020-03-15","AT","quantile","0.025",3.57744527309299
"2022-01-13","10 day R","2020-03-15","AT","quantile","0.975",4.05535668034141
"2022-01-13","10 day R","2020-03-16","AT","point","NA",3.57618062277062
"2022-01-13","10 day R","2020-03-16","AT","quantile","0.025",3.33575192555278
"2022-01-13","10 day R","2020-03-16","AT","quantile","0.975",3.81007817628484
"2022-01-13","10 day R","2020-03-17","AT","point","NA",3.46623590884719
"2022-01-13","10 day R","2020-03-17","AT","quantile","0.025",3.22419940063506
"2022-01-13","10 day R","2020-03-17","AT","quantile","0.975",3.70306292632675
"2022-01-13","10 day R","2020-03-18","AT","point","NA",3.30395115372471
"2022-01-13","10 day R","2020-03-18","AT","quantile","0.025",3.06378608816939
"2022-01-13","10 day R","2020-03-18","AT","quantile","0.975",3.54030446379053
"2022-01-13","10 day R","2020-03-19","AT","point","NA",3.10233138865024
"2022-01-13","10 day R","2020-03-19","AT","quantile","0.025",2.86246613257796
"2022-01-13","10 day R","2020-03-19","AT","quantile","0.975",3.34024730072546
"2022-01-13","10 day R","2020-03-20","AT","point","NA",2.89999687755537
"2022-01-13","10 day R","2020-03-20","AT","quantile","0.025",2.65649240790851
"2022-01-13","10 day R","2020-03-20","AT","quantile","0.975",3.14317670557389
"2022-01-13","10 day R","2020-03-21","AT","point","NA",2.93859255224388
"2022-01-13","10 day R","2020-03-21","AT","quantile","0.025",2.70174031381084
"2022-01-13","10 day R","2020-03-21","AT","quantile","0.975",3.17515613373288
"2022-01-13","10 day R","2020-03-22","AT","point","NA",2.97818516651638
"2022-01-13","10 day R","2020-03-22","AT","quantile","0.025",2.73526709321757
"2022-01-13","10 day R","2020-03-22","AT","quantile","0.975",3.22251434271703
"2022-01-13","10 day R","2020-03-23","AT","point","NA",2.85860849750747
"2022-01-13","10 day R","2020-03-23","AT","quantile","0.025",2.61254264014813
"2022-01-13","10 day R","2020-03-23","AT","quantile","0.975",3.10315562359722
"2022-01-13","10 day R","2020-03-24","AT","point","NA",2.55349979126527
"2022-01-13","10 day R","2020-03-24","AT","quantile","0.025",2.31296672736912
"2022-01-13","10 day R","2020-03-24","AT","quantile","0.975",2.79388455357095
"2022-01-13","10 day R","2020-03-25","AT","point","NA",2.2763320184489
"2022-01-13","10 day R","2020-03-25","AT","quantile","0.025",2.0386189556271
"2022-01-13","10 day R","2020-03-25","AT","quantile","0.975",2.5157537463779
"2022-01-13","10 day R","2020-03-26","AT","point","NA",2.17574800726527
"2022-01-13","10 day R","2020-03-26","AT","quantile","0.025",1.93708679280234
"2022-01-13","10 day R","2020-03-26","AT","quantile","0.975",2.41405698023396
"2022-01-13","10 day R","2020-03-27","AT","point","NA",1.84784756680416
"2022-01-13","10 day R","2020-03-27","AT","quantile","0.025",1.60540004216592
"2022-01-13","10 day R","2020-03-27","AT","quantile","0.975",2.08622474643731
"2022-01-13","10 day R","2020-03-28","AT","point","NA",1.63599479168875
"2022-01-13","10 day R","2020-03-28","AT","quantile","0.025",1.39493756818563
"2022-01-13","10 day R","2020-03-28","AT","quantile","0.975",1.87450561182922
"2022-01-13","10 day R","2020-03-29","AT","point","NA",1.45973920397971
"2022-01-13","10 day R","2020-03-29","AT","quantile","0.025",1.21953400769217
"2022-01-13","10 day R","2020-03-29","AT","quantile","0.975",1.69829590854288
"2022-01-13","10 day R","2020-03-30","AT","point","NA",1.36689166811471
"2022-01-13","10 day R","2020-03-30","AT","quantile","0.025",1.13065847077412
"2022-01-13","10 day R","2020-03-30","AT","quantile","0.975",1.60608172157697
"2022-01-13","10 day R","2020-03-31","AT","point","NA",1.20180983117598
"2022-01-13","10 day R","2020-03-31","AT","quantile","0.025",0.962127120763028
"2022-01-13","10 day R","2020-03-31","AT","quantile","0.975",1.43940084328146
"2022-01-13","10 day R","2020-04-01","AT","point","NA",1.06881762565674
"2022-01-13","10 day R","2020-04-01","AT","quantile","0.025",0.829176353434926
"2022-01-13","10 day R","2020-04-01","AT","quantile","0.975",1.30514082274599
"2022-01-13","10 day R","2020-04-02","AT","point","NA",0.88918637729544
"2022-01-13","10 day R","2020-04-02","AT","quantile","0.025",0.65059093189881
"2022-01-13","10 day R","2020-04-02","AT","quantile","0.975",1.12723310423525
"2022-01-13","10 day R","2020-04-03","AT","point","NA",0.776500404571928
"2022-01-13","10 day R","2020-04-03","AT","quantile","0.025",0.534023435506921
"2022-01-13","10 day R","2020-04-03","AT","quantile","0.975",1.01609231390049
"2022-01-13","10 day R","2020-04-04","AT","point","NA",0.722710524878985
"2022-01-13","10 day R","2020-04-04","AT","quantile","0.025",0.481742342283839
"2022-01-13","10 day R","2020-04-04","AT","quantile","0.975",0.962686760035746
"2022-01-13","10 day R","2020-04-05","AT","point","NA",0.695206444262087
"2022-01-13","10 day R","2020-04-05","AT","quantile","0.025",0.456039584190359
"2022-01-13","10 day R","2020-04-05","AT","quantile","0.975",0.935927742512429
"2022-01-13","10 day R","2020-04-06","AT","point","NA",0.687353944948359
"2022-01-13","10 day R","2020-04-06","AT","quantile","0.025",0.451239872893744
"2022-01-13","10 day R","2020-04-06","AT","quantile","0.975",0.925250691005342
"2022-01-13","10 day R","2020-04-07","AT","point","NA",0.692299323481638
"2022-01-13","10 day R","2020-04-07","AT","quantile","0.025",0.452543281950364
"2022-01-13","10 day R","2020-04-07","AT","quantile","0.975",0.930678333732724
"2022-01-13","10 day R","2020-04-08","AT","point","NA",0.683640621163191
"2022-01-13","10 day R","2020-04-08","AT","quantile","0.025",0.443759515127271
"2022-01-13","10 day R","2020-04-08","AT","quantile","0.975",0.920202625399434
"2022-01-13","10 day R","2020-04-09","AT","point","NA",0.63330844138881
"2022-01-13","10 day R","2020-04-09","AT","quantile","0.025",0.392696185553919
"2022-01-13","10 day R","2020-04-09","AT","quantile","0.975",0.871911446671588
"2022-01-13","10 day R","2020-04-10","AT","point","NA",0.592791984565532
"2022-01-13","10 day R","2020-04-10","AT","quantile","0.025",0.356667883810813
"2022-01-13","10 day R","2020-04-10","AT","quantile","0.975",0.830750839707574
"2022-01-13","10 day R","2020-04-11","AT","point","NA",0.559946184020907
"2022-01-13","10 day R","2020-04-11","AT","quantile","0.025",0.324528572184734
"2022-01-13","10 day R","2020-04-11","AT","quantile","0.975",0.797304886441358
"2022-01-13","10 day R","2020-04-12","AT","point","NA",0.509788678338098
"2022-01-13","10 day R","2020-04-12","AT","quantile","0.025",0.272262875598134
"2022-01-13","10 day R","2020-04-12","AT","quantile","0.975",0.748236423133219
"2022-01-13","10 day R","2020-04-13","AT","point","NA",0.47764497053023
"2022-01-13","10 day R","2020-04-13","AT","quantile","0.025",0.239548295922141
"2022-01-13","10 day R","2020-04-13","AT","quantile","0.975",0.712489446588717
"2022-01-13","10 day R","2020-04-14","AT","point","NA",0.460309187663892
"2022-01-13","10 day R","2020-04-14","AT","quantile","0.025",0.224454280787953
"2022-01-13","10 day R","2020-04-14","AT","quantile","0.975",0.694882693446876
"2022-01-13","10 day R","2020-04-15","AT","point","NA",0.431977748368584
"2022-01-13","10 day R","2020-04-15","AT","quantile","0.025",0.197957970655043
"2022-01-13","10 day R","2020-04-15","AT","quantile","0.975",0.664099099282575
"2022-01-13","10 day R","2020-04-16","AT","point","NA",0.392835174989365
"2022-01-13","10 day R","2020-04-16","AT","quantile","0.025",0.15957084980393
"2022-01-13","10 day R","2020-04-16","AT","quantile","0.975",0.625280066849096
"2022-01-13","10 day R","2020-04-17","AT","point","NA",0.361879871946848
"2022-01-13","10 day R","2020-04-17","AT","quantile","0.025",0.123828034868276
"2022-01-13","10 day R","2020-04-17","AT","quantile","0.975",0.595964379650803
"2022-01-13","10 day R","2020-04-18","AT","point","NA",0.34918471076807
"2022-01-13","10 day R","2020-04-18","AT","quantile","0.025",0.110309999945195
"2022-01-13","10 day R","2020-04-18","AT","quantile","0.975",0.586082585821413
"2022-01-13","10 day R","2020-04-19","AT","point","NA",0.351593237892026
"2022-01-13","10 day R","2020-04-19","AT","quantile","0.025",0.114601418992325
"2022-01-13","10 day R","2020-04-19","AT","quantile","0.975",0.585419570535641
"2022-01-13","10 day R","2020-04-20","AT","point","NA",0.354050733174491
"2022-01-13","10 day R","2020-04-20","AT","quantile","0.025",0.116452668915547
"2022-01-13","10 day R","2020-04-20","AT","quantile","0.975",0.59294936814312
"2022-01-13","10 day R","2020-04-21","AT","point","NA",0.354599702535578
"2022-01-13","10 day R","2020-04-21","AT","quantile","0.025",0.11870822396812
"2022-01-13","10 day R","2020-04-21","AT","quantile","0.975",0.596244422049685
"2022-01-13","10 day R","2020-04-22","AT","point","NA",0.362022153369037
"2022-01-13","10 day R","2020-04-22","AT","quantile","0.025",0.125551762784219
"2022-01-13","10 day R","2020-04-22","AT","quantile","0.975",0.599159405806397
"2022-01-13","10 day R","2020-04-23","AT","point","NA",0.3656067700015
"2022-01-13","10 day R","2020-04-23","AT","quantile","0.025",0.128365713638073
"2022-01-13","10 day R","2020-04-23","AT","quantile","0.975",0.600416939621773
"2022-01-13","10 day R","2020-04-24","AT","point","NA",0.37899803450782
"2022-01-13","10 day R","2020-04-24","AT","quantile","0.025",0.140981168569778
"2022-01-13","10 day R","2020-04-24","AT","quantile","0.975",0.610023518950346
"2022-01-13","10 day R","2020-04-25","AT","point","NA",0.413476369855915
"2022-01-13","10 day R","2020-04-25","AT","quantile","0.025",0.177245234715115
"2022-01-13","10 day R","2020-04-25","AT","quantile","0.975",0.647375934737577
"2022-01-13","10 day R","2020-04-26","AT","point","NA",0.444636385140668
"2022-01-13","10 day R","2020-04-26","AT","quantile","0.025",0.208596678757148
"2022-01-13","10 day R","2020-04-26","AT","quantile","0.975",0.681391351282607
"2022-01-13","10 day R","2020-04-27","AT","point","NA",0.45916547315778
"2022-01-13","10 day R","2020-04-27","AT","quantile","0.025",0.224187095163584
"2022-01-13","10 day R","2020-04-27","AT","quantile","0.975",0.698354862019029
"2022-01-13","10 day R","2020-04-28","AT","point","NA",0.459907099933513
"2022-01-13","10 day R","2020-04-28","AT","quantile","0.025",0.220854778177761
"2022-01-13","10 day R","2020-04-28","AT","quantile","0.975",0.697064164569738
"2022-01-13","10 day R","2020-04-29","AT","point","NA",0.44320371225053
"2022-01-13","10 day R","2020-04-29","AT","quantile","0.025",0.204230814747858
"2022-01-13","10 day R","2020-04-29","AT","quantile","0.975",0.680530265848997
"2022-01-13","10 day R","2020-04-30","AT","point","NA",0.420153544779962
"2022-01-13","10 day R","2020-04-30","AT","quantile","0.025",0.186267107758825
"2022-01-13","10 day R","2020-04-30","AT","quantile","0.975",0.660003073846799
"2022-01-13","10 day R","2020-05-01","AT","point","NA",0.423113829380147
"2022-01-13","10 day R","2020-05-01","AT","quantile","0.025",0.185385124505491
"2022-01-13","10 day R","2020-05-01","AT","quantile","0.975",0.662301927130594
"2022-01-13","10 day R","2020-05-02","AT","point","NA",0.393028529688738
"2022-01-13","10 day R","2020-05-02","AT","quantile","0.025",0.155379702939038
"2022-01-13","10 day R","2020-05-02","AT","quantile","0.975",0.62872777066942
"2022-01-13","10 day R","2020-05-03","AT","point","NA",0.410839544389967
"2022-01-13","10 day R","2020-05-03","AT","quantile","0.025",0.173160908831562
"2022-01-13","10 day R","2020-05-03","AT","quantile","0.975",0.646743792462613
"2022-01-13","10 day R","2020-05-04","AT","point","NA",0.428791040829813
"2022-01-13","10 day R","2020-05-04","AT","quantile","0.025",0.191670315960739
"2022-01-13","10 day R","2020-05-04","AT","quantile","0.975",0.666536990251969
"2022-01-13","10 day R","2020-05-05","AT","point","NA",0.441093832873338
"2022-01-13","10 day R","2020-05-05","AT","quantile","0.025",0.205929244371958
"2022-01-13","10 day R","2020-05-05","AT","quantile","0.975",0.676274112645893
"2022-01-13","10 day R","2020-05-06","AT","point","NA",0.490421617102765
"2022-01-13","10 day R","2020-05-06","AT","quantile","0.025",0.255706189304291
"2022-01-13","10 day R","2020-05-06","AT","quantile","0.975",0.724711343231926
"2022-01-13","10 day R","2020-05-07","AT","point","NA",0.525762094196216
"2022-01-13","10 day R","2020-05-07","AT","quantile","0.025",0.28947704217686
"2022-01-13","10 day R","2020-05-07","AT","quantile","0.975",0.763471108177823
"2022-01-13","10 day R","2020-05-08","AT","point","NA",0.529912584030329
"2022-01-13","10 day R","2020-05-08","AT","quantile","0.025",0.294962961022553
"2022-01-13","10 day R","2020-05-08","AT","quantile","0.975",0.764056900097972
"2022-01-13","10 day R","2020-05-09","AT","point","NA",0.579431660901188
"2022-01-13","10 day R","2020-05-09","AT","quantile","0.025",0.340273504882818
"2022-01-13","10 day R","2020-05-09","AT","quantile","0.975",0.81692957907675
"2022-01-13","10 day R","2020-05-10","AT","point","NA",0.625252674251798
"2022-01-13","10 day R","2020-05-10","AT","quantile","0.025",0.383032730453925
"2022-01-13","10 day R","2020-05-10","AT","quantile","0.975",0.865435802379918
"2022-01-13","10 day R","2020-05-11","AT","point","NA",0.674465574073672
"2022-01-13","10 day R","2020-05-11","AT","quantile","0.025",0.433892516880505
"2022-01-13","10 day R","2020-05-11","AT","quantile","0.975",0.914320811305764
"2022-01-13","10 day R","2020-05-12","AT","point","NA",0.771499286574135
"2022-01-13","10 day R","2020-05-12","AT","quantile","0.025",0.533581646948178
"2022-01-13","10 day R","2020-05-12","AT","quantile","0.975",1.00755338198076
"2022-01-13","10 day R","2020-05-13","AT","point","NA",0.795419605189876
"2022-01-13","10 day R","2020-05-13","AT","quantile","0.025",0.556791027940248
"2022-01-13","10 day R","2020-05-13","AT","quantile","0.975",1.03577606458227
"2022-01-13","10 day R","2020-05-14","AT","point","NA",0.823922191025481
"2022-01-13","10 day R","2020-05-14","AT","quantile","0.025",0.585854475193963
"2022-01-13","10 day R","2020-05-14","AT","quantile","0.975",1.06290304177597
"2022-01-13","10 day R","2020-05-15","AT","point","NA",0.85348909598635
"2022-01-13","10 day R","2020-05-15","AT","quantile","0.025",0.615904952246979
"2022-01-13","10 day R","2020-05-15","AT","quantile","0.975",1.09318473303283
"2022-01-13","10 day R","2020-05-16","AT","point","NA",0.874863981782043
"2022-01-13","10 day R","2020-05-16","AT","quantile","0.025",0.638498122464336
"2022-01-13","10 day R","2020-05-16","AT","quantile","0.975",1.11101841873326
"2022-01-13","10 day R","2020-05-17","AT","point","NA",0.827501308162385
"2022-01-13","10 day R","2020-05-17","AT","quantile","0.025",0.589085237348521
"2022-01-13","10 day R","2020-05-17","AT","quantile","0.975",1.06452679471962
"2022-01-13","10 day R","2020-05-18","AT","point","NA",0.78852001934419
"2022-01-13","10 day R","2020-05-18","AT","quantile","0.025",0.554138412244069
"2022-01-13","10 day R","2020-05-18","AT","quantile","0.975",1.02344752664496
"2022-01-13","10 day R","2020-05-19","AT","point","NA",0.773562194274751
"2022-01-13","10 day R","2020-05-19","AT","quantile","0.025",0.537807069085005
"2022-01-13","10 day R","2020-05-19","AT","quantile","0.975",1.00926565139374
"2022-01-13","10 day R","2020-05-20","AT","point","NA",0.747707030342847
"2022-01-13","10 day R","2020-05-20","AT","quantile","0.025",0.511389901033879
"2022-01-13","10 day R","2020-05-20","AT","quantile","0.975",0.982678043142809
"2022-01-13","10 day R","2020-05-21","AT","point","NA",0.72490952163752
"2022-01-13","10 day R","2020-05-21","AT","quantile","0.025",0.48942421591813
"2022-01-13","10 day R","2020-05-21","AT","quantile","0.975",0.960201782733342
"2022-01-13","10 day R","2020-05-22","AT","point","NA",0.693133617141795
"2022-01-13","10 day R","2020-05-22","AT","quantile","0.025",0.453588926586895
"2022-01-13","10 day R","2020-05-22","AT","quantile","0.975",0.93135162849781
"2022-01-13","10 day R","2020-05-23","AT","point","NA",0.676164342492478
"2022-01-13","10 day R","2020-05-23","AT","quantile","0.025",0.437870657503503
"2022-01-13","10 day R","2020-05-23","AT","quantile","0.975",0.910713289629649
"2022-01-13","10 day R","2020-05-24","AT","point","NA",0.661402059723704
"2022-01-13","10 day R","2020-05-24","AT","quantile","0.025",0.422066621572612
"2022-01-13","10 day R","2020-05-24","AT","quantile","0.975",0.89967515794765
"2022-01-13","10 day R","2020-05-25","AT","point","NA",0.681940654300313
"2022-01-13","10 day R","2020-05-25","AT","quantile","0.025",0.443309138264812
"2022-01-13","10 day R","2020-05-25","AT","quantile","0.975",0.919902844790572
"2022-01-13","10 day R","2020-05-26","AT","point","NA",0.669500678762593
"2022-01-13","10 day R","2020-05-26","AT","quantile","0.025",0.424435154387343
"2022-01-13","10 day R","2020-05-26","AT","quantile","0.975",0.908230503538765
"2022-01-13","10 day R","2020-05-27","AT","point","NA",0.702625962838543
"2022-01-13","10 day R","2020-05-27","AT","quantile","0.025",0.46501976843042
"2022-01-13","10 day R","2020-05-27","AT","quantile","0.975",0.939920908467542
"2022-01-13","10 day R","2020-05-28","AT","point","NA",0.697142573763638
"2022-01-13","10 day R","2020-05-28","AT","quantile","0.025",0.456968382676183
"2022-01-13","10 day R","2020-05-28","AT","quantile","0.975",0.933924043682607
"2022-01-13","10 day R","2020-05-29","AT","point","NA",0.686179310437947
"2022-01-13","10 day R","2020-05-29","AT","quantile","0.025",0.446492100350574
"2022-01-13","10 day R","2020-05-29","AT","quantile","0.975",0.926110705272414
"2022-01-13","10 day R","2020-05-30","AT","point","NA",0.69135037037164
"2022-01-13","10 day R","2020-05-30","AT","quantile","0.025",0.452498058558438
"2022-01-13","10 day R","2020-05-30","AT","quantile","0.975",0.929133996861415
"2022-01-13","10 day R","2020-05-31","AT","point","NA",0.734982035209635
"2022-01-13","10 day R","2020-05-31","AT","quantile","0.025",0.497365348713858
"2022-01-13","10 day R","2020-05-31","AT","quantile","0.975",0.969361346553138
"2022-01-13","10 day R","2020-06-01","AT","point","NA",0.673961680190085
"2022-01-13","10 day R","2020-06-01","AT","quantile","0.025",0.432914679679171
"2022-01-13","10 day R","2020-06-01","AT","quantile","0.975",0.910475080942926
"2022-01-13","10 day R","2020-06-02","AT","point","NA",0.719431534921741
"2022-01-13","10 day R","2020-06-02","AT","quantile","0.025",0.479012118037762
"2022-01-13","10 day R","2020-06-02","AT","quantile","0.975",0.957230594523384
"2022-01-13","10 day R","2020-06-03","AT","point","NA",0.757554259315567
"2022-01-13","10 day R","2020-06-03","AT","quantile","0.025",0.52159511366741
"2022-01-13","10 day R","2020-06-03","AT","quantile","0.975",0.997024728358245
"2022-01-13","10 day R","2020-06-04","AT","point","NA",0.844914463651687
"2022-01-13","10 day R","2020-06-04","AT","quantile","0.025",0.606094678748701
"2022-01-13","10 day R","2020-06-04","AT","quantile","0.975",1.07949786641413
"2022-01-13","10 day R","2020-06-05","AT","point","NA",0.917558265166992
"2022-01-13","10 day R","2020-06-05","AT","quantile","0.025",0.677426245946167
"2022-01-13","10 day R","2020-06-05","AT","quantile","0.975",1.15416986246304
"2022-01-13","10 day R","2020-06-06","AT","point","NA",0.963440649074595
"2022-01-13","10 day R","2020-06-06","AT","quantile","0.025",0.726760791799487
"2022-01-13","10 day R","2020-06-06","AT","quantile","0.975",1.20389394411805
"2022-01-13","10 day R","2020-06-07","AT","point","NA",0.931843486639013
"2022-01-13","10 day R","2020-06-07","AT","quantile","0.025",0.695656223092723
"2022-01-13","10 day R","2020-06-07","AT","quantile","0.975",1.17028851429299
"2022-01-13","10 day R","2020-06-08","AT","point","NA",1.00208167179771
"2022-01-13","10 day R","2020-06-08","AT","quantile","0.025",0.762505636982263
"2022-01-13","10 day R","2020-06-08","AT","quantile","0.975",1.24063116572808
"2022-01-13","10 day R","2020-06-09","AT","point","NA",0.899060047158378
"2022-01-13","10 day R","2020-06-09","AT","quantile","0.025",0.66051592234848
"2022-01-13","10 day R","2020-06-09","AT","quantile","0.975",1.13594116137369
"2022-01-13","10 day R","2020-06-10","AT","point","NA",0.880151106189967
"2022-01-13","10 day R","2020-06-10","AT","quantile","0.025",0.637050744794999
"2022-01-13","10 day R","2020-06-10","AT","quantile","0.975",1.11628917716262
"2022-01-13","10 day R","2020-06-11","AT","point","NA",0.857264380001188
"2022-01-13","10 day R","2020-06-11","AT","quantile","0.025",0.618671199583285
"2022-01-13","10 day R","2020-06-11","AT","quantile","0.975",1.09530650053027
"2022-01-13","10 day R","2020-06-12","AT","point","NA",0.830369967482283
"2022-01-13","10 day R","2020-06-12","AT","quantile","0.025",0.586560647278593
"2022-01-13","10 day R","2020-06-12","AT","quantile","0.975",1.07113773842067
"2022-01-13","10 day R","2020-06-13","AT","point","NA",0.827997224456921
"2022-01-13","10 day R","2020-06-13","AT","quantile","0.025",0.585595827098358
"2022-01-13","10 day R","2020-06-13","AT","quantile","0.975",1.06868263685532
"2022-01-13","10 day R","2020-06-14","AT","point","NA",0.936235278947902
"2022-01-13","10 day R","2020-06-14","AT","quantile","0.025",0.701546542851662
"2022-01-13","10 day R","2020-06-14","AT","quantile","0.975",1.17455320094917
"2022-01-13","10 day R","2020-06-15","AT","point","NA",0.996858721483424
"2022-01-13","10 day R","2020-06-15","AT","quantile","0.025",0.75820896360651
"2022-01-13","10 day R","2020-06-15","AT","quantile","0.975",1.23742902570255
"2022-01-13","10 day R","2020-06-16","AT","point","NA",1.08008538277228
"2022-01-13","10 day R","2020-06-16","AT","quantile","0.025",0.842029638675908
"2022-01-13","10 day R","2020-06-16","AT","quantile","0.975",1.32279105931282
"2022-01-13","10 day R","2020-06-17","AT","point","NA",1.01084673308867
"2022-01-13","10 day R","2020-06-17","AT","quantile","0.025",0.771090705811763
"2022-01-13","10 day R","2020-06-17","AT","quantile","0.975",1.24948313998951
"2022-01-13","10 day R","2020-06-18","AT","point","NA",1.03267681994554
"2022-01-13","10 day R","2020-06-18","AT","quantile","0.025",0.792634721401693
"2022-01-13","10 day R","2020-06-18","AT","quantile","0.975",1.26895979982226
"2022-01-13","10 day R","2020-06-19","AT","point","NA",1.10993157304345
"2022-01-13","10 day R","2020-06-19","AT","quantile","0.025",0.872502969629757
"2022-01-13","10 day R","2020-06-19","AT","quantile","0.975",1.34576335253231
"2022-01-13","10 day R","2020-06-20","AT","point","NA",1.13748492660839
"2022-01-13","10 day R","2020-06-20","AT","quantile","0.025",0.896819439205967
"2022-01-13","10 day R","2020-06-20","AT","quantile","0.975",1.37526146769365
"2022-01-13","10 day R","2020-06-21","AT","point","NA",1.10108189761574
"2022-01-13","10 day R","2020-06-21","AT","quantile","0.025",0.859745841625605
"2022-01-13","10 day R","2020-06-21","AT","quantile","0.975",1.34340324526692
"2022-01-13","10 day R","2020-06-22","AT","point","NA",1.14300048326691
"2022-01-13","10 day R","2020-06-22","AT","quantile","0.025",0.90341441942641
"2022-01-13","10 day R","2020-06-22","AT","quantile","0.975",1.38078168470195
"2022-01-13","10 day R","2020-06-23","AT","point","NA",1.1680196622665
"2022-01-13","10 day R","2020-06-23","AT","quantile","0.025",0.927489045036528
"2022-01-13","10 day R","2020-06-23","AT","quantile","0.975",1.40684301780589
"2022-01-13","10 day R","2020-06-24","AT","point","NA",1.20806136399814
"2022-01-13","10 day R","2020-06-24","AT","quantile","0.025",0.96963747345193
"2022-01-13","10 day R","2020-06-24","AT","quantile","0.975",1.44886634134708
"2022-01-13","10 day R","2020-06-25","AT","point","NA",1.25502615796985
"2022-01-13","10 day R","2020-06-25","AT","quantile","0.025",1.0187053555765
"2022-01-13","10 day R","2020-06-25","AT","quantile","0.975",1.49184670987353
"2022-01-13","10 day R","2020-06-26","AT","point","NA",1.3517679820609
"2022-01-13","10 day R","2020-06-26","AT","quantile","0.025",1.11534007647827
"2022-01-13","10 day R","2020-06-26","AT","quantile","0.975",1.58814416610718
"2022-01-13","10 day R","2020-06-27","AT","point","NA",1.49498374066718
"2022-01-13","10 day R","2020-06-27","AT","quantile","0.025",1.25871710590659
"2022-01-13","10 day R","2020-06-27","AT","quantile","0.975",1.7329016587421
"2022-01-13","10 day R","2020-06-28","AT","point","NA",1.62192058863505
"2022-01-13","10 day R","2020-06-28","AT","quantile","0.025",1.38484820094957
"2022-01-13","10 day R","2020-06-28","AT","quantile","0.975",1.86349208289401
"2022-01-13","10 day R","2020-06-29","AT","point","NA",1.66313280881884
"2022-01-13","10 day R","2020-06-29","AT","quantile","0.025",1.42502462611179
"2022-01-13","10 day R","2020-06-29","AT","quantile","0.975",1.90237985704189
"2022-01-13","10 day R","2020-06-30","AT","point","NA",1.67275708087745
"2022-01-13","10 day R","2020-06-30","AT","quantile","0.025",1.43275718769446
"2022-01-13","10 day R","2020-06-30","AT","quantile","0.975",1.9143828892827
"2022-01-13","10 day R","2020-07-01","AT","point","NA",1.73741046073537
"2022-01-13","10 day R","2020-07-01","AT","quantile","0.025",1.49666398674862
"2022-01-13","10 day R","2020-07-01","AT","quantile","0.975",1.979666261684
"2022-01-13","10 day R","2020-07-02","AT","point","NA",1.70556270160529
"2022-01-13","10 day R","2020-07-02","AT","quantile","0.025",1.46546313311845
"2022-01-13","10 day R","2020-07-02","AT","quantile","0.975",1.94422053222216
"2022-01-13","10 day R","2020-07-03","AT","point","NA",1.70608641100619
"2022-01-13","10 day R","2020-07-03","AT","quantile","0.025",1.46552711542798
"2022-01-13","10 day R","2020-07-03","AT","quantile","0.975",1.94810539627426
"2022-01-13","10 day R","2020-07-04","AT","point","NA",1.6775823298665
"2022-01-13","10 day R","2020-07-04","AT","quantile","0.025",1.43905039319813
"2022-01-13","10 day R","2020-07-04","AT","quantile","0.975",1.91769482429739
"2022-01-13","10 day R","2020-07-05","AT","point","NA",1.59931609462661
"2022-01-13","10 day R","2020-07-05","AT","quantile","0.025",1.36172685798997
"2022-01-13","10 day R","2020-07-05","AT","quantile","0.975",1.8401457039231
"2022-01-13","10 day R","2020-07-06","AT","point","NA",1.48441302976273
"2022-01-13","10 day R","2020-07-06","AT","quantile","0.025",1.24765501166471
"2022-01-13","10 day R","2020-07-06","AT","quantile","0.975",1.72434666729067
"2022-01-13","10 day R","2020-07-07","AT","point","NA",1.37692535750334
"2022-01-13","10 day R","2020-07-07","AT","quantile","0.025",1.13986643550284
"2022-01-13","10 day R","2020-07-07","AT","quantile","0.975",1.61478867239626
"2022-01-13","10 day R","2020-07-08","AT","point","NA",1.31026012500606
"2022-01-13","10 day R","2020-07-08","AT","quantile","0.025",1.0701849799579
"2022-01-13","10 day R","2020-07-08","AT","quantile","0.975",1.54743644984155
"2022-01-13","10 day R","2020-07-09","AT","point","NA",1.28076203502518
"2022-01-13","10 day R","2020-07-09","AT","quantile","0.025",1.0441413544552
"2022-01-13","10 day R","2020-07-09","AT","quantile","0.975",1.52155653317236
"2022-01-13","10 day R","2020-07-10","AT","point","NA",1.21956471013099
"2022-01-13","10 day R","2020-07-10","AT","quantile","0.025",0.979664325070488
"2022-01-13","10 day R","2020-07-10","AT","quantile","0.975",1.45841828638269
"2022-01-13","10 day R","2020-07-11","AT","point","NA",1.20202082308202
"2022-01-13","10 day R","2020-07-11","AT","quantile","0.025",0.96481764939134
"2022-01-13","10 day R","2020-07-11","AT","quantile","0.975",1.4382794583834
"2022-01-13","10 day R","2020-07-12","AT","point","NA",1.23391211917204
"2022-01-13","10 day R","2020-07-12","AT","quantile","0.025",0.994954769884072
"2022-01-13","10 day R","2020-07-12","AT","quantile","0.975",1.471278843259
"2022-01-13","10 day R","2020-07-13","AT","point","NA",1.22608474805257
"2022-01-13","10 day R","2020-07-13","AT","quantile","0.025",0.9839560247621
"2022-01-13","10 day R","2020-07-13","AT","quantile","0.975",1.4626418679283
"2022-01-13","10 day R","2020-07-14","AT","point","NA",1.27448638793253
"2022-01-13","10 day R","2020-07-14","AT","quantile","0.025",1.0336038655199
"2022-01-13","10 day R","2020-07-14","AT","quantile","0.975",1.51231133166714
"2022-01-13","10 day R","2020-07-15","AT","point","NA",1.32979433697436
"2022-01-13","10 day R","2020-07-15","AT","quantile","0.025",1.09327871188725
"2022-01-13","10 day R","2020-07-15","AT","quantile","0.975",1.56627547790051
"2022-01-13","10 day R","2020-07-16","AT","point","NA",1.34257386936009
"2022-01-13","10 day R","2020-07-16","AT","quantile","0.025",1.10456176807577
"2022-01-13","10 day R","2020-07-16","AT","quantile","0.975",1.58075515393336
"2022-01-13","10 day R","2020-07-17","AT","point","NA",1.35015353940579
"2022-01-13","10 day R","2020-07-17","AT","quantile","0.025",1.11145204139342
"2022-01-13","10 day R","2020-07-17","AT","quantile","0.975",1.59319640596378
"2022-01-13","10 day R","2020-07-18","AT","point","NA",1.29050836737734
"2022-01-13","10 day R","2020-07-18","AT","quantile","0.025",1.054146824743
"2022-01-13","10 day R","2020-07-18","AT","quantile","0.975",1.52690790261006
"2022-01-13","10 day R","2020-07-19","AT","point","NA",1.20985115880383
"2022-01-13","10 day R","2020-07-19","AT","quantile","0.025",0.971221348159218
"2022-01-13","10 day R","2020-07-19","AT","quantile","0.975",1.44721316410196
"2022-01-13","10 day R","2020-07-20","AT","point","NA",1.19339826690887
"2022-01-13","10 day R","2020-07-20","AT","quantile","0.025",0.957501289253768
"2022-01-13","10 day R","2020-07-20","AT","quantile","0.975",1.42907581466739
"2022-01-13","10 day R","2020-07-21","AT","point","NA",1.17359282651673
"2022-01-13","10 day R","2020-07-21","AT","quantile","0.025",0.934686413438637
"2022-01-13","10 day R","2020-07-21","AT","quantile","0.975",1.41027939911335
"2022-01-13","10 day R","2020-07-22","AT","point","NA",1.16980454702342
"2022-01-13","10 day R","2020-07-22","AT","quantile","0.025",0.932312266797156
"2022-01-13","10 day R","2020-07-22","AT","quantile","0.975",1.40682263174944
"2022-01-13","10 day R","2020-07-23","AT","point","NA",1.20898533302898
"2022-01-13","10 day R","2020-07-23","AT","quantile","0.025",0.974990233486056
"2022-01-13","10 day R","2020-07-23","AT","quantile","0.975",1.44871727747567
"2022-01-13","10 day R","2020-07-24","AT","point","NA",1.16433736821779
"2022-01-13","10 day R","2020-07-24","AT","quantile","0.025",0.928441249241757
"2022-01-13","10 day R","2020-07-24","AT","quantile","0.975",1.39975033938002
"2022-01-13","10 day R","2020-07-25","AT","point","NA",1.181139619592
"2022-01-13","10 day R","2020-07-25","AT","quantile","0.025",0.942194805715426
"2022-01-13","10 day R","2020-07-25","AT","quantile","0.975",1.42000745719879
"2022-01-13","10 day R","2020-07-26","AT","point","NA",1.19476878118377
"2022-01-13","10 day R","2020-07-26","AT","quantile","0.025",0.955868499111428
"2022-01-13","10 day R","2020-07-26","AT","quantile","0.975",1.43556293729619
"2022-01-13","10 day R","2020-07-27","AT","point","NA",1.18280380601169
"2022-01-13","10 day R","2020-07-27","AT","quantile","0.025",0.941111657081031
"2022-01-13","10 day R","2020-07-27","AT","quantile","0.975",1.42227218797761
"2022-01-13","10 day R","2020-07-28","AT","point","NA",1.17814073901674
"2022-01-13","10 day R","2020-07-28","AT","quantile","0.025",0.941257769276875
"2022-01-13","10 day R","2020-07-28","AT","quantile","0.975",1.41785259386343
"2022-01-13","10 day R","2020-07-29","AT","point","NA",1.15608674620039
"2022-01-13","10 day R","2020-07-29","AT","quantile","0.025",0.91956607517653
"2022-01-13","10 day R","2020-07-29","AT","quantile","0.975",1.39231393606677
"2022-01-13","10 day R","2020-07-30","AT","point","NA",1.07557910296224
"2022-01-13","10 day R","2020-07-30","AT","quantile","0.025",0.838404228733273
"2022-01-13","10 day R","2020-07-30","AT","quantile","0.975",1.31255139724586
"2022-01-13","10 day R","2020-07-31","AT","point","NA",1.04278090964611
"2022-01-13","10 day R","2020-07-31","AT","quantile","0.025",0.804832865802353
"2022-01-13","10 day R","2020-07-31","AT","quantile","0.975",1.28459759460472
"2022-01-13","10 day R","2020-08-01","AT","point","NA",0.980796396131344
"2022-01-13","10 day R","2020-08-01","AT","quantile","0.025",0.739977269770974
"2022-01-13","10 day R","2020-08-01","AT","quantile","0.975",1.22038918180577
"2022-01-13","10 day R","2020-08-02","AT","point","NA",0.969830657280368
"2022-01-13","10 day R","2020-08-02","AT","quantile","0.025",0.730484258999863
"2022-01-13","10 day R","2020-08-02","AT","quantile","0.975",1.20770929446502
"2022-01-13","10 day R","2020-08-03","AT","point","NA",0.974715135811604
"2022-01-13","10 day R","2020-08-03","AT","quantile","0.025",0.737369279328611
"2022-01-13","10 day R","2020-08-03","AT","quantile","0.975",1.21361566928155
"2022-01-13","10 day R","2020-08-04","AT","point","NA",0.959725653239411
"2022-01-13","10 day R","2020-08-04","AT","quantile","0.025",0.720855939125541
"2022-01-13","10 day R","2020-08-04","AT","quantile","0.975",1.20209008267063
"2022-01-13","10 day R","2020-08-05","AT","point","NA",0.947685762357688
"2022-01-13","10 day R","2020-08-05","AT","quantile","0.025",0.707979315096533
"2022-01-13","10 day R","2020-08-05","AT","quantile","0.975",1.18835681151608
"2022-01-13","10 day R","2020-08-06","AT","point","NA",0.98913722455099
"2022-01-13","10 day R","2020-08-06","AT","quantile","0.025",0.751595480322354
"2022-01-13","10 day R","2020-08-06","AT","quantile","0.975",1.22733399192707
"2022-01-13","10 day R","2020-08-07","AT","point","NA",1.00643437047162
"2022-01-13","10 day R","2020-08-07","AT","quantile","0.025",0.765518507066406
"2022-01-13","10 day R","2020-08-07","AT","quantile","0.975",1.24546464101778
"2022-01-13","10 day R","2020-08-08","AT","point","NA",1.03907874609848
"2022-01-13","10 day R","2020-08-08","AT","quantile","0.025",0.798582897114062
"2022-01-13","10 day R","2020-08-08","AT","quantile","0.975",1.27731075849589
"2022-01-13","10 day R","2020-08-09","AT","point","NA",1.13322048944239
"2022-01-13","10 day R","2020-08-09","AT","quantile","0.025",0.893220836466589
"2022-01-13","10 day R","2020-08-09","AT","quantile","0.975",1.37347920124876
"2022-01-13","10 day R","2020-08-10","AT","point","NA",1.21475733982365
"2022-01-13","10 day R","2020-08-10","AT","quantile","0.025",0.977636701814326
"2022-01-13","10 day R","2020-08-10","AT","quantile","0.975",1.45353081085488
"2022-01-13","10 day R","2020-08-11","AT","point","NA",1.32569961003277
"2022-01-13","10 day R","2020-08-11","AT","quantile","0.025",1.0912462588071
"2022-01-13","10 day R","2020-08-11","AT","quantile","0.975",1.55799958082217
"2022-01-13","10 day R","2020-08-12","AT","point","NA",1.43205860328292
"2022-01-13","10 day R","2020-08-12","AT","quantile","0.025",1.1955341037008
"2022-01-13","10 day R","2020-08-12","AT","quantile","0.975",1.67453141204409
"2022-01-13","10 day R","2020-08-13","AT","point","NA",1.49832726406438
"2022-01-13","10 day R","2020-08-13","AT","quantile","0.025",1.26042352452008
"2022-01-13","10 day R","2020-08-13","AT","quantile","0.975",1.73846471760278
"2022-01-13","10 day R","2020-08-14","AT","point","NA",1.61553180869382
"2022-01-13","10 day R","2020-08-14","AT","quantile","0.025",1.37599049777571
"2022-01-13","10 day R","2020-08-14","AT","quantile","0.975",1.85837539539473
"2022-01-13","10 day R","2020-08-15","AT","point","NA",1.65546694548554
"2022-01-13","10 day R","2020-08-15","AT","quantile","0.025",1.41210772978246
"2022-01-13","10 day R","2020-08-15","AT","quantile","0.975",1.89822448706997
"2022-01-13","10 day R","2020-08-16","AT","point","NA",1.61149938050797
"2022-01-13","10 day R","2020-08-16","AT","quantile","0.025",1.37073223065813
"2022-01-13","10 day R","2020-08-16","AT","quantile","0.975",1.84964269298221
"2022-01-13","10 day R","2020-08-17","AT","point","NA",1.58303646513605
"2022-01-13","10 day R","2020-08-17","AT","quantile","0.025",1.34695645646755
"2022-01-13","10 day R","2020-08-17","AT","quantile","0.975",1.81842419625282
"2022-01-13","10 day R","2020-08-18","AT","point","NA",1.58600549588855
"2022-01-13","10 day R","2020-08-18","AT","quantile","0.025",1.34926001328548
"2022-01-13","10 day R","2020-08-18","AT","quantile","0.975",1.82274590455676
"2022-01-13","10 day R","2020-08-19","AT","point","NA",1.53492970066716
"2022-01-13","10 day R","2020-08-19","AT","quantile","0.025",1.29549346209473
"2022-01-13","10 day R","2020-08-19","AT","quantile","0.975",1.77170655632774
"2022-01-13","10 day R","2020-08-20","AT","point","NA",1.51028603054848
"2022-01-13","10 day R","2020-08-20","AT","quantile","0.025",1.2734063464928
"2022-01-13","10 day R","2020-08-20","AT","quantile","0.975",1.74671033741631
"2022-01-13","10 day R","2020-08-21","AT","point","NA",1.44341777687849
"2022-01-13","10 day R","2020-08-21","AT","quantile","0.025",1.20560220867083
"2022-01-13","10 day R","2020-08-21","AT","quantile","0.975",1.68207433505482
"2022-01-13","10 day R","2020-08-22","AT","point","NA",1.36886945908187
"2022-01-13","10 day R","2020-08-22","AT","quantile","0.025",1.13012692921881
"2022-01-13","10 day R","2020-08-22","AT","quantile","0.975",1.60929047846944
"2022-01-13","10 day R","2020-08-23","AT","point","NA",1.32421184669068
"2022-01-13","10 day R","2020-08-23","AT","quantile","0.025",1.08547935758276
"2022-01-13","10 day R","2020-08-23","AT","quantile","0.975",1.56455998149583
"2022-01-13","10 day R","2020-08-24","AT","point","NA",1.29485849786948
"2022-01-13","10 day R","2020-08-24","AT","quantile","0.025",1.05520953530746
"2022-01-13","10 day R","2020-08-24","AT","quantile","0.975",1.53187538796842
"2022-01-13","10 day R","2020-08-25","AT","point","NA",1.24557717351843
"2022-01-13","10 day R","2020-08-25","AT","quantile","0.025",1.00692108862656
"2022-01-13","10 day R","2020-08-25","AT","quantile","0.975",1.48589149832468
"2022-01-13","10 day R","2020-08-26","AT","point","NA",1.2349129178713
"2022-01-13","10 day R","2020-08-26","AT","quantile","0.025",0.994974422154021
"2022-01-13","10 day R","2020-08-26","AT","quantile","0.975",1.47473455841974
"2022-01-13","10 day R","2020-08-27","AT","point","NA",1.19992854334995
"2022-01-13","10 day R","2020-08-27","AT","quantile","0.025",0.961023988216934
"2022-01-13","10 day R","2020-08-27","AT","quantile","0.975",1.44035129616382
"2022-01-13","10 day R","2020-08-28","AT","point","NA",1.16967687779602
"2022-01-13","10 day R","2020-08-28","AT","quantile","0.025",0.933186262024169
"2022-01-13","10 day R","2020-08-28","AT","quantile","0.975",1.40873510680103
"2022-01-13","10 day R","2020-08-29","AT","point","NA",1.1976382128865
"2022-01-13","10 day R","2020-08-29","AT","quantile","0.025",0.96247841742179
"2022-01-13","10 day R","2020-08-29","AT","quantile","0.975",1.4344189584994
"2022-01-13","10 day R","2020-08-30","AT","point","NA",1.19504313034327
"2022-01-13","10 day R","2020-08-30","AT","quantile","0.025",0.955125068103588
"2022-01-13","10 day R","2020-08-30","AT","quantile","0.975",1.43231863838526
"2022-01-13","10 day R","2020-08-31","AT","point","NA",1.20133086299986
"2022-01-13","10 day R","2020-08-31","AT","quantile","0.025",0.96231367574951
"2022-01-13","10 day R","2020-08-31","AT","quantile","0.975",1.44044844508332
"2022-01-13","10 day R","2020-09-01","AT","point","NA",1.17561188701272
"2022-01-13","10 day R","2020-09-01","AT","quantile","0.025",0.93514291245964
"2022-01-13","10 day R","2020-09-01","AT","quantile","0.975",1.41574848658472
"2022-01-13","10 day R","2020-09-02","AT","point","NA",1.20362742843134
"2022-01-13","10 day R","2020-09-02","AT","quantile","0.025",0.9644794459402
"2022-01-13","10 day R","2020-09-02","AT","quantile","0.975",1.43877895132635
"2022-01-13","10 day R","2020-09-03","AT","point","NA",1.23041895581382
"2022-01-13","10 day R","2020-09-03","AT","quantile","0.025",0.993224092539991
"2022-01-13","10 day R","2020-09-03","AT","quantile","0.975",1.46862131222261
"2022-01-13","10 day R","2020-09-04","AT","point","NA",1.24273323632954
"2022-01-13","10 day R","2020-09-04","AT","quantile","0.025",1.00973705361765
"2022-01-13","10 day R","2020-09-04","AT","quantile","0.975",1.47748569321169
"2022-01-13","10 day R","2020-09-05","AT","point","NA",1.24930738954296
"2022-01-13","10 day R","2020-09-05","AT","quantile","0.025",1.01131657339253
"2022-01-13","10 day R","2020-09-05","AT","quantile","0.975",1.48973868366531
"2022-01-13","10 day R","2020-09-06","AT","point","NA",1.30780084898981
"2022-01-13","10 day R","2020-09-06","AT","quantile","0.025",1.07064612056624
"2022-01-13","10 day R","2020-09-06","AT","quantile","0.975",1.54762706674329
"2022-01-13","10 day R","2020-09-07","AT","point","NA",1.41417152649647
"2022-01-13","10 day R","2020-09-07","AT","quantile","0.025",1.17800620899439
"2022-01-13","10 day R","2020-09-07","AT","quantile","0.975",1.65030724942671
"2022-01-13","10 day R","2020-09-08","AT","point","NA",1.52533298845709
"2022-01-13","10 day R","2020-09-08","AT","quantile","0.025",1.28951575185474
"2022-01-13","10 day R","2020-09-08","AT","quantile","0.975",1.76221234346141
"2022-01-13","10 day R","2020-09-09","AT","point","NA",1.57199120116606
"2022-01-13","10 day R","2020-09-09","AT","quantile","0.025",1.33054806405423
"2022-01-13","10 day R","2020-09-09","AT","quantile","0.975",1.81239745913653
"2022-01-13","10 day R","2020-09-10","AT","point","NA",1.61084119866129
"2022-01-13","10 day R","2020-09-10","AT","quantile","0.025",1.37100458057186
"2022-01-13","10 day R","2020-09-10","AT","quantile","0.975",1.85072813801402
"2022-01-13","10 day R","2020-09-11","AT","point","NA",1.61705135487541
"2022-01-13","10 day R","2020-09-11","AT","quantile","0.025",1.37802127023719
"2022-01-13","10 day R","2020-09-11","AT","quantile","0.975",1.85989235451027
"2022-01-13","10 day R","2020-09-12","AT","point","NA",1.62542441680422
"2022-01-13","10 day R","2020-09-12","AT","quantile","0.025",1.38339922587042
"2022-01-13","10 day R","2020-09-12","AT","quantile","0.975",1.86781947311205
"2022-01-13","10 day R","2020-09-13","AT","point","NA",1.56367189406633
"2022-01-13","10 day R","2020-09-13","AT","quantile","0.025",1.32225486334097
"2022-01-13","10 day R","2020-09-13","AT","quantile","0.975",1.8069588928219
"2022-01-13","10 day R","2020-09-14","AT","point","NA",1.52067705679799
"2022-01-13","10 day R","2020-09-14","AT","quantile","0.025",1.28010411062398
"2022-01-13","10 day R","2020-09-14","AT","quantile","0.975",1.75864461234817
"2022-01-13","10 day R","2020-09-15","AT","point","NA",1.52694650391886
"2022-01-13","10 day R","2020-09-15","AT","quantile","0.025",1.28715492569946
"2022-01-13","10 day R","2020-09-15","AT","quantile","0.975",1.76455091665573
"2022-01-13","10 day R","2020-09-16","AT","point","NA",1.49158205687082
"2022-01-13","10 day R","2020-09-16","AT","quantile","0.025",1.2507304543175
"2022-01-13","10 day R","2020-09-16","AT","quantile","0.975",1.73232211451449
"2022-01-13","10 day R","2020-09-17","AT","point","NA",1.43448159647228
"2022-01-13","10 day R","2020-09-17","AT","quantile","0.025",1.19436006255133
"2022-01-13","10 day R","2020-09-17","AT","quantile","0.975",1.67317520365524
"2022-01-13","10 day R","2020-09-18","AT","point","NA",1.39917920639282
"2022-01-13","10 day R","2020-09-18","AT","quantile","0.025",1.16116752180227
"2022-01-13","10 day R","2020-09-18","AT","quantile","0.975",1.63533662263855
"2022-01-13","10 day R","2020-09-19","AT","point","NA",1.3448741942493
"2022-01-13","10 day R","2020-09-19","AT","quantile","0.025",1.10861840191909
"2022-01-13","10 day R","2020-09-19","AT","quantile","0.975",1.58337520159164
"2022-01-13","10 day R","2020-09-20","AT","point","NA",1.3119712328324
"2022-01-13","10 day R","2020-09-20","AT","quantile","0.025",1.07462827868589
"2022-01-13","10 day R","2020-09-20","AT","quantile","0.975",1.54687560654879
"2022-01-13","10 day R","2020-09-21","AT","point","NA",1.2668490238974
"2022-01-13","10 day R","2020-09-21","AT","quantile","0.025",1.0279828353269
"2022-01-13","10 day R","2020-09-21","AT","quantile","0.975",1.50352809546042
"2022-01-13","10 day R","2020-09-22","AT","point","NA",1.21039587584127
"2022-01-13","10 day R","2020-09-22","AT","quantile","0.025",0.974734961385064
"2022-01-13","10 day R","2020-09-22","AT","quantile","0.975",1.44482427517099
"2022-01-13","10 day R","2020-09-23","AT","point","NA",1.16754818391027
"2022-01-13","10 day R","2020-09-23","AT","quantile","0.025",0.930941865387101
"2022-01-13","10 day R","2020-09-23","AT","quantile","0.975",1.40515627295262
"2022-01-13","10 day R","2020-09-24","AT","point","NA",1.14298554616229
"2022-01-13","10 day R","2020-09-24","AT","quantile","0.025",0.907235405870213
"2022-01-13","10 day R","2020-09-24","AT","quantile","0.975",1.38261555736313
"2022-01-13","10 day R","2020-09-25","AT","point","NA",1.12227183668152
"2022-01-13","10 day R","2020-09-25","AT","quantile","0.025",0.88420099821953
"2022-01-13","10 day R","2020-09-25","AT","quantile","0.975",1.35937041770211
"2022-01-13","10 day R","2020-09-26","AT","point","NA",1.1129571957841
"2022-01-13","10 day R","2020-09-26","AT","quantile","0.025",0.874470311735452
"2022-01-13","10 day R","2020-09-26","AT","quantile","0.975",1.34614508318504
"2022-01-13","10 day R","2020-09-27","AT","point","NA",1.14119253048372
"2022-01-13","10 day R","2020-09-27","AT","quantile","0.025",0.905623783860917
"2022-01-13","10 day R","2020-09-27","AT","quantile","0.975",1.37849209482669
"2022-01-13","10 day R","2020-09-28","AT","point","NA",1.14228375746632
"2022-01-13","10 day R","2020-09-28","AT","quantile","0.025",0.907567887454072
"2022-01-13","10 day R","2020-09-28","AT","quantile","0.975",1.37794285158565
"2022-01-13","10 day R","2020-09-29","AT","point","NA",1.13369583291521
"2022-01-13","10 day R","2020-09-29","AT","quantile","0.025",0.897412634769063
"2022-01-13","10 day R","2020-09-29","AT","quantile","0.975",1.36837419856194
"2022-01-13","10 day R","2020-09-30","AT","point","NA",1.14125451927593
"2022-01-13","10 day R","2020-09-30","AT","quantile","0.025",0.907470551827189
"2022-01-13","10 day R","2020-09-30","AT","quantile","0.975",1.37952519321691
"2022-01-13","10 day R","2020-10-01","AT","point","NA",1.15005147223276
"2022-01-13","10 day R","2020-10-01","AT","quantile","0.025",0.912147182763235
"2022-01-13","10 day R","2020-10-01","AT","quantile","0.975",1.38610881083805
"2022-01-13","10 day R","2020-10-02","AT","point","NA",1.17240192152466
"2022-01-13","10 day R","2020-10-02","AT","quantile","0.025",0.937351771153625
"2022-01-13","10 day R","2020-10-02","AT","quantile","0.975",1.40859858745798
"2022-01-13","10 day R","2020-10-03","AT","point","NA",1.22483375670823
"2022-01-13","10 day R","2020-10-03","AT","quantile","0.025",0.9876145062704
"2022-01-13","10 day R","2020-10-03","AT","quantile","0.975",1.45978468976205
"2022-01-13","10 day R","2020-10-04","AT","point","NA",1.25907803553274
"2022-01-13","10 day R","2020-10-04","AT","quantile","0.025",1.02391457418547
"2022-01-13","10 day R","2020-10-04","AT","quantile","0.975",1.49363881465746
"2022-01-13","10 day R","2020-10-05","AT","point","NA",1.29577199312991
"2022-01-13","10 day R","2020-10-05","AT","quantile","0.025",1.06064770952745
"2022-01-13","10 day R","2020-10-05","AT","quantile","0.975",1.53275684896547
"2022-01-13","10 day R","2020-10-06","AT","point","NA",1.31474210878194
"2022-01-13","10 day R","2020-10-06","AT","quantile","0.025",1.07891639162355
"2022-01-13","10 day R","2020-10-06","AT","quantile","0.975",1.55113437628584
"2022-01-13","10 day R","2020-10-07","AT","point","NA",1.31319348966511
"2022-01-13","10 day R","2020-10-07","AT","quantile","0.025",1.07474526954992
"2022-01-13","10 day R","2020-10-07","AT","quantile","0.975",1.55032282809181
"2022-01-13","10 day R","2020-10-08","AT","point","NA",1.31415443343813
"2022-01-13","10 day R","2020-10-08","AT","quantile","0.025",1.07763285844879
"2022-01-13","10 day R","2020-10-08","AT","quantile","0.975",1.55278930042804
"2022-01-13","10 day R","2020-10-09","AT","point","NA",1.31576182696088
"2022-01-13","10 day R","2020-10-09","AT","quantile","0.025",1.07719902856522
"2022-01-13","10 day R","2020-10-09","AT","quantile","0.975",1.55619190969468
"2022-01-13","10 day R","2020-10-10","AT","point","NA",1.30349781673475
"2022-01-13","10 day R","2020-10-10","AT","quantile","0.025",1.06482853148301
"2022-01-13","10 day R","2020-10-10","AT","quantile","0.975",1.54153439899583
"2022-01-13","10 day R","2020-10-11","AT","point","NA",1.31114495324051
"2022-01-13","10 day R","2020-10-11","AT","quantile","0.025",1.07338962051745
"2022-01-13","10 day R","2020-10-11","AT","quantile","0.975",1.54952455674486
"2022-01-13","10 day R","2020-10-12","AT","point","NA",1.33623850708756
"2022-01-13","10 day R","2020-10-12","AT","quantile","0.025",1.10041986665582
"2022-01-13","10 day R","2020-10-12","AT","quantile","0.975",1.57444592785163
"2022-01-13","10 day R","2020-10-13","AT","point","NA",1.34321924976702
"2022-01-13","10 day R","2020-10-13","AT","quantile","0.025",1.10124551788302
"2022-01-13","10 day R","2020-10-13","AT","quantile","0.975",1.58180415229241
"2022-01-13","10 day R","2020-10-14","AT","point","NA",1.35559851983445
"2022-01-13","10 day R","2020-10-14","AT","quantile","0.025",1.11852079231474
"2022-01-13","10 day R","2020-10-14","AT","quantile","0.975",1.59632909154274
"2022-01-13","10 day R","2020-10-15","AT","point","NA",1.36262083816371
"2022-01-13","10 day R","2020-10-15","AT","quantile","0.025",1.12632425336493
"2022-01-13","10 day R","2020-10-15","AT","quantile","0.975",1.60169064246389
"2022-01-13","10 day R","2020-10-16","AT","point","NA",1.37094569103876
"2022-01-13","10 day R","2020-10-16","AT","quantile","0.025",1.13369307002305
"2022-01-13","10 day R","2020-10-16","AT","quantile","0.975",1.60848514483838
"2022-01-13","10 day R","2020-10-17","AT","point","NA",1.42628124154523
"2022-01-13","10 day R","2020-10-17","AT","quantile","0.025",1.18773918578356
"2022-01-13","10 day R","2020-10-17","AT","quantile","0.975",1.66476734401173
"2022-01-13","10 day R","2020-10-18","AT","point","NA",1.48223858669657
"2022-01-13","10 day R","2020-10-18","AT","quantile","0.025",1.24325974868427
"2022-01-13","10 day R","2020-10-18","AT","quantile","0.975",1.72144895483329
"2022-01-13","10 day R","2020-10-19","AT","point","NA",1.49784179597374
"2022-01-13","10 day R","2020-10-19","AT","quantile","0.025",1.2590915226348
"2022-01-13","10 day R","2020-10-19","AT","quantile","0.975",1.73506834626828
"2022-01-13","10 day R","2020-10-20","AT","point","NA",1.5440991651106
"2022-01-13","10 day R","2020-10-20","AT","quantile","0.025",1.30474553834625
"2022-01-13","10 day R","2020-10-20","AT","quantile","0.975",1.78172048318298
"2022-01-13","10 day R","2020-10-21","AT","point","NA",1.59981382674699
"2022-01-13","10 day R","2020-10-21","AT","quantile","0.025",1.36140701137957
"2022-01-13","10 day R","2020-10-21","AT","quantile","0.975",1.83898934961565
"2022-01-13","10 day R","2020-10-22","AT","point","NA",1.667412285288
"2022-01-13","10 day R","2020-10-22","AT","quantile","0.025",1.42703915250985
"2022-01-13","10 day R","2020-10-22","AT","quantile","0.975",1.90710570642112
"2022-01-13","10 day R","2020-10-23","AT","point","NA",1.73597633982615
"2022-01-13","10 day R","2020-10-23","AT","quantile","0.025",1.49439739440849
"2022-01-13","10 day R","2020-10-23","AT","quantile","0.975",1.97373503030703
"2022-01-13","10 day R","2020-10-24","AT","point","NA",1.79198518720943
"2022-01-13","10 day R","2020-10-24","AT","quantile","0.025",1.55214569998491
"2022-01-13","10 day R","2020-10-24","AT","quantile","0.975",2.02872226458702
"2022-01-13","10 day R","2020-10-25","AT","point","NA",1.78057377869949
"2022-01-13","10 day R","2020-10-25","AT","quantile","0.025",1.54212922695291
"2022-01-13","10 day R","2020-10-25","AT","quantile","0.975",2.01414508456346
"2022-01-13","10 day R","2020-10-26","AT","point","NA",1.76861210800834
"2022-01-13","10 day R","2020-10-26","AT","quantile","0.025",1.53000245215645
"2022-01-13","10 day R","2020-10-26","AT","quantile","0.975",2.00526009250606
"2022-01-13","10 day R","2020-10-27","AT","point","NA",1.76648727505253
"2022-01-13","10 day R","2020-10-27","AT","quantile","0.025",1.52920905434473
"2022-01-13","10 day R","2020-10-27","AT","quantile","0.975",2.00434604170361
"2022-01-13","10 day R","2020-10-28","AT","point","NA",1.77579822179469
"2022-01-13","10 day R","2020-10-28","AT","quantile","0.025",1.5361699231555
"2022-01-13","10 day R","2020-10-28","AT","quantile","0.975",2.01424504323326
"2022-01-13","10 day R","2020-10-29","AT","point","NA",1.81896544790527
"2022-01-13","10 day R","2020-10-29","AT","quantile","0.025",1.5806285294321
"2022-01-13","10 day R","2020-10-29","AT","quantile","0.975",2.05837965407205
"2022-01-13","10 day R","2020-10-30","AT","point","NA",1.85553072143534
"2022-01-13","10 day R","2020-10-30","AT","quantile","0.025",1.61845211139967
"2022-01-13","10 day R","2020-10-30","AT","quantile","0.975",2.09883517884338
"2022-01-13","10 day R","2020-10-31","AT","point","NA",1.81613231184415
"2022-01-13","10 day R","2020-10-31","AT","quantile","0.025",1.58190272735775
"2022-01-13","10 day R","2020-10-31","AT","quantile","0.975",2.05542899935214
"2022-01-13","10 day R","2020-11-01","AT","point","NA",1.7803946132029
"2022-01-13","10 day R","2020-11-01","AT","quantile","0.025",1.54562161280563
"2022-01-13","10 day R","2020-11-01","AT","quantile","0.975",2.02063171399445
"2022-01-13","10 day R","2020-11-02","AT","point","NA",1.73393243296467
"2022-01-13","10 day R","2020-11-02","AT","quantile","0.025",1.49385127056429
"2022-01-13","10 day R","2020-11-02","AT","quantile","0.975",1.97301512161763
"2022-01-13","10 day R","2020-11-03","AT","point","NA",1.69983155442218
"2022-01-13","10 day R","2020-11-03","AT","quantile","0.025",1.46180452657338
"2022-01-13","10 day R","2020-11-03","AT","quantile","0.975",1.93266672714671
"2022-01-13","10 day R","2020-11-04","AT","point","NA",1.70228599440262
"2022-01-13","10 day R","2020-11-04","AT","quantile","0.025",1.46520858663535
"2022-01-13","10 day R","2020-11-04","AT","quantile","0.975",1.9398067253775
"2022-01-13","10 day R","2020-11-05","AT","point","NA",1.66365319062162
"2022-01-13","10 day R","2020-11-05","AT","quantile","0.025",1.42594179091952
"2022-01-13","10 day R","2020-11-05","AT","quantile","0.975",1.90352469533997
"2022-01-13","10 day R","2020-11-06","AT","point","NA",1.60672892969163
"2022-01-13","10 day R","2020-11-06","AT","quantile","0.025",1.37004245900467
"2022-01-13","10 day R","2020-11-06","AT","quantile","0.975",1.84308226717523
"2022-01-13","10 day R","2020-11-07","AT","point","NA",1.57888776431407
"2022-01-13","10 day R","2020-11-07","AT","quantile","0.025",1.34358941082967
"2022-01-13","10 day R","2020-11-07","AT","quantile","0.975",1.81694345032151
"2022-01-13","10 day R","2020-11-08","AT","point","NA",1.52342716388415
"2022-01-13","10 day R","2020-11-08","AT","quantile","0.025",1.28980840415222
"2022-01-13","10 day R","2020-11-08","AT","quantile","0.975",1.76130754262307
"2022-01-13","10 day R","2020-11-09","AT","point","NA",1.48524123148976
"2022-01-13","10 day R","2020-11-09","AT","quantile","0.025",1.24795388391406
"2022-01-13","10 day R","2020-11-09","AT","quantile","0.975",1.72290951699777
"2022-01-13","10 day R","2020-11-10","AT","point","NA",1.44610027085838
"2022-01-13","10 day R","2020-11-10","AT","quantile","0.025",1.20929285952106
"2022-01-13","10 day R","2020-11-10","AT","quantile","0.975",1.68613412037806
"2022-01-13","10 day R","2020-11-11","AT","point","NA",1.4074906736662
"2022-01-13","10 day R","2020-11-11","AT","quantile","0.025",1.16763857435498
"2022-01-13","10 day R","2020-11-11","AT","quantile","0.975",1.64437300962672
"2022-01-13","10 day R","2020-11-12","AT","point","NA",1.38021432162371
"2022-01-13","10 day R","2020-11-12","AT","quantile","0.025",1.13945273189579
"2022-01-13","10 day R","2020-11-12","AT","quantile","0.975",1.61729206134942
"2022-01-13","10 day R","2020-11-13","AT","point","NA",1.3242983245077
"2022-01-13","10 day R","2020-11-13","AT","quantile","0.025",1.08409092037013
"2022-01-13","10 day R","2020-11-13","AT","quantile","0.975",1.56137744091261
"2022-01-13","10 day R","2020-11-14","AT","point","NA",1.22821660924509
"2022-01-13","10 day R","2020-11-14","AT","quantile","0.025",0.989990654439668
"2022-01-13","10 day R","2020-11-14","AT","quantile","0.975",1.46693990577351
"2022-01-13","10 day R","2020-11-15","AT","point","NA",1.16681976641741
"2022-01-13","10 day R","2020-11-15","AT","quantile","0.025",0.928348434367472
"2022-01-13","10 day R","2020-11-15","AT","quantile","0.975",1.4065325445928
"2022-01-13","10 day R","2020-11-16","AT","point","NA",1.12543473472644
"2022-01-13","10 day R","2020-11-16","AT","quantile","0.025",0.886457894225699
"2022-01-13","10 day R","2020-11-16","AT","quantile","0.975",1.3622549842574
"2022-01-13","10 day R","2020-11-17","AT","point","NA",1.09261777835135
"2022-01-13","10 day R","2020-11-17","AT","quantile","0.025",0.85457519473271
"2022-01-13","10 day R","2020-11-17","AT","quantile","0.975",1.32925012943239
"2022-01-13","10 day R","2020-11-18","AT","point","NA",1.04933842738799
"2022-01-13","10 day R","2020-11-18","AT","quantile","0.025",0.814029469491025
"2022-01-13","10 day R","2020-11-18","AT","quantile","0.975",1.2889480599026
"2022-01-13","10 day R","2020-11-19","AT","point","NA",1.00554127354848
"2022-01-13","10 day R","2020-11-19","AT","quantile","0.025",0.768755457794524
"2022-01-13","10 day R","2020-11-19","AT","quantile","0.975",1.2411526815769
"2022-01-13","10 day R","2020-11-20","AT","point","NA",0.974261943154371
"2022-01-13","10 day R","2020-11-20","AT","quantile","0.025",0.738147070937283
"2022-01-13","10 day R","2020-11-20","AT","quantile","0.975",1.20949952278107
"2022-01-13","10 day R","2020-11-21","AT","point","NA",0.950889512210036
"2022-01-13","10 day R","2020-11-21","AT","quantile","0.025",0.711149699865201
"2022-01-13","10 day R","2020-11-21","AT","quantile","0.975",1.1879105616571
"2022-01-13","10 day R","2020-11-22","AT","point","NA",0.922632276399909
"2022-01-13","10 day R","2020-11-22","AT","quantile","0.025",0.686874712174355
"2022-01-13","10 day R","2020-11-22","AT","quantile","0.975",1.16030444129005
"2022-01-13","10 day R","2020-11-23","AT","point","NA",0.887371200546536
"2022-01-13","10 day R","2020-11-23","AT","quantile","0.025",0.649586931406339
"2022-01-13","10 day R","2020-11-23","AT","quantile","0.975",1.12593819517609
"2022-01-13","10 day R","2020-11-24","AT","point","NA",0.865477682635522
"2022-01-13","10 day R","2020-11-24","AT","quantile","0.025",0.628022414952844
"2022-01-13","10 day R","2020-11-24","AT","quantile","0.975",1.09992227994801
"2022-01-13","10 day R","2020-11-25","AT","point","NA",0.843084876480143
"2022-01-13","10 day R","2020-11-25","AT","quantile","0.025",0.605724110562912
"2022-01-13","10 day R","2020-11-25","AT","quantile","0.975",1.08131100289517
"2022-01-13","10 day R","2020-11-26","AT","point","NA",0.816377089906584
"2022-01-13","10 day R","2020-11-26","AT","quantile","0.025",0.580509253423569
"2022-01-13","10 day R","2020-11-26","AT","quantile","0.975",1.0550369177241
"2022-01-13","10 day R","2020-11-27","AT","point","NA",0.796087119097304
"2022-01-13","10 day R","2020-11-27","AT","quantile","0.025",0.559198438667736
"2022-01-13","10 day R","2020-11-27","AT","quantile","0.975",1.0347449821098
"2022-01-13","10 day R","2020-11-28","AT","point","NA",0.785239388651685
"2022-01-13","10 day R","2020-11-28","AT","quantile","0.025",0.546313029637306
"2022-01-13","10 day R","2020-11-28","AT","quantile","0.975",1.02385159971242
"2022-01-13","10 day R","2020-11-29","AT","point","NA",0.777966088367027
"2022-01-13","10 day R","2020-11-29","AT","quantile","0.025",0.540559773990447
"2022-01-13","10 day R","2020-11-29","AT","quantile","0.975",1.01637124474446
"2022-01-13","10 day R","2020-11-30","AT","point","NA",0.75745827938624
"2022-01-13","10 day R","2020-11-30","AT","quantile","0.025",0.517668933042158
"2022-01-13","10 day R","2020-11-30","AT","quantile","0.975",0.988583411326355
"2022-01-13","10 day R","2020-12-01","AT","point","NA",0.731874432270485
"2022-01-13","10 day R","2020-12-01","AT","quantile","0.025",0.493244112798179
"2022-01-13","10 day R","2020-12-01","AT","quantile","0.975",0.96674840672192
"2022-01-13","10 day R","2020-12-02","AT","point","NA",0.712894459014243
"2022-01-13","10 day R","2020-12-02","AT","quantile","0.025",0.478208217283873
"2022-01-13","10 day R","2020-12-02","AT","quantile","0.975",0.950235760641403
"2022-01-13","10 day R","2020-12-03","AT","point","NA",0.702612223905602
"2022-01-13","10 day R","2020-12-03","AT","quantile","0.025",0.464067187357971
"2022-01-13","10 day R","2020-12-03","AT","quantile","0.975",0.93912730322715
"2022-01-13","10 day R","2020-12-04","AT","point","NA",0.702106151207913
"2022-01-13","10 day R","2020-12-04","AT","quantile","0.025",0.465100989497202
"2022-01-13","10 day R","2020-12-04","AT","quantile","0.975",0.939505373460421
"2022-01-13","10 day R","2020-12-05","AT","point","NA",0.702112518637079
"2022-01-13","10 day R","2020-12-05","AT","quantile","0.025",0.462657147177552
"2022-01-13","10 day R","2020-12-05","AT","quantile","0.975",0.940386681288178
"2022-01-13","10 day R","2020-12-06","AT","point","NA",0.704164539621757
"2022-01-13","10 day R","2020-12-06","AT","quantile","0.025",0.466376757101513
"2022-01-13","10 day R","2020-12-06","AT","quantile","0.975",0.942549014329911
"2022-01-13","10 day R","2020-12-07","AT","point","NA",0.700351001644555
"2022-01-13","10 day R","2020-12-07","AT","quantile","0.025",0.459663373044269
"2022-01-13","10 day R","2020-12-07","AT","quantile","0.975",0.941437896056514
"2022-01-13","10 day R","2020-12-08","AT","point","NA",0.687066464354164
"2022-01-13","10 day R","2020-12-08","AT","quantile","0.025",0.450708033801713
"2022-01-13","10 day R","2020-12-08","AT","quantile","0.975",0.92542765377177
"2022-01-13","10 day R","2020-12-09","AT","point","NA",0.678131588169589
"2022-01-13","10 day R","2020-12-09","AT","quantile","0.025",0.43896271382247
"2022-01-13","10 day R","2020-12-09","AT","quantile","0.975",0.918651070556718
"2022-01-13","10 day R","2020-12-10","AT","point","NA",0.681780835164966
"2022-01-13","10 day R","2020-12-10","AT","quantile","0.025",0.442174612847925
"2022-01-13","10 day R","2020-12-10","AT","quantile","0.975",0.921962747376674
"2022-01-13","10 day R","2020-12-11","AT","point","NA",0.718087421303697
"2022-01-13","10 day R","2020-12-11","AT","quantile","0.025",0.476398221070298
"2022-01-13","10 day R","2020-12-11","AT","quantile","0.975",0.956040902437458
"2022-01-13","10 day R","2020-12-12","AT","point","NA",0.759231138369167
"2022-01-13","10 day R","2020-12-12","AT","quantile","0.025",0.522472482552866
"2022-01-13","10 day R","2020-12-12","AT","quantile","0.975",1.00006085515075
"2022-01-13","10 day R","2020-12-13","AT","point","NA",0.782541242850909
"2022-01-13","10 day R","2020-12-13","AT","quantile","0.025",0.546113816226994
"2022-01-13","10 day R","2020-12-13","AT","quantile","0.975",1.02431415384141
"2022-01-13","10 day R","2020-12-14","AT","point","NA",0.786652467937401
"2022-01-13","10 day R","2020-12-14","AT","quantile","0.025",0.548457497305501
"2022-01-13","10 day R","2020-12-14","AT","quantile","0.975",1.02672067771735
"2022-01-13","10 day R","2020-12-15","AT","point","NA",0.761956098076699
"2022-01-13","10 day R","2020-12-15","AT","quantile","0.025",0.526686246148113
"2022-01-13","10 day R","2020-12-15","AT","quantile","0.975",1.00184733463979
"2022-01-13","10 day R","2020-12-16","AT","point","NA",0.722140283508726
"2022-01-13","10 day R","2020-12-16","AT","quantile","0.025",0.487584476976103
"2022-01-13","10 day R","2020-12-16","AT","quantile","0.975",0.960703554210221
"2022-01-13","10 day R","2020-12-17","AT","point","NA",0.689809226064291
"2022-01-13","10 day R","2020-12-17","AT","quantile","0.025",0.452157459190148
"2022-01-13","10 day R","2020-12-17","AT","quantile","0.975",0.923689363358204
"2022-01-13","10 day R","2020-12-18","AT","point","NA",0.685529526663677
"2022-01-13","10 day R","2020-12-18","AT","quantile","0.025",0.448657992722383
"2022-01-13","10 day R","2020-12-18","AT","quantile","0.975",0.919774000390454
"2022-01-13","10 day R","2020-12-19","AT","point","NA",0.698280780013279
"2022-01-13","10 day R","2020-12-19","AT","quantile","0.025",0.461351392824237
"2022-01-13","10 day R","2020-12-19","AT","quantile","0.975",0.932773397121144
"2022-01-13","10 day R","2020-12-20","AT","point","NA",0.706390182768558
"2022-01-13","10 day R","2020-12-20","AT","quantile","0.025",0.465721051963862
"2022-01-13","10 day R","2020-12-20","AT","quantile","0.975",0.946471490158604
"2022-01-13","10 day R","2020-12-21","AT","point","NA",0.715026954761778
"2022-01-13","10 day R","2020-12-21","AT","quantile","0.025",0.472961466024735
"2022-01-13","10 day R","2020-12-21","AT","quantile","0.975",0.956155818082651
"2022-01-13","10 day R","2020-12-22","AT","point","NA",0.724678478900025
"2022-01-13","10 day R","2020-12-22","AT","quantile","0.025",0.485363326417007
"2022-01-13","10 day R","2020-12-22","AT","quantile","0.975",0.960820150130423
"2022-01-13","10 day R","2020-12-23","AT","point","NA",0.72906014360808
"2022-01-13","10 day R","2020-12-23","AT","quantile","0.025",0.490184420979221
"2022-01-13","10 day R","2020-12-23","AT","quantile","0.975",0.970449388962102
"2022-01-13","10 day R","2020-12-24","AT","point","NA",0.739087073718646
"2022-01-13","10 day R","2020-12-24","AT","quantile","0.025",0.496432279077021
"2022-01-13","10 day R","2020-12-24","AT","quantile","0.975",0.976733530526035
"2022-01-13","10 day R","2020-12-25","AT","point","NA",0.733328995708309
"2022-01-13","10 day R","2020-12-25","AT","quantile","0.025",0.49144043672759
"2022-01-13","10 day R","2020-12-25","AT","quantile","0.975",0.971008085717444
"2022-01-13","10 day R","2020-12-26","AT","point","NA",0.740036656471286
"2022-01-13","10 day R","2020-12-26","AT","quantile","0.025",0.499930531439095
"2022-01-13","10 day R","2020-12-26","AT","quantile","0.975",0.979850812077984
"2022-01-13","10 day R","2020-12-27","AT","point","NA",0.77742110444023
"2022-01-13","10 day R","2020-12-27","AT","quantile","0.025",0.537759212934862
"2022-01-13","10 day R","2020-12-27","AT","quantile","0.975",1.01723560721328
"2022-01-13","10 day R","2020-12-28","AT","point","NA",0.82272499028329
"2022-01-13","10 day R","2020-12-28","AT","quantile","0.025",0.582337178085263
"2022-01-13","10 day R","2020-12-28","AT","quantile","0.975",1.06294190249347
"2022-01-13","10 day R","2020-12-29","AT","point","NA",0.860399853002032
"2022-01-13","10 day R","2020-12-29","AT","quantile","0.025",0.623417397907554
"2022-01-13","10 day R","2020-12-29","AT","quantile","0.975",1.09640384995756
"2022-01-13","10 day R","2020-12-30","AT","point","NA",0.894225978088897
"2022-01-13","10 day R","2020-12-30","AT","quantile","0.025",0.655710203713882
"2022-01-13","10 day R","2020-12-30","AT","quantile","0.975",1.13348828819787
"2022-01-13","10 day R","2020-12-31","AT","point","NA",0.898432147018752
"2022-01-13","10 day R","2020-12-31","AT","quantile","0.025",0.665224819982633
"2022-01-13","10 day R","2020-12-31","AT","quantile","0.975",1.13436692615803
"2022-01-13","10 day R","2021-01-01","AT","point","NA",0.882029149969241
"2022-01-13","10 day R","2021-01-01","AT","quantile","0.025",0.643917559852703
"2022-01-13","10 day R","2021-01-01","AT","quantile","0.975",1.11939908703651
"2022-01-13","10 day R","2021-01-02","AT","point","NA",0.866813664261835
"2022-01-13","10 day R","2021-01-02","AT","quantile","0.025",0.629403284137251
"2022-01-13","10 day R","2021-01-02","AT","quantile","0.975",1.10142631214682
"2022-01-13","10 day R","2021-01-03","AT","point","NA",0.894596522941288
"2022-01-13","10 day R","2021-01-03","AT","quantile","0.025",0.65539274374618
"2022-01-13","10 day R","2021-01-03","AT","quantile","0.975",1.1317055214479
"2022-01-13","10 day R","2021-01-04","AT","point","NA",0.937153888355775
"2022-01-13","10 day R","2021-01-04","AT","quantile","0.025",0.696802898191285
"2022-01-13","10 day R","2021-01-04","AT","quantile","0.975",1.17300339843796
"2022-01-13","10 day R","2021-01-05","AT","point","NA",0.975372377582769
"2022-01-13","10 day R","2021-01-05","AT","quantile","0.025",0.738353501400079
"2022-01-13","10 day R","2021-01-05","AT","quantile","0.975",1.21481437347439
"2022-01-13","10 day R","2021-01-06","AT","point","NA",0.977147256793401
"2022-01-13","10 day R","2021-01-06","AT","quantile","0.025",0.738231743605827
"2022-01-13","10 day R","2021-01-06","AT","quantile","0.975",1.21903139440928
"2022-01-13","10 day R","2021-01-07","AT","point","NA",0.958190462936557
"2022-01-13","10 day R","2021-01-07","AT","quantile","0.025",0.717019699275346
"2022-01-13","10 day R","2021-01-07","AT","quantile","0.975",1.19735990825381
"2022-01-13","10 day R","2021-01-08","AT","point","NA",0.957611985518759
"2022-01-13","10 day R","2021-01-08","AT","quantile","0.025",0.720102067923287
"2022-01-13","10 day R","2021-01-08","AT","quantile","0.975",1.19774055139884
"2022-01-13","10 day R","2021-01-09","AT","point","NA",0.960266664269154
"2022-01-13","10 day R","2021-01-09","AT","quantile","0.025",0.720728436087868
"2022-01-13","10 day R","2021-01-09","AT","quantile","0.975",1.19914648207352
"2022-01-13","10 day R","2021-01-10","AT","point","NA",0.944507742653705
"2022-01-13","10 day R","2021-01-10","AT","quantile","0.025",0.706166985054204
"2022-01-13","10 day R","2021-01-10","AT","quantile","0.975",1.18418030374992
"2022-01-13","10 day R","2021-01-11","AT","point","NA",0.931788706321715
"2022-01-13","10 day R","2021-01-11","AT","quantile","0.025",0.695580193222241
"2022-01-13","10 day R","2021-01-11","AT","quantile","0.975",1.17179062688561
"2022-01-13","10 day R","2021-01-12","AT","point","NA",0.922349065539891
"2022-01-13","10 day R","2021-01-12","AT","quantile","0.025",0.681801307150944
"2022-01-13","10 day R","2021-01-12","AT","quantile","0.975",1.1606063884759
"2022-01-13","10 day R","2021-01-13","AT","point","NA",0.934160483458724
"2022-01-13","10 day R","2021-01-13","AT","quantile","0.025",0.696007453694193
"2022-01-13","10 day R","2021-01-13","AT","quantile","0.975",1.1731758637729
"2022-01-13","10 day R","2021-01-14","AT","point","NA",0.956891376133559
"2022-01-13","10 day R","2021-01-14","AT","quantile","0.025",0.719095779699256
"2022-01-13","10 day R","2021-01-14","AT","quantile","0.975",1.1937078253057
"2022-01-13","10 day R","2021-01-15","AT","point","NA",0.89171444088069
"2022-01-13","10 day R","2021-01-15","AT","quantile","0.025",0.657438073672794
"2022-01-13","10 day R","2021-01-15","AT","quantile","0.975",1.12712991412153
"2022-01-13","10 day R","2021-01-16","AT","point","NA",0.860578863255217
"2022-01-13","10 day R","2021-01-16","AT","quantile","0.025",0.623834038643512
"2022-01-13","10 day R","2021-01-16","AT","quantile","0.975",1.09724259576174
"2022-01-13","10 day R","2021-01-17","AT","point","NA",0.840044491532265
"2022-01-13","10 day R","2021-01-17","AT","quantile","0.025",0.603784862720512
"2022-01-13","10 day R","2021-01-17","AT","quantile","0.975",1.07982677827823
"2022-01-13","10 day R","2021-01-18","AT","point","NA",0.831123929005667
"2022-01-13","10 day R","2021-01-18","AT","quantile","0.025",0.595114571099379
"2022-01-13","10 day R","2021-01-18","AT","quantile","0.975",1.06949077811118
"2022-01-13","10 day R","2021-01-19","AT","point","NA",0.829150795961316
"2022-01-13","10 day R","2021-01-19","AT","quantile","0.025",0.589003932814927
"2022-01-13","10 day R","2021-01-19","AT","quantile","0.975",1.06714385265235
"2022-01-13","10 day R","2021-01-20","AT","point","NA",0.826870850864156
"2022-01-13","10 day R","2021-01-20","AT","quantile","0.025",0.589367836689466
"2022-01-13","10 day R","2021-01-20","AT","quantile","0.975",1.06551160996073
"2022-01-13","10 day R","2021-01-21","AT","point","NA",0.829108883199805
"2022-01-13","10 day R","2021-01-21","AT","quantile","0.025",0.592929926261091
"2022-01-13","10 day R","2021-01-21","AT","quantile","0.975",1.06651481805299
"2022-01-13","10 day R","2021-01-22","AT","point","NA",0.862321301776625
"2022-01-13","10 day R","2021-01-22","AT","quantile","0.025",0.625833696503061
"2022-01-13","10 day R","2021-01-22","AT","quantile","0.975",1.10236714206874
"2022-01-13","10 day R","2021-01-23","AT","point","NA",0.855724320908143
"2022-01-13","10 day R","2021-01-23","AT","quantile","0.025",0.622154457510153
"2022-01-13","10 day R","2021-01-23","AT","quantile","0.975",1.09098946490101
"2022-01-13","10 day R","2021-01-24","AT","point","NA",0.843350311540755
"2022-01-13","10 day R","2021-01-24","AT","quantile","0.025",0.608082551361384
"2022-01-13","10 day R","2021-01-24","AT","quantile","0.975",1.08096274894577
"2022-01-13","10 day R","2021-01-25","AT","point","NA",0.837259750315115
"2022-01-13","10 day R","2021-01-25","AT","quantile","0.025",0.595205965018392
"2022-01-13","10 day R","2021-01-25","AT","quantile","0.975",1.07707294873404
"2022-01-13","10 day R","2021-01-26","AT","point","NA",0.839522400167673
"2022-01-13","10 day R","2021-01-26","AT","quantile","0.025",0.598170223364122
"2022-01-13","10 day R","2021-01-26","AT","quantile","0.975",1.08035943662864
"2022-01-13","10 day R","2021-01-27","AT","point","NA",0.833154720001427
"2022-01-13","10 day R","2021-01-27","AT","quantile","0.025",0.593252028483676
"2022-01-13","10 day R","2021-01-27","AT","quantile","0.975",1.07392336859857
"2022-01-13","10 day R","2021-01-28","AT","point","NA",0.821619729131378
"2022-01-13","10 day R","2021-01-28","AT","quantile","0.025",0.583083494334664
"2022-01-13","10 day R","2021-01-28","AT","quantile","0.975",1.06356312894304
"2022-01-13","10 day R","2021-01-29","AT","point","NA",0.837333064279536
"2022-01-13","10 day R","2021-01-29","AT","quantile","0.025",0.598427740511499
"2022-01-13","10 day R","2021-01-29","AT","quantile","0.975",1.07757700601665
"2022-01-13","10 day R","2021-01-30","AT","point","NA",0.85910580749158
"2022-01-13","10 day R","2021-01-30","AT","quantile","0.025",0.617608190619144
"2022-01-13","10 day R","2021-01-30","AT","quantile","0.975",1.10038011272212
"2022-01-13","10 day R","2021-01-31","AT","point","NA",0.871654699082484
"2022-01-13","10 day R","2021-01-31","AT","quantile","0.025",0.627942343112409
"2022-01-13","10 day R","2021-01-31","AT","quantile","0.975",1.11391153143544
"2022-01-13","10 day R","2021-02-01","AT","point","NA",0.882483735764602
"2022-01-13","10 day R","2021-02-01","AT","quantile","0.025",0.641503932824034
"2022-01-13","10 day R","2021-02-01","AT","quantile","0.975",1.12342321972916
"2022-01-13","10 day R","2021-02-02","AT","point","NA",0.882294692560144
"2022-01-13","10 day R","2021-02-02","AT","quantile","0.025",0.642854987740215
"2022-01-13","10 day R","2021-02-02","AT","quantile","0.975",1.12383001026467
"2022-01-13","10 day R","2021-02-03","AT","point","NA",0.881119997404944
"2022-01-13","10 day R","2021-02-03","AT","quantile","0.025",0.640334738287311
"2022-01-13","10 day R","2021-02-03","AT","quantile","0.975",1.12156237241889
"2022-01-13","10 day R","2021-02-04","AT","point","NA",0.880911550737888
"2022-01-13","10 day R","2021-02-04","AT","quantile","0.025",0.643619366541675
"2022-01-13","10 day R","2021-02-04","AT","quantile","0.975",1.11761931092582
"2022-01-13","10 day R","2021-02-05","AT","point","NA",0.887209108591956
"2022-01-13","10 day R","2021-02-05","AT","quantile","0.025",0.650520396400939
"2022-01-13","10 day R","2021-02-05","AT","quantile","0.975",1.12642766115388
"2022-01-13","10 day R","2021-02-06","AT","point","NA",0.906519474065152
"2022-01-13","10 day R","2021-02-06","AT","quantile","0.025",0.667857756884686
"2022-01-13","10 day R","2021-02-06","AT","quantile","0.975",1.14496773617687
"2022-01-13","10 day R","2021-02-07","AT","point","NA",0.932560975583835
"2022-01-13","10 day R","2021-02-07","AT","quantile","0.025",0.692234801727942
"2022-01-13","10 day R","2021-02-07","AT","quantile","0.975",1.17287169333855
"2022-01-13","10 day R","2021-02-08","AT","point","NA",0.942817125873142
"2022-01-13","10 day R","2021-02-08","AT","quantile","0.025",0.704540709032049
"2022-01-13","10 day R","2021-02-08","AT","quantile","0.975",1.18200191377906
"2022-01-13","10 day R","2021-02-09","AT","point","NA",0.949574640776611
"2022-01-13","10 day R","2021-02-09","AT","quantile","0.025",0.711554690923238
"2022-01-13","10 day R","2021-02-09","AT","quantile","0.975",1.18693320172512
"2022-01-13","10 day R","2021-02-10","AT","point","NA",0.962354396071628
"2022-01-13","10 day R","2021-02-10","AT","quantile","0.025",0.724624497191264
"2022-01-13","10 day R","2021-02-10","AT","quantile","0.975",1.20096022203357
"2022-01-13","10 day R","2021-02-11","AT","point","NA",0.980989014726987
"2022-01-13","10 day R","2021-02-11","AT","quantile","0.025",0.745816419950748
"2022-01-13","10 day R","2021-02-11","AT","quantile","0.975",1.21781731175464
"2022-01-13","10 day R","2021-02-12","AT","point","NA",1.00575129211857
"2022-01-13","10 day R","2021-02-12","AT","quantile","0.025",0.770247169078401
"2022-01-13","10 day R","2021-02-12","AT","quantile","0.975",1.24057699849593
"2022-01-13","10 day R","2021-02-13","AT","point","NA",1.01142000488635
"2022-01-13","10 day R","2021-02-13","AT","quantile","0.025",0.772031636702031
"2022-01-13","10 day R","2021-02-13","AT","quantile","0.975",1.25171030694047
"2022-01-13","10 day R","2021-02-14","AT","point","NA",1.02799884736294
"2022-01-13","10 day R","2021-02-14","AT","quantile","0.025",0.784793717516851
"2022-01-13","10 day R","2021-02-14","AT","quantile","0.975",1.26383829863518
"2022-01-13","10 day R","2021-02-15","AT","point","NA",1.06295534865798
"2022-01-13","10 day R","2021-02-15","AT","quantile","0.025",0.822381028304898
"2022-01-13","10 day R","2021-02-15","AT","quantile","0.975",1.3000210040443
"2022-01-13","10 day R","2021-02-16","AT","point","NA",1.08714081988402
"2022-01-13","10 day R","2021-02-16","AT","quantile","0.025",0.850985187912834
"2022-01-13","10 day R","2021-02-16","AT","quantile","0.975",1.31980576969481
"2022-01-13","10 day R","2021-02-17","AT","point","NA",1.11121228242771
"2022-01-13","10 day R","2021-02-17","AT","quantile","0.025",0.870343777059138
"2022-01-13","10 day R","2021-02-17","AT","quantile","0.975",1.34671184066148
"2022-01-13","10 day R","2021-02-18","AT","point","NA",1.13302330040694
"2022-01-13","10 day R","2021-02-18","AT","quantile","0.025",0.896635622973093
"2022-01-13","10 day R","2021-02-18","AT","quantile","0.975",1.36620126272532
"2022-01-13","10 day R","2021-02-19","AT","point","NA",1.14615721102589
"2022-01-13","10 day R","2021-02-19","AT","quantile","0.025",0.907006422809995
"2022-01-13","10 day R","2021-02-19","AT","quantile","0.975",1.38277099383336
"2022-01-13","10 day R","2021-02-20","AT","point","NA",1.16375337484916
"2022-01-13","10 day R","2021-02-20","AT","quantile","0.025",0.926713990431882
"2022-01-13","10 day R","2021-02-20","AT","quantile","0.975",1.40408195743299
"2022-01-13","10 day R","2021-02-21","AT","point","NA",1.17545556101605
"2022-01-13","10 day R","2021-02-21","AT","quantile","0.025",0.942136792335194
"2022-01-13","10 day R","2021-02-21","AT","quantile","0.975",1.41266494639412
"2022-01-13","10 day R","2021-02-22","AT","point","NA",1.17092182957521
"2022-01-13","10 day R","2021-02-22","AT","quantile","0.025",0.936096465192386
"2022-01-13","10 day R","2021-02-22","AT","quantile","0.975",1.41106594805282
"2022-01-13","10 day R","2021-02-23","AT","point","NA",1.18085112376753
"2022-01-13","10 day R","2021-02-23","AT","quantile","0.025",0.941053171558277
"2022-01-13","10 day R","2021-02-23","AT","quantile","0.975",1.41842187431558
"2022-01-13","10 day R","2021-02-24","AT","point","NA",1.19191027197175
"2022-01-13","10 day R","2021-02-24","AT","quantile","0.025",0.952129452135375
"2022-01-13","10 day R","2021-02-24","AT","quantile","0.975",1.4280303942784
"2022-01-13","10 day R","2021-02-25","AT","point","NA",1.21015344296567
"2022-01-13","10 day R","2021-02-25","AT","quantile","0.025",0.972123644649299
"2022-01-13","10 day R","2021-02-25","AT","quantile","0.975",1.44410277372478
"2022-01-13","10 day R","2021-02-26","AT","point","NA",1.20956560380506
"2022-01-13","10 day R","2021-02-26","AT","quantile","0.025",0.9729253964137
"2022-01-13","10 day R","2021-02-26","AT","quantile","0.975",1.44640517098489
"2022-01-13","10 day R","2021-02-27","AT","point","NA",1.22120809451427
"2022-01-13","10 day R","2021-02-27","AT","quantile","0.025",0.98113900825957
"2022-01-13","10 day R","2021-02-27","AT","quantile","0.975",1.4607890989016
"2022-01-13","10 day R","2021-02-28","AT","point","NA",1.209935390215
"2022-01-13","10 day R","2021-02-28","AT","quantile","0.025",0.970157459228242
"2022-01-13","10 day R","2021-02-28","AT","quantile","0.975",1.44774894386201
"2022-01-13","10 day R","2021-03-01","AT","point","NA",1.18715576346989
"2022-01-13","10 day R","2021-03-01","AT","quantile","0.025",0.949689644341305
"2022-01-13","10 day R","2021-03-01","AT","quantile","0.975",1.42420111351082
"2022-01-13","10 day R","2021-03-02","AT","point","NA",1.18404967064652
"2022-01-13","10 day R","2021-03-02","AT","quantile","0.025",0.946524553074075
"2022-01-13","10 day R","2021-03-02","AT","quantile","0.975",1.42322375457008
"2022-01-13","10 day R","2021-03-03","AT","point","NA",1.19455963014773
"2022-01-13","10 day R","2021-03-03","AT","quantile","0.025",0.95576795631904
"2022-01-13","10 day R","2021-03-03","AT","quantile","0.975",1.43166098063437
"2022-01-13","10 day R","2021-03-04","AT","point","NA",1.18974288591415
"2022-01-13","10 day R","2021-03-04","AT","quantile","0.025",0.949971832042278
"2022-01-13","10 day R","2021-03-04","AT","quantile","0.975",1.42778227895412
"2022-01-13","10 day R","2021-03-05","AT","point","NA",1.20055389114209
"2022-01-13","10 day R","2021-03-05","AT","quantile","0.025",0.961492280735731
"2022-01-13","10 day R","2021-03-05","AT","quantile","0.975",1.43967085433945
"2022-01-13","10 day R","2021-03-06","AT","point","NA",1.19928267722319
"2022-01-13","10 day R","2021-03-06","AT","quantile","0.025",0.958851413942245
"2022-01-13","10 day R","2021-03-06","AT","quantile","0.975",1.43815972318329
"2022-01-13","10 day R","2021-03-07","AT","point","NA",1.19814331485181
"2022-01-13","10 day R","2021-03-07","AT","quantile","0.025",0.957858935132644
"2022-01-13","10 day R","2021-03-07","AT","quantile","0.975",1.43821174235507
"2022-01-13","10 day R","2021-03-08","AT","point","NA",1.20125970417629
"2022-01-13","10 day R","2021-03-08","AT","quantile","0.025",0.96330017429442
"2022-01-13","10 day R","2021-03-08","AT","quantile","0.975",1.44063232033437
"2022-01-13","10 day R","2021-03-09","AT","point","NA",1.20039438492365
"2022-01-13","10 day R","2021-03-09","AT","quantile","0.025",0.962810188704732
"2022-01-13","10 day R","2021-03-09","AT","quantile","0.975",1.4380908228024
"2022-01-13","10 day R","2021-03-10","AT","point","NA",1.19386237619164
"2022-01-13","10 day R","2021-03-10","AT","quantile","0.025",0.957689144449628
"2022-01-13","10 day R","2021-03-10","AT","quantile","0.975",1.42995239738195
"2022-01-13","10 day R","2021-03-11","AT","point","NA",1.20812042146931
"2022-01-13","10 day R","2021-03-11","AT","quantile","0.025",0.971058216343085
"2022-01-13","10 day R","2021-03-11","AT","quantile","0.975",1.44861452472064
"2022-01-13","10 day R","2021-03-12","AT","point","NA",1.21079577525145
"2022-01-13","10 day R","2021-03-12","AT","quantile","0.025",0.972079860119245
"2022-01-13","10 day R","2021-03-12","AT","quantile","0.975",1.44814663645816
"2022-01-13","10 day R","2021-03-13","AT","point","NA",1.20032813622382
"2022-01-13","10 day R","2021-03-13","AT","quantile","0.025",0.966561498734796
"2022-01-13","10 day R","2021-03-13","AT","quantile","0.975",1.44091443046444
"2022-01-13","10 day R","2021-03-14","AT","point","NA",1.18483983701109
"2022-01-13","10 day R","2021-03-14","AT","quantile","0.025",0.948869229408591
"2022-01-13","10 day R","2021-03-14","AT","quantile","0.975",1.42277610089508
"2022-01-13","10 day R","2021-03-15","AT","point","NA",1.17131032693484
"2022-01-13","10 day R","2021-03-15","AT","quantile","0.025",0.934811532267173
"2022-01-13","10 day R","2021-03-15","AT","quantile","0.975",1.40807420085308
"2022-01-13","10 day R","2021-03-16","AT","point","NA",1.17770514253532
"2022-01-13","10 day R","2021-03-16","AT","quantile","0.025",0.940443843727422
"2022-01-13","10 day R","2021-03-16","AT","quantile","0.975",1.41380034445884
"2022-01-13","10 day R","2021-03-17","AT","point","NA",1.20044210648264
"2022-01-13","10 day R","2021-03-17","AT","quantile","0.025",0.961947416835989
"2022-01-13","10 day R","2021-03-17","AT","quantile","0.975",1.4385802778477
"2022-01-13","10 day R","2021-03-18","AT","point","NA",1.2079343211532
"2022-01-13","10 day R","2021-03-18","AT","quantile","0.025",0.969330140611067
"2022-01-13","10 day R","2021-03-18","AT","quantile","0.975",1.44237894857394
"2022-01-13","10 day R","2021-03-19","AT","point","NA",1.2032302657147
"2022-01-13","10 day R","2021-03-19","AT","quantile","0.025",0.964245176134092
"2022-01-13","10 day R","2021-03-19","AT","quantile","0.975",1.44021682253385
"2022-01-13","10 day R","2021-03-20","AT","point","NA",1.1908811172235
"2022-01-13","10 day R","2021-03-20","AT","quantile","0.025",0.955209868385589
"2022-01-13","10 day R","2021-03-20","AT","quantile","0.975",1.43019018978424
"2022-01-13","10 day R","2021-03-21","AT","point","NA",1.1777114018915
"2022-01-13","10 day R","2021-03-21","AT","quantile","0.025",0.941993061722298
"2022-01-13","10 day R","2021-03-21","AT","quantile","0.975",1.41886203353571
"2022-01-13","10 day R","2021-03-22","AT","point","NA",1.17244853618689
"2022-01-13","10 day R","2021-03-22","AT","quantile","0.025",0.935632789303541
"2022-01-13","10 day R","2021-03-22","AT","quantile","0.975",1.41066181454768
"2022-01-13","10 day R","2021-03-23","AT","point","NA",1.17251291599436
"2022-01-13","10 day R","2021-03-23","AT","quantile","0.025",0.932233482809196
"2022-01-13","10 day R","2021-03-23","AT","quantile","0.975",1.41056004375249
"2022-01-13","10 day R","2021-03-24","AT","point","NA",1.14245683203492
"2022-01-13","10 day R","2021-03-24","AT","quantile","0.025",0.903002582961244
"2022-01-13","10 day R","2021-03-24","AT","quantile","0.975",1.38096213601078
"2022-01-13","10 day R","2021-03-25","AT","point","NA",1.12935177258773
"2022-01-13","10 day R","2021-03-25","AT","quantile","0.025",0.891862963812244
"2022-01-13","10 day R","2021-03-25","AT","quantile","0.975",1.36892479023411
"2022-01-13","10 day R","2021-03-26","AT","point","NA",1.13426501389328
"2022-01-13","10 day R","2021-03-26","AT","quantile","0.025",0.89795333620446
"2022-01-13","10 day R","2021-03-26","AT","quantile","0.975",1.37103206901757
"2022-01-13","10 day R","2021-03-27","AT","point","NA",1.12132816993102
"2022-01-13","10 day R","2021-03-27","AT","quantile","0.025",0.88249684529592
"2022-01-13","10 day R","2021-03-27","AT","quantile","0.975",1.35573391727031
"2022-01-13","10 day R","2021-03-28","AT","point","NA",1.10871528357337
"2022-01-13","10 day R","2021-03-28","AT","quantile","0.025",0.871286838198674
"2022-01-13","10 day R","2021-03-28","AT","quantile","0.975",1.3477320459924
"2022-01-13","10 day R","2021-03-29","AT","point","NA",1.10840216630372
"2022-01-13","10 day R","2021-03-29","AT","quantile","0.025",0.868908803402414
"2022-01-13","10 day R","2021-03-29","AT","quantile","0.975",1.34925344720804
"2022-01-13","10 day R","2021-03-30","AT","point","NA",1.08411309143957
"2022-01-13","10 day R","2021-03-30","AT","quantile","0.025",0.843949691198731
"2022-01-13","10 day R","2021-03-30","AT","quantile","0.975",1.32013053099535
"2022-01-13","10 day R","2021-03-31","AT","point","NA",1.0554186209286
"2022-01-13","10 day R","2021-03-31","AT","quantile","0.025",0.816262253496194
"2022-01-13","10 day R","2021-03-31","AT","quantile","0.975",1.29571819200908
"2022-01-13","10 day R","2021-04-01","AT","point","NA",1.02327669564439
"2022-01-13","10 day R","2021-04-01","AT","quantile","0.025",0.782645356955209
"2022-01-13","10 day R","2021-04-01","AT","quantile","0.975",1.26156847394006
"2022-01-13","10 day R","2021-04-02","AT","point","NA",0.993552880887693
"2022-01-13","10 day R","2021-04-02","AT","quantile","0.025",0.754787511343701
"2022-01-13","10 day R","2021-04-02","AT","quantile","0.975",1.23083694198248
"2022-01-13","10 day R","2021-04-03","AT","point","NA",0.975486649633339
"2022-01-13","10 day R","2021-04-03","AT","quantile","0.025",0.734569406061012
"2022-01-13","10 day R","2021-04-03","AT","quantile","0.975",1.21529288310553
"2022-01-13","10 day R","2021-04-04","AT","point","NA",0.95610635149905
"2022-01-13","10 day R","2021-04-04","AT","quantile","0.025",0.715706796073171
"2022-01-13","10 day R","2021-04-04","AT","quantile","0.975",1.19846794315661
"2022-01-13","10 day R","2021-04-05","AT","point","NA",0.926266448788114
"2022-01-13","10 day R","2021-04-05","AT","quantile","0.025",0.680710321748544
"2022-01-13","10 day R","2021-04-05","AT","quantile","0.975",1.16938199605907
"2022-01-13","10 day R","2021-04-06","AT","point","NA",0.900766389115623
"2022-01-13","10 day R","2021-04-06","AT","quantile","0.025",0.656680866934968
"2022-01-13","10 day R","2021-04-06","AT","quantile","0.975",1.14315233959476
"2022-01-13","10 day R","2021-04-07","AT","point","NA",0.902122780073359
"2022-01-13","10 day R","2021-04-07","AT","quantile","0.025",0.663847221610537
"2022-01-13","10 day R","2021-04-07","AT","quantile","0.975",1.13742607190938
"2022-01-13","10 day R","2021-04-08","AT","point","NA",0.904376372777051
"2022-01-13","10 day R","2021-04-08","AT","quantile","0.025",0.66486835135541
"2022-01-13","10 day R","2021-04-08","AT","quantile","0.975",1.14605015629848
"2022-01-13","10 day R","2021-04-09","AT","point","NA",0.907332753721554
"2022-01-13","10 day R","2021-04-09","AT","quantile","0.025",0.66690889927925
"2022-01-13","10 day R","2021-04-09","AT","quantile","0.975",1.14930591453076
"2022-01-13","10 day R","2021-04-10","AT","point","NA",0.917815556743464
"2022-01-13","10 day R","2021-04-10","AT","quantile","0.025",0.680006251989677
"2022-01-13","10 day R","2021-04-10","AT","quantile","0.975",1.1536575213707
"2022-01-13","10 day R","2021-04-11","AT","point","NA",0.90570791732173
"2022-01-13","10 day R","2021-04-11","AT","quantile","0.025",0.666364620182715
"2022-01-13","10 day R","2021-04-11","AT","quantile","0.975",1.14311809283843
"2022-01-13","10 day R","2021-04-12","AT","point","NA",0.899104398412846
"2022-01-13","10 day R","2021-04-12","AT","quantile","0.025",0.661244263059634
"2022-01-13","10 day R","2021-04-12","AT","quantile","0.975",1.13537186806997
"2022-01-13","10 day R","2021-04-13","AT","point","NA",0.900546569264882
"2022-01-13","10 day R","2021-04-13","AT","quantile","0.025",0.663626108401464
"2022-01-13","10 day R","2021-04-13","AT","quantile","0.975",1.13870996579073
"2022-01-13","10 day R","2021-04-14","AT","point","NA",0.890554352605241
"2022-01-13","10 day R","2021-04-14","AT","quantile","0.025",0.653952789185439
"2022-01-13","10 day R","2021-04-14","AT","quantile","0.975",1.13018072871701
"2022-01-13","10 day R","2021-04-15","AT","point","NA",0.875211320157325
"2022-01-13","10 day R","2021-04-15","AT","quantile","0.025",0.637974792091825
"2022-01-13","10 day R","2021-04-15","AT","quantile","0.975",1.11104216012203
"2022-01-13","10 day R","2021-04-16","AT","point","NA",0.859087663053945
"2022-01-13","10 day R","2021-04-16","AT","quantile","0.025",0.622485374965897
"2022-01-13","10 day R","2021-04-16","AT","quantile","0.975",1.09508081857736
"2022-01-13","10 day R","2021-04-17","AT","point","NA",0.853117671357015
"2022-01-13","10 day R","2021-04-17","AT","quantile","0.025",0.61246498667578
"2022-01-13","10 day R","2021-04-17","AT","quantile","0.975",1.08990710204557
"2022-01-13","10 day R","2021-04-18","AT","point","NA",0.870851868380749
"2022-01-13","10 day R","2021-04-18","AT","quantile","0.025",0.631457721559089
"2022-01-13","10 day R","2021-04-18","AT","quantile","0.975",1.10835341592495
"2022-01-13","10 day R","2021-04-19","AT","point","NA",0.88664574183995
"2022-01-13","10 day R","2021-04-19","AT","quantile","0.025",0.646347169535944
"2022-01-13","10 day R","2021-04-19","AT","quantile","0.975",1.12838094961843
"2022-01-13","10 day R","2021-04-20","AT","point","NA",0.883812933729694
"2022-01-13","10 day R","2021-04-20","AT","quantile","0.025",0.647281218391514
"2022-01-13","10 day R","2021-04-20","AT","quantile","0.975",1.12165746999298
"2022-01-13","10 day R","2021-04-21","AT","point","NA",0.876212851816307
"2022-01-13","10 day R","2021-04-21","AT","quantile","0.025",0.637250203968704
"2022-01-13","10 day R","2021-04-21","AT","quantile","0.975",1.11274619721708
"2022-01-13","10 day R","2021-04-22","AT","point","NA",0.871861107021859
"2022-01-13","10 day R","2021-04-22","AT","quantile","0.025",0.633931880929369
"2022-01-13","10 day R","2021-04-22","AT","quantile","0.975",1.10939728507562
"2022-01-13","10 day R","2021-04-23","AT","point","NA",0.866636058827198
"2022-01-13","10 day R","2021-04-23","AT","quantile","0.025",0.627661428731448
"2022-01-13","10 day R","2021-04-23","AT","quantile","0.975",1.1033765007061
"2022-01-13","10 day R","2021-04-24","AT","point","NA",0.862279934503519
"2022-01-13","10 day R","2021-04-24","AT","quantile","0.025",0.624994338412779
"2022-01-13","10 day R","2021-04-24","AT","quantile","0.975",1.09667174392154
"2022-01-13","10 day R","2021-04-25","AT","point","NA",0.857891959435966
"2022-01-13","10 day R","2021-04-25","AT","quantile","0.025",0.6193743778918
"2022-01-13","10 day R","2021-04-25","AT","quantile","0.975",1.09764626482041
"2022-01-13","10 day R","2021-04-26","AT","point","NA",0.848429314051124
"2022-01-13","10 day R","2021-04-26","AT","quantile","0.025",0.608587244362234
"2022-01-13","10 day R","2021-04-26","AT","quantile","0.975",1.08860725400701
"2022-01-13","10 day R","2021-04-27","AT","point","NA",0.842399276088581
"2022-01-13","10 day R","2021-04-27","AT","quantile","0.025",0.601487202013356
"2022-01-13","10 day R","2021-04-27","AT","quantile","0.975",1.08071205282093
"2022-01-13","10 day R","2021-04-28","AT","point","NA",0.843795556018747
"2022-01-13","10 day R","2021-04-28","AT","quantile","0.025",0.602693145545922
"2022-01-13","10 day R","2021-04-28","AT","quantile","0.975",1.08335527627128
"2022-01-13","10 day R","2021-04-29","AT","point","NA",0.838217909752863
"2022-01-13","10 day R","2021-04-29","AT","quantile","0.025",0.601381445701847
"2022-01-13","10 day R","2021-04-29","AT","quantile","0.975",1.07611143690486
"2022-01-13","10 day R","2021-04-30","AT","point","NA",0.815573065844193
"2022-01-13","10 day R","2021-04-30","AT","quantile","0.025",0.578815512837428
"2022-01-13","10 day R","2021-04-30","AT","quantile","0.975",1.05740967525114
"2022-01-13","10 day R","2021-05-01","AT","point","NA",0.785157992375866
"2022-01-13","10 day R","2021-05-01","AT","quantile","0.025",0.54737184008461
"2022-01-13","10 day R","2021-05-01","AT","quantile","0.975",1.0264014715155
"2022-01-13","10 day R","2021-05-02","AT","point","NA",0.763195149853806
"2022-01-13","10 day R","2021-05-02","AT","quantile","0.025",0.5253263734804
"2022-01-13","10 day R","2021-05-02","AT","quantile","0.975",1.0066993508793
"2022-01-13","10 day R","2021-05-03","AT","point","NA",0.738232020165446
"2022-01-13","10 day R","2021-05-03","AT","quantile","0.025",0.499085620733931
"2022-01-13","10 day R","2021-05-03","AT","quantile","0.975",0.977465287931289
"2022-01-13","10 day R","2021-05-04","AT","point","NA",0.721026170998632
"2022-01-13","10 day R","2021-05-04","AT","quantile","0.025",0.487064672972722
"2022-01-13","10 day R","2021-05-04","AT","quantile","0.975",0.95960297945668
"2022-01-13","10 day R","2021-05-05","AT","point","NA",0.69300082743479
"2022-01-13","10 day R","2021-05-05","AT","quantile","0.025",0.456278816479987
"2022-01-13","10 day R","2021-05-05","AT","quantile","0.975",0.931296345708101
"2022-01-13","10 day R","2021-05-06","AT","point","NA",0.667755774525088
"2022-01-13","10 day R","2021-05-06","AT","quantile","0.025",0.427514649973122
"2022-01-13","10 day R","2021-05-06","AT","quantile","0.975",0.904918511109563
"2022-01-13","10 day R","2021-05-07","AT","point","NA",0.657634458926331
"2022-01-13","10 day R","2021-05-07","AT","quantile","0.025",0.420558083964578
"2022-01-13","10 day R","2021-05-07","AT","quantile","0.975",0.891221706124222
"2022-01-13","10 day R","2021-05-08","AT","point","NA",0.653548002904685
"2022-01-13","10 day R","2021-05-08","AT","quantile","0.025",0.41330164534433
"2022-01-13","10 day R","2021-05-08","AT","quantile","0.975",0.892783094209266
"2022-01-13","10 day R","2021-05-09","AT","point","NA",0.642455329962598
"2022-01-13","10 day R","2021-05-09","AT","quantile","0.025",0.404914104473274
"2022-01-13","10 day R","2021-05-09","AT","quantile","0.975",0.882636809282035
"2022-01-13","10 day R","2021-05-10","AT","point","NA",0.634864241354518
"2022-01-13","10 day R","2021-05-10","AT","quantile","0.025",0.398038345317492
"2022-01-13","10 day R","2021-05-10","AT","quantile","0.975",0.87236152477135
"2022-01-13","10 day R","2021-05-11","AT","point","NA",0.621316694736985
"2022-01-13","10 day R","2021-05-11","AT","quantile","0.025",0.380532307454238
"2022-01-13","10 day R","2021-05-11","AT","quantile","0.975",0.861862187312553
"2022-01-13","10 day R","2021-05-12","AT","point","NA",0.605041043717809
"2022-01-13","10 day R","2021-05-12","AT","quantile","0.025",0.366154650426913
"2022-01-13","10 day R","2021-05-12","AT","quantile","0.975",0.840245447824782
"2022-01-13","10 day R","2021-05-13","AT","point","NA",0.584784005835772
"2022-01-13","10 day R","2021-05-13","AT","quantile","0.025",0.347548349946621
"2022-01-13","10 day R","2021-05-13","AT","quantile","0.975",0.823420716086514
"2022-01-13","10 day R","2021-05-14","AT","point","NA",0.56462375070721
"2022-01-13","10 day R","2021-05-14","AT","quantile","0.025",0.325214941754901
"2022-01-13","10 day R","2021-05-14","AT","quantile","0.975",0.80631291855843
"2022-01-13","10 day R","2021-05-15","AT","point","NA",0.553258625310624
"2022-01-13","10 day R","2021-05-15","AT","quantile","0.025",0.315332672346368
"2022-01-13","10 day R","2021-05-15","AT","quantile","0.975",0.791363787381727
"2022-01-13","10 day R","2021-05-16","AT","point","NA",0.556534436562716
"2022-01-13","10 day R","2021-05-16","AT","quantile","0.025",0.319556202269669
"2022-01-13","10 day R","2021-05-16","AT","quantile","0.975",0.790228355966443
"2022-01-13","10 day R","2021-05-17","AT","point","NA",0.563350117177421
"2022-01-13","10 day R","2021-05-17","AT","quantile","0.025",0.323512552925992
"2022-01-13","10 day R","2021-05-17","AT","quantile","0.975",0.800124428776382
"2022-01-13","10 day R","2021-05-18","AT","point","NA",0.569321693792572
"2022-01-13","10 day R","2021-05-18","AT","quantile","0.025",0.329251775728833
"2022-01-13","10 day R","2021-05-18","AT","quantile","0.975",0.810134495300049
"2022-01-13","10 day R","2021-05-19","AT","point","NA",0.572990965061387
"2022-01-13","10 day R","2021-05-19","AT","quantile","0.025",0.333792143929925
"2022-01-13","10 day R","2021-05-19","AT","quantile","0.975",0.81234583388587
"2022-01-13","10 day R","2021-05-20","AT","point","NA",0.559800325734642
"2022-01-13","10 day R","2021-05-20","AT","quantile","0.025",0.322846064098249
"2022-01-13","10 day R","2021-05-20","AT","quantile","0.975",0.79618988735866
"2022-01-13","10 day R","2021-05-21","AT","point","NA",0.560674555766674
"2022-01-13","10 day R","2021-05-21","AT","quantile","0.025",0.323280648625274
"2022-01-13","10 day R","2021-05-21","AT","quantile","0.975",0.800397182784962
"2022-01-13","10 day R","2021-05-22","AT","point","NA",0.561654103847207
"2022-01-13","10 day R","2021-05-22","AT","quantile","0.025",0.324682625511992
"2022-01-13","10 day R","2021-05-22","AT","quantile","0.975",0.800409924890441
"2022-01-13","10 day R","2021-05-23","AT","point","NA",0.559885086453431
"2022-01-13","10 day R","2021-05-23","AT","quantile","0.025",0.321200799061497
"2022-01-13","10 day R","2021-05-23","AT","quantile","0.975",0.800334592792693
"2022-01-13","10 day R","2021-05-24","AT","point","NA",0.56006499877472
"2022-01-13","10 day R","2021-05-24","AT","quantile","0.025",0.320977858028768
"2022-01-13","10 day R","2021-05-24","AT","quantile","0.975",0.796821951359045
"2022-01-13","10 day R","2021-05-25","AT","point","NA",0.559197701045581
"2022-01-13","10 day R","2021-05-25","AT","quantile","0.025",0.321521950438721
"2022-01-13","10 day R","2021-05-25","AT","quantile","0.975",0.798697361831726
"2022-01-13","10 day R","2021-05-26","AT","point","NA",0.561709113987836
"2022-01-13","10 day R","2021-05-26","AT","quantile","0.025",0.325157807092688
"2022-01-13","10 day R","2021-05-26","AT","quantile","0.975",0.797116073844761
"2022-01-13","10 day R","2021-05-27","AT","point","NA",0.58964504314276
"2022-01-13","10 day R","2021-05-27","AT","quantile","0.025",0.353481380724628
"2022-01-13","10 day R","2021-05-27","AT","quantile","0.975",0.826702875928862
"2022-01-13","10 day R","2021-05-28","AT","point","NA",0.596437239555955
"2022-01-13","10 day R","2021-05-28","AT","quantile","0.025",0.363244622293485
"2022-01-13","10 day R","2021-05-28","AT","quantile","0.975",0.83437017320543
"2022-01-13","10 day R","2021-05-29","AT","point","NA",0.592111073843616
"2022-01-13","10 day R","2021-05-29","AT","quantile","0.025",0.356337598816139
"2022-01-13","10 day R","2021-05-29","AT","quantile","0.975",0.830590138877233
"2022-01-13","10 day R","2021-05-30","AT","point","NA",0.574487325099312
"2022-01-13","10 day R","2021-05-30","AT","quantile","0.025",0.337369478940729
"2022-01-13","10 day R","2021-05-30","AT","quantile","0.975",0.810167939252975
"2022-01-13","10 day R","2021-05-31","AT","point","NA",0.564976727097482
"2022-01-13","10 day R","2021-05-31","AT","quantile","0.025",0.325896946827375
"2022-01-13","10 day R","2021-05-31","AT","quantile","0.975",0.802837380047412
"2022-01-13","10 day R","2021-06-01","AT","point","NA",0.564037907776643
"2022-01-13","10 day R","2021-06-01","AT","quantile","0.025",0.324808459844689
"2022-01-13","10 day R","2021-06-01","AT","quantile","0.975",0.803973756370551
"2022-01-13","10 day R","2021-06-02","AT","point","NA",0.552880143446836
"2022-01-13","10 day R","2021-06-02","AT","quantile","0.025",0.317180199700208
"2022-01-13","10 day R","2021-06-02","AT","quantile","0.975",0.79411067154015
"2022-01-13","10 day R","2021-06-03","AT","point","NA",0.544152515804973
"2022-01-13","10 day R","2021-06-03","AT","quantile","0.025",0.307987402867106
"2022-01-13","10 day R","2021-06-03","AT","quantile","0.975",0.781204880173608
"2022-01-13","10 day R","2021-06-04","AT","point","NA",0.55743691209884
"2022-01-13","10 day R","2021-06-04","AT","quantile","0.025",0.318359034559829
"2022-01-13","10 day R","2021-06-04","AT","quantile","0.975",0.793672190609167
"2022-01-13","10 day R","2021-06-05","AT","point","NA",0.576049690496495
"2022-01-13","10 day R","2021-06-05","AT","quantile","0.025",0.339012688197259
"2022-01-13","10 day R","2021-06-05","AT","quantile","0.975",0.810785152564969
"2022-01-13","10 day R","2021-06-06","AT","point","NA",0.609550290010304
"2022-01-13","10 day R","2021-06-06","AT","quantile","0.025",0.37370416830933
"2022-01-13","10 day R","2021-06-06","AT","quantile","0.975",0.844389024538378
"2022-01-13","10 day R","2021-06-07","AT","point","NA",0.62414602420019
"2022-01-13","10 day R","2021-06-07","AT","quantile","0.025",0.390785841901109
"2022-01-13","10 day R","2021-06-07","AT","quantile","0.975",0.859384531191504
"2022-01-13","10 day R","2021-06-08","AT","point","NA",0.616022091721734
"2022-01-13","10 day R","2021-06-08","AT","quantile","0.025",0.383089421642112
"2022-01-13","10 day R","2021-06-08","AT","quantile","0.975",0.850916777552682
"2022-01-13","10 day R","2021-06-09","AT","point","NA",0.603349593822268
"2022-01-13","10 day R","2021-06-09","AT","quantile","0.025",0.370919863723199
"2022-01-13","10 day R","2021-06-09","AT","quantile","0.975",0.840367060468812
"2022-01-13","10 day R","2021-06-10","AT","point","NA",0.572863666268751
"2022-01-13","10 day R","2021-06-10","AT","quantile","0.025",0.334852754199073
"2022-01-13","10 day R","2021-06-10","AT","quantile","0.975",0.809953624278026
"2022-01-13","10 day R","2021-06-11","AT","point","NA",0.539153035734372
"2022-01-13","10 day R","2021-06-11","AT","quantile","0.025",0.302410392970386
"2022-01-13","10 day R","2021-06-11","AT","quantile","0.975",0.780112086428408
"2022-01-13","10 day R","2021-06-12","AT","point","NA",0.521048035870495
"2022-01-13","10 day R","2021-06-12","AT","quantile","0.025",0.282446400044316
"2022-01-13","10 day R","2021-06-12","AT","quantile","0.975",0.759103430886161
"2022-01-13","10 day R","2021-06-13","AT","point","NA",0.515674141957474
"2022-01-13","10 day R","2021-06-13","AT","quantile","0.025",0.27764310743921
"2022-01-13","10 day R","2021-06-13","AT","quantile","0.975",0.75264120001066
"2022-01-13","10 day R","2021-06-14","AT","point","NA",0.494148164067411
"2022-01-13","10 day R","2021-06-14","AT","quantile","0.025",0.257201514947666
"2022-01-13","10 day R","2021-06-14","AT","quantile","0.975",0.733279174782453
"2022-01-13","10 day R","2021-06-15","AT","point","NA",0.476928420377699
"2022-01-13","10 day R","2021-06-15","AT","quantile","0.025",0.239707384089049
"2022-01-13","10 day R","2021-06-15","AT","quantile","0.975",0.716216555647365
"2022-01-13","10 day R","2021-06-16","AT","point","NA",0.461417129107163
"2022-01-13","10 day R","2021-06-16","AT","quantile","0.025",0.221192841213164
"2022-01-13","10 day R","2021-06-16","AT","quantile","0.975",0.697149952722685
"2022-01-13","10 day R","2021-06-17","AT","point","NA",0.462763898866472
"2022-01-13","10 day R","2021-06-17","AT","quantile","0.025",0.227033042213743
"2022-01-13","10 day R","2021-06-17","AT","quantile","0.975",0.69827640676196
"2022-01-13","10 day R","2021-06-18","AT","point","NA",0.454368233805946
"2022-01-13","10 day R","2021-06-18","AT","quantile","0.025",0.21588253517225
"2022-01-13","10 day R","2021-06-18","AT","quantile","0.975",0.692301739667303
"2022-01-13","10 day R","2021-06-19","AT","point","NA",0.456200989458691
"2022-01-13","10 day R","2021-06-19","AT","quantile","0.025",0.216134778271479
"2022-01-13","10 day R","2021-06-19","AT","quantile","0.975",0.694686280752557
"2022-01-13","10 day R","2021-06-20","AT","point","NA",0.469562302858421
"2022-01-13","10 day R","2021-06-20","AT","quantile","0.025",0.2297177244052
"2022-01-13","10 day R","2021-06-20","AT","quantile","0.975",0.706499955740271
"2022-01-13","10 day R","2021-06-21","AT","point","NA",0.467331281412941
"2022-01-13","10 day R","2021-06-21","AT","quantile","0.025",0.233320597545649
"2022-01-13","10 day R","2021-06-21","AT","quantile","0.975",0.704169418631987
"2022-01-13","10 day R","2021-06-22","AT","point","NA",0.455178480933603
"2022-01-13","10 day R","2021-06-22","AT","quantile","0.025",0.214753548601043
"2022-01-13","10 day R","2021-06-22","AT","quantile","0.975",0.69334488189038
"2022-01-13","10 day R","2021-06-23","AT","point","NA",0.451398085640423
"2022-01-13","10 day R","2021-06-23","AT","quantile","0.025",0.213799380947484
"2022-01-13","10 day R","2021-06-23","AT","quantile","0.975",0.691674146484073
"2022-01-13","10 day R","2021-06-24","AT","point","NA",0.454857952358846
"2022-01-13","10 day R","2021-06-24","AT","quantile","0.025",0.217299933829914
"2022-01-13","10 day R","2021-06-24","AT","quantile","0.975",0.690598028238717
"2022-01-13","10 day R","2021-06-25","AT","point","NA",0.483485166341277
"2022-01-13","10 day R","2021-06-25","AT","quantile","0.025",0.244856634674511
"2022-01-13","10 day R","2021-06-25","AT","quantile","0.975",0.72271896520196
"2022-01-13","10 day R","2021-06-26","AT","point","NA",0.522614676432561
"2022-01-13","10 day R","2021-06-26","AT","quantile","0.025",0.287601763983063
"2022-01-13","10 day R","2021-06-26","AT","quantile","0.975",0.761049560882229
"2022-01-13","10 day R","2021-06-27","AT","point","NA",0.504286287013492
"2022-01-13","10 day R","2021-06-27","AT","quantile","0.025",0.267079271330995
"2022-01-13","10 day R","2021-06-27","AT","quantile","0.975",0.74315342047696
"2022-01-13","10 day R","2021-06-28","AT","point","NA",0.488409539096241
"2022-01-13","10 day R","2021-06-28","AT","quantile","0.025",0.248464996577146
"2022-01-13","10 day R","2021-06-28","AT","quantile","0.975",0.727870952349734
"2022-01-13","10 day R","2021-06-29","AT","point","NA",0.468845880200157
"2022-01-13","10 day R","2021-06-29","AT","quantile","0.025",0.230600782622291
"2022-01-13","10 day R","2021-06-29","AT","quantile","0.975",0.707584843105163
"2022-01-13","10 day R","2021-06-30","AT","point","NA",0.476310821880197
"2022-01-13","10 day R","2021-06-30","AT","quantile","0.025",0.235536364422253
"2022-01-13","10 day R","2021-06-30","AT","quantile","0.975",0.715047842308816
"2022-01-13","10 day R","2021-07-01","AT","point","NA",0.524095663818382
"2022-01-13","10 day R","2021-07-01","AT","quantile","0.025",0.283069961205037
"2022-01-13","10 day R","2021-07-01","AT","quantile","0.975",0.763393896016246
"2022-01-13","10 day R","2021-07-02","AT","point","NA",0.595355625335955
"2022-01-13","10 day R","2021-07-02","AT","quantile","0.025",0.356991134188606
"2022-01-13","10 day R","2021-07-02","AT","quantile","0.975",0.831925884651606
"2022-01-13","10 day R","2021-07-03","AT","point","NA",0.66345427954146
"2022-01-13","10 day R","2021-07-03","AT","quantile","0.025",0.422433021566262
"2022-01-13","10 day R","2021-07-03","AT","quantile","0.975",0.902120015582323
"2022-01-13","10 day R","2021-07-04","AT","point","NA",0.743280632905333
"2022-01-13","10 day R","2021-07-04","AT","quantile","0.025",0.503188023799151
"2022-01-13","10 day R","2021-07-04","AT","quantile","0.975",0.982121035603892
"2022-01-13","10 day R","2021-07-05","AT","point","NA",0.824560761623717
"2022-01-13","10 day R","2021-07-05","AT","quantile","0.025",0.586030206319932
"2022-01-13","10 day R","2021-07-05","AT","quantile","0.975",1.06226339068748
"2022-01-13","10 day R","2021-07-06","AT","point","NA",0.901912389687802
"2022-01-13","10 day R","2021-07-06","AT","quantile","0.025",0.662983485110518
"2022-01-13","10 day R","2021-07-06","AT","quantile","0.975",1.14013984791222
"2022-01-13","10 day R","2021-07-07","AT","point","NA",0.980334882346373
"2022-01-13","10 day R","2021-07-07","AT","quantile","0.025",0.741632014639069
"2022-01-13","10 day R","2021-07-07","AT","quantile","0.975",1.2178878827175
"2022-01-13","10 day R","2021-07-08","AT","point","NA",1.09595752971508
"2022-01-13","10 day R","2021-07-08","AT","quantile","0.025",0.85765305249439
"2022-01-13","10 day R","2021-07-08","AT","quantile","0.975",1.33314637274164
"2022-01-13","10 day R","2021-07-09","AT","point","NA",1.22845228943444
"2022-01-13","10 day R","2021-07-09","AT","quantile","0.025",0.989468337464194
"2022-01-13","10 day R","2021-07-09","AT","quantile","0.975",1.46380896915987
"2022-01-13","10 day R","2021-07-10","AT","point","NA",1.34081470845906
"2022-01-13","10 day R","2021-07-10","AT","quantile","0.025",1.10280066785346
"2022-01-13","10 day R","2021-07-10","AT","quantile","0.975",1.57951689078171
"2022-01-13","10 day R","2021-07-11","AT","point","NA",1.46848545823113
"2022-01-13","10 day R","2021-07-11","AT","quantile","0.025",1.22906746306039
"2022-01-13","10 day R","2021-07-11","AT","quantile","0.975",1.70505290839286
"2022-01-13","10 day R","2021-07-12","AT","point","NA",1.5985654771327
"2022-01-13","10 day R","2021-07-12","AT","quantile","0.025",1.35920897899763
"2022-01-13","10 day R","2021-07-12","AT","quantile","0.975",1.83984318102205
"2022-01-13","10 day R","2021-07-13","AT","point","NA",1.70035856168622
"2022-01-13","10 day R","2021-07-13","AT","quantile","0.025",1.46105217174016
"2022-01-13","10 day R","2021-07-13","AT","quantile","0.975",1.94306203597608
"2022-01-13","10 day R","2021-07-14","AT","point","NA",1.7743809387476
"2022-01-13","10 day R","2021-07-14","AT","quantile","0.025",1.53532692730835
"2022-01-13","10 day R","2021-07-14","AT","quantile","0.975",2.01915090397554
"2022-01-13","10 day R","2021-07-15","AT","point","NA",1.78219065203579
"2022-01-13","10 day R","2021-07-15","AT","quantile","0.025",1.53847242320161
"2022-01-13","10 day R","2021-07-15","AT","quantile","0.975",2.02033454070513
"2022-01-13","10 day R","2021-07-16","AT","point","NA",1.77623367394738
"2022-01-13","10 day R","2021-07-16","AT","quantile","0.025",1.53694725247936
"2022-01-13","10 day R","2021-07-16","AT","quantile","0.975",2.01609531573776
"2022-01-13","10 day R","2021-07-17","AT","point","NA",1.75395098353302
"2022-01-13","10 day R","2021-07-17","AT","quantile","0.025",1.51362293057389
"2022-01-13","10 day R","2021-07-17","AT","quantile","0.975",1.99231483489091
"2022-01-13","10 day R","2021-07-18","AT","point","NA",1.67835120478641
"2022-01-13","10 day R","2021-07-18","AT","quantile","0.025",1.44307459573841
"2022-01-13","10 day R","2021-07-18","AT","quantile","0.975",1.91774565610612
"2022-01-13","10 day R","2021-07-19","AT","point","NA",1.60669189726479
"2022-01-13","10 day R","2021-07-19","AT","quantile","0.025",1.36468829023979
"2022-01-13","10 day R","2021-07-19","AT","quantile","0.975",1.84324905589443
"2022-01-13","10 day R","2021-07-20","AT","point","NA",1.56698884814271
"2022-01-13","10 day R","2021-07-20","AT","quantile","0.025",1.32601326645496
"2022-01-13","10 day R","2021-07-20","AT","quantile","0.975",1.80249706350555
"2022-01-13","10 day R","2021-07-21","AT","point","NA",1.529101781976
"2022-01-13","10 day R","2021-07-21","AT","quantile","0.025",1.28846781153225
"2022-01-13","10 day R","2021-07-21","AT","quantile","0.975",1.76848830585829
"2022-01-13","10 day R","2021-07-22","AT","point","NA",1.48826538301927
"2022-01-13","10 day R","2021-07-22","AT","quantile","0.025",1.25354954698745
"2022-01-13","10 day R","2021-07-22","AT","quantile","0.975",1.72715924970067
"2022-01-13","10 day R","2021-07-23","AT","point","NA",1.41388006529584
"2022-01-13","10 day R","2021-07-23","AT","quantile","0.025",1.1760249644318
"2022-01-13","10 day R","2021-07-23","AT","quantile","0.975",1.65657448382078
"2022-01-13","10 day R","2021-07-24","AT","point","NA",1.35840541573094
"2022-01-13","10 day R","2021-07-24","AT","quantile","0.025",1.11912983229558
"2022-01-13","10 day R","2021-07-24","AT","quantile","0.975",1.6006090118593
"2022-01-13","10 day R","2021-07-25","AT","point","NA",1.35275090104869
"2022-01-13","10 day R","2021-07-25","AT","quantile","0.025",1.11112063346642
"2022-01-13","10 day R","2021-07-25","AT","quantile","0.975",1.59167520767592
"2022-01-13","10 day R","2021-07-26","AT","point","NA",1.36575007427128
"2022-01-13","10 day R","2021-07-26","AT","quantile","0.025",1.1296804550027
"2022-01-13","10 day R","2021-07-26","AT","quantile","0.975",1.60405533103891
"2022-01-13","10 day R","2021-07-27","AT","point","NA",1.38279175642312
"2022-01-13","10 day R","2021-07-27","AT","quantile","0.025",1.14270907447534
"2022-01-13","10 day R","2021-07-27","AT","quantile","0.975",1.61834844382574
"2022-01-13","10 day R","2021-07-28","AT","point","NA",1.39232350451468
"2022-01-13","10 day R","2021-07-28","AT","quantile","0.025",1.15531559280044
"2022-01-13","10 day R","2021-07-28","AT","quantile","0.975",1.62845477475149
"2022-01-13","10 day R","2021-07-29","AT","point","NA",1.38170702103017
"2022-01-13","10 day R","2021-07-29","AT","quantile","0.025",1.14141880656402
"2022-01-13","10 day R","2021-07-29","AT","quantile","0.975",1.61628481536525
"2022-01-13","10 day R","2021-07-30","AT","point","NA",1.36271231221511
"2022-01-13","10 day R","2021-07-30","AT","quantile","0.025",1.12520648975325
"2022-01-13","10 day R","2021-07-30","AT","quantile","0.975",1.60045067873954
"2022-01-13","10 day R","2021-07-31","AT","point","NA",1.34174907372218
"2022-01-13","10 day R","2021-07-31","AT","quantile","0.025",1.10523549991861
"2022-01-13","10 day R","2021-07-31","AT","quantile","0.975",1.57549682965603
"2022-01-13","10 day R","2021-08-01","AT","point","NA",1.31347349642712
"2022-01-13","10 day R","2021-08-01","AT","quantile","0.025",1.07305006644505
"2022-01-13","10 day R","2021-08-01","AT","quantile","0.975",1.55009252693542
"2022-01-13","10 day R","2021-08-02","AT","point","NA",1.28659561272128
"2022-01-13","10 day R","2021-08-02","AT","quantile","0.025",1.04567243757932
"2022-01-13","10 day R","2021-08-02","AT","quantile","0.975",1.52942965566373
"2022-01-13","10 day R","2021-08-03","AT","point","NA",1.26502574486654
"2022-01-13","10 day R","2021-08-03","AT","quantile","0.025",1.02605401200002
"2022-01-13","10 day R","2021-08-03","AT","quantile","0.975",1.50565506916895
"2022-01-13","10 day R","2021-08-04","AT","point","NA",1.25627315649231
"2022-01-13","10 day R","2021-08-04","AT","quantile","0.025",1.0124265454534
"2022-01-13","10 day R","2021-08-04","AT","quantile","0.975",1.49560731303735
"2022-01-13","10 day R","2021-08-05","AT","point","NA",1.25847855166628
"2022-01-13","10 day R","2021-08-05","AT","quantile","0.025",1.01616173438522
"2022-01-13","10 day R","2021-08-05","AT","quantile","0.975",1.50086546135741
"2022-01-13","10 day R","2021-08-06","AT","point","NA",1.28246927499734
"2022-01-13","10 day R","2021-08-06","AT","quantile","0.025",1.0463702692941
"2022-01-13","10 day R","2021-08-06","AT","quantile","0.975",1.52685664059929
"2022-01-13","10 day R","2021-08-07","AT","point","NA",1.31895502263509
"2022-01-13","10 day R","2021-08-07","AT","quantile","0.025",1.08175055251451
"2022-01-13","10 day R","2021-08-07","AT","quantile","0.975",1.55900726084211
"2022-01-13","10 day R","2021-08-08","AT","point","NA",1.35633186888489
"2022-01-13","10 day R","2021-08-08","AT","quantile","0.025",1.11948060003747
"2022-01-13","10 day R","2021-08-08","AT","quantile","0.975",1.59228666612958
"2022-01-13","10 day R","2021-08-09","AT","point","NA",1.39589604462385
"2022-01-13","10 day R","2021-08-09","AT","quantile","0.025",1.15694717200009
"2022-01-13","10 day R","2021-08-09","AT","quantile","0.975",1.63544993809436
"2022-01-13","10 day R","2021-08-10","AT","point","NA",1.44905574196898
"2022-01-13","10 day R","2021-08-10","AT","quantile","0.025",1.20794529428104
"2022-01-13","10 day R","2021-08-10","AT","quantile","0.975",1.68717122162785
"2022-01-13","10 day R","2021-08-11","AT","point","NA",1.49365604098643
"2022-01-13","10 day R","2021-08-11","AT","quantile","0.025",1.25615169682661
"2022-01-13","10 day R","2021-08-11","AT","quantile","0.975",1.73630200458391
"2022-01-13","10 day R","2021-08-12","AT","point","NA",1.52005270460362
"2022-01-13","10 day R","2021-08-12","AT","quantile","0.025",1.28314579942986
"2022-01-13","10 day R","2021-08-12","AT","quantile","0.975",1.76202810427458
"2022-01-13","10 day R","2021-08-13","AT","point","NA",1.53702676901167
"2022-01-13","10 day R","2021-08-13","AT","quantile","0.025",1.29944199611208
"2022-01-13","10 day R","2021-08-13","AT","quantile","0.975",1.77818017942869
"2022-01-13","10 day R","2021-08-14","AT","point","NA",1.52885072457934
"2022-01-13","10 day R","2021-08-14","AT","quantile","0.025",1.28645294750838
"2022-01-13","10 day R","2021-08-14","AT","quantile","0.975",1.76601807286924
"2022-01-13","10 day R","2021-08-15","AT","point","NA",1.5199409258865
"2022-01-13","10 day R","2021-08-15","AT","quantile","0.025",1.28114155265273
"2022-01-13","10 day R","2021-08-15","AT","quantile","0.975",1.7591383721178
"2022-01-13","10 day R","2021-08-16","AT","point","NA",1.50944882988015
"2022-01-13","10 day R","2021-08-16","AT","quantile","0.025",1.27106049944377
"2022-01-13","10 day R","2021-08-16","AT","quantile","0.975",1.74768029500832
"2022-01-13","10 day R","2021-08-17","AT","point","NA",1.49883404507862
"2022-01-13","10 day R","2021-08-17","AT","quantile","0.025",1.26186723136092
"2022-01-13","10 day R","2021-08-17","AT","quantile","0.975",1.73518248284559
"2022-01-13","10 day R","2021-08-18","AT","point","NA",1.48766989665519
"2022-01-13","10 day R","2021-08-18","AT","quantile","0.025",1.2535328341082
"2022-01-13","10 day R","2021-08-18","AT","quantile","0.975",1.72513816128268
"2022-01-13","10 day R","2021-08-19","AT","point","NA",1.48312375924367
"2022-01-13","10 day R","2021-08-19","AT","quantile","0.025",1.2427488446682
"2022-01-13","10 day R","2021-08-19","AT","quantile","0.975",1.72236518794177
"2022-01-13","10 day R","2021-08-20","AT","point","NA",1.46562569325435
"2022-01-13","10 day R","2021-08-20","AT","quantile","0.025",1.22949940943497
"2022-01-13","10 day R","2021-08-20","AT","quantile","0.975",1.70307379089766
"2022-01-13","10 day R","2021-08-21","AT","point","NA",1.45468685595825
"2022-01-13","10 day R","2021-08-21","AT","quantile","0.025",1.21732329091739
"2022-01-13","10 day R","2021-08-21","AT","quantile","0.975",1.69474102533921
"2022-01-13","10 day R","2021-08-22","AT","point","NA",1.42923807026005
"2022-01-13","10 day R","2021-08-22","AT","quantile","0.025",1.19152048960452
"2022-01-13","10 day R","2021-08-22","AT","quantile","0.975",1.66909763134019
"2022-01-13","10 day R","2021-08-23","AT","point","NA",1.41514128394421
"2022-01-13","10 day R","2021-08-23","AT","quantile","0.025",1.17724738483594
"2022-01-13","10 day R","2021-08-23","AT","quantile","0.975",1.65633745984308
"2022-01-13","10 day R","2021-08-24","AT","point","NA",1.38050692502349
"2022-01-13","10 day R","2021-08-24","AT","quantile","0.025",1.14362103546386
"2022-01-13","10 day R","2021-08-24","AT","quantile","0.975",1.61769191058387
"2022-01-13","10 day R","2021-08-25","AT","point","NA",1.36087461167939
"2022-01-13","10 day R","2021-08-25","AT","quantile","0.025",1.12295171013999
"2022-01-13","10 day R","2021-08-25","AT","quantile","0.975",1.60068196802783
"2022-01-13","10 day R","2021-08-26","AT","point","NA",1.34266153511735
"2022-01-13","10 day R","2021-08-26","AT","quantile","0.025",1.10415172317856
"2022-01-13","10 day R","2021-08-26","AT","quantile","0.975",1.57844264075829
"2022-01-13","10 day R","2021-08-27","AT","point","NA",1.32522202799148
"2022-01-13","10 day R","2021-08-27","AT","quantile","0.025",1.09050485153449
"2022-01-13","10 day R","2021-08-27","AT","quantile","0.975",1.56208727972939
"2022-01-13","10 day R","2021-08-28","AT","point","NA",1.29916155531703
"2022-01-13","10 day R","2021-08-28","AT","quantile","0.025",1.06183351352956
"2022-01-13","10 day R","2021-08-28","AT","quantile","0.975",1.53572336029256
"2022-01-13","10 day R","2021-08-29","AT","point","NA",1.29825184898955
"2022-01-13","10 day R","2021-08-29","AT","quantile","0.025",1.05915460570394
"2022-01-13","10 day R","2021-08-29","AT","quantile","0.975",1.53561139758229
"2022-01-13","10 day R","2021-08-30","AT","point","NA",1.29395369559033
"2022-01-13","10 day R","2021-08-30","AT","quantile","0.025",1.05501886966379
"2022-01-13","10 day R","2021-08-30","AT","quantile","0.975",1.53232074650866
"2022-01-13","10 day R","2021-08-31","AT","point","NA",1.27673326232101
"2022-01-13","10 day R","2021-08-31","AT","quantile","0.025",1.03536080071939
"2022-01-13","10 day R","2021-08-31","AT","quantile","0.975",1.51798079904735
"2022-01-13","10 day R","2021-09-01","AT","point","NA",1.25728314475307
"2022-01-13","10 day R","2021-09-01","AT","quantile","0.025",1.01914051248692
"2022-01-13","10 day R","2021-09-01","AT","quantile","0.975",1.49466755214198
"2022-01-13","10 day R","2021-09-02","AT","point","NA",1.23909702358306
"2022-01-13","10 day R","2021-09-02","AT","quantile","0.025",1.00136197393456
"2022-01-13","10 day R","2021-09-02","AT","quantile","0.975",1.47470655878618
"2022-01-13","10 day R","2021-09-03","AT","point","NA",1.24109549288998
"2022-01-13","10 day R","2021-09-03","AT","quantile","0.025",1.00591797098193
"2022-01-13","10 day R","2021-09-03","AT","quantile","0.975",1.47736726650086
"2022-01-13","10 day R","2021-09-04","AT","point","NA",1.24600859267404
"2022-01-13","10 day R","2021-09-04","AT","quantile","0.025",1.00843506594411
"2022-01-13","10 day R","2021-09-04","AT","quantile","0.975",1.48350148830607
"2022-01-13","10 day R","2021-09-05","AT","point","NA",1.24189999420604
"2022-01-13","10 day R","2021-09-05","AT","quantile","0.025",1.00303551133788
"2022-01-13","10 day R","2021-09-05","AT","quantile","0.975",1.48264164112016
"2022-01-13","10 day R","2021-09-06","AT","point","NA",1.21916653551274
"2022-01-13","10 day R","2021-09-06","AT","quantile","0.025",0.980868975149442
"2022-01-13","10 day R","2021-09-06","AT","quantile","0.975",1.45736858535134
"2022-01-13","10 day R","2021-09-07","AT","point","NA",1.26746431227215
"2022-01-13","10 day R","2021-09-07","AT","quantile","0.025",1.02885263595363
"2022-01-13","10 day R","2021-09-07","AT","quantile","0.975",1.50651113835887
"2022-01-13","10 day R","2021-09-08","AT","point","NA",1.31200176048109
"2022-01-13","10 day R","2021-09-08","AT","quantile","0.025",1.07487900684691
"2022-01-13","10 day R","2021-09-08","AT","quantile","0.975",1.55021698217559
"2022-01-13","10 day R","2021-09-09","AT","point","NA",1.34246961331441
"2022-01-13","10 day R","2021-09-09","AT","quantile","0.025",1.10466071429008
"2022-01-13","10 day R","2021-09-09","AT","quantile","0.975",1.57838806060744
"2022-01-13","10 day R","2021-09-10","AT","point","NA",1.33151548278037
"2022-01-13","10 day R","2021-09-10","AT","quantile","0.025",1.09688528717011
"2022-01-13","10 day R","2021-09-10","AT","quantile","0.975",1.57224023315546
"2022-01-13","10 day R","2021-09-11","AT","point","NA",1.30518751507489
"2022-01-13","10 day R","2021-09-11","AT","quantile","0.025",1.06482087423633
"2022-01-13","10 day R","2021-09-11","AT","quantile","0.975",1.54545653743413
"2022-01-13","10 day R","2021-09-12","AT","point","NA",1.26804618780666
"2022-01-13","10 day R","2021-09-12","AT","quantile","0.025",1.02724652810618
"2022-01-13","10 day R","2021-09-12","AT","quantile","0.975",1.50561840111532
"2022-01-13","10 day R","2021-09-13","AT","point","NA",1.24801063437262
"2022-01-13","10 day R","2021-09-13","AT","quantile","0.025",1.00519160831543
"2022-01-13","10 day R","2021-09-13","AT","quantile","0.975",1.48533529006818
"2022-01-13","10 day R","2021-09-14","AT","point","NA",1.21881305310551
"2022-01-13","10 day R","2021-09-14","AT","quantile","0.025",0.982296058339834
"2022-01-13","10 day R","2021-09-14","AT","quantile","0.975",1.45639274942194
"2022-01-13","10 day R","2021-09-15","AT","point","NA",1.18744508992532
"2022-01-13","10 day R","2021-09-15","AT","quantile","0.025",0.94991376886713
"2022-01-13","10 day R","2021-09-15","AT","quantile","0.975",1.42227874013577
"2022-01-13","10 day R","2021-09-16","AT","point","NA",1.14612007855357
"2022-01-13","10 day R","2021-09-16","AT","quantile","0.025",0.91378262228571
"2022-01-13","10 day R","2021-09-16","AT","quantile","0.975",1.38591816205433
"2022-01-13","10 day R","2021-09-17","AT","point","NA",1.10830372855837
"2022-01-13","10 day R","2021-09-17","AT","quantile","0.025",0.871186375327749
"2022-01-13","10 day R","2021-09-17","AT","quantile","0.975",1.34539488885327
"2022-01-13","10 day R","2021-09-18","AT","point","NA",1.05981082198655
"2022-01-13","10 day R","2021-09-18","AT","quantile","0.025",0.823040014022425
"2022-01-13","10 day R","2021-09-18","AT","quantile","0.975",1.29971435769665
"2022-01-13","10 day R","2021-09-19","AT","point","NA",1.02694448964972
"2022-01-13","10 day R","2021-09-19","AT","quantile","0.025",0.786901894019867
"2022-01-13","10 day R","2021-09-19","AT","quantile","0.975",1.26632946726473
"2022-01-13","10 day R","2021-09-20","AT","point","NA",1.00617008215479
"2022-01-13","10 day R","2021-09-20","AT","quantile","0.025",0.765108325421479
"2022-01-13","10 day R","2021-09-20","AT","quantile","0.975",1.24412920308746
"2022-01-13","10 day R","2021-09-21","AT","point","NA",0.971736861128376
"2022-01-13","10 day R","2021-09-21","AT","quantile","0.025",0.731125235309358
"2022-01-13","10 day R","2021-09-21","AT","quantile","0.975",1.21045833341442
"2022-01-13","10 day R","2021-09-22","AT","point","NA",0.944498267620291
"2022-01-13","10 day R","2021-09-22","AT","quantile","0.025",0.703209358656637
"2022-01-13","10 day R","2021-09-22","AT","quantile","0.975",1.18408890711208
"2022-01-13","10 day R","2021-09-23","AT","point","NA",0.944733168201679
"2022-01-13","10 day R","2021-09-23","AT","quantile","0.025",0.702644467405712
"2022-01-13","10 day R","2021-09-23","AT","quantile","0.975",1.18396599934915
"2022-01-13","10 day R","2021-09-24","AT","point","NA",0.964230843820669
"2022-01-13","10 day R","2021-09-24","AT","quantile","0.025",0.720500348231328
"2022-01-13","10 day R","2021-09-24","AT","quantile","0.975",1.20673687790318
"2022-01-13","10 day R","2021-09-25","AT","point","NA",0.999621656178351
"2022-01-13","10 day R","2021-09-25","AT","quantile","0.025",0.760096295093318
"2022-01-13","10 day R","2021-09-25","AT","quantile","0.975",1.24074589569045
"2022-01-13","10 day R","2021-09-26","AT","point","NA",1.00146482968437
"2022-01-13","10 day R","2021-09-26","AT","quantile","0.025",0.760581611185812
"2022-01-13","10 day R","2021-09-26","AT","quantile","0.975",1.24107228599273
"2022-01-13","10 day R","2021-09-27","AT","point","NA",1.02009438807434
"2022-01-13","10 day R","2021-09-27","AT","quantile","0.025",0.784372140443415
"2022-01-13","10 day R","2021-09-27","AT","quantile","0.975",1.25726577253426
"2022-01-13","10 day R","2021-09-28","AT","point","NA",1.0319610056733
"2022-01-13","10 day R","2021-09-28","AT","quantile","0.025",0.79565922127255
"2022-01-13","10 day R","2021-09-28","AT","quantile","0.975",1.2712670934123
"2022-01-13","10 day R","2021-09-29","AT","point","NA",1.01862616215108
"2022-01-13","10 day R","2021-09-29","AT","quantile","0.025",0.780710853982571
"2022-01-13","10 day R","2021-09-29","AT","quantile","0.975",1.25803724925829
"2022-01-13","10 day R","2021-09-30","AT","point","NA",1.01225226334547
"2022-01-13","10 day R","2021-09-30","AT","quantile","0.025",0.771193249313117
"2022-01-13","10 day R","2021-09-30","AT","quantile","0.975",1.2519386553914
"2022-01-13","10 day R","2021-10-01","AT","point","NA",1.00142308544792
"2022-01-13","10 day R","2021-10-01","AT","quantile","0.025",0.76292162882831
"2022-01-13","10 day R","2021-10-01","AT","quantile","0.975",1.238148688884
"2022-01-13","10 day R","2021-10-02","AT","point","NA",1.00502882100732
"2022-01-13","10 day R","2021-10-02","AT","quantile","0.025",0.767923828161285
"2022-01-13","10 day R","2021-10-02","AT","quantile","0.975",1.24083153581345
"2022-01-13","10 day R","2021-10-03","AT","point","NA",1.05074838170657
"2022-01-13","10 day R","2021-10-03","AT","quantile","0.025",0.81545801757076
"2022-01-13","10 day R","2021-10-03","AT","quantile","0.975",1.28931327465599
"2022-01-13","10 day R","2021-10-04","AT","point","NA",1.03671229845753
"2022-01-13","10 day R","2021-10-04","AT","quantile","0.025",0.797599788499807
"2022-01-13","10 day R","2021-10-04","AT","quantile","0.975",1.27376826153756
"2022-01-13","10 day R","2021-10-05","AT","point","NA",1.01410300740688
"2022-01-13","10 day R","2021-10-05","AT","quantile","0.025",0.776505143660137
"2022-01-13","10 day R","2021-10-05","AT","quantile","0.975",1.25261805567068
"2022-01-13","10 day R","2021-10-06","AT","point","NA",1.03113437031067
"2022-01-13","10 day R","2021-10-06","AT","quantile","0.025",0.794110065277265
"2022-01-13","10 day R","2021-10-06","AT","quantile","0.975",1.27044494754537
"2022-01-13","10 day R","2021-10-07","AT","point","NA",1.01707487931986
"2022-01-13","10 day R","2021-10-07","AT","quantile","0.025",0.777638277665692
"2022-01-13","10 day R","2021-10-07","AT","quantile","0.975",1.25630767203813
"2022-01-13","10 day R","2021-10-08","AT","point","NA",1.00491808269183
"2022-01-13","10 day R","2021-10-08","AT","quantile","0.025",0.767220126474171
"2022-01-13","10 day R","2021-10-08","AT","quantile","0.975",1.24451736654043
"2022-01-13","10 day R","2021-10-09","AT","point","NA",1.01143780365945
"2022-01-13","10 day R","2021-10-09","AT","quantile","0.025",0.77159990169247
"2022-01-13","10 day R","2021-10-09","AT","quantile","0.975",1.24825643649177
"2022-01-13","10 day R","2021-10-10","AT","point","NA",1.02209999807165
"2022-01-13","10 day R","2021-10-10","AT","quantile","0.025",0.784281210266686
"2022-01-13","10 day R","2021-10-10","AT","quantile","0.975",1.26147333378428
"2022-01-13","10 day R","2021-10-11","AT","point","NA",1.051982005667
"2022-01-13","10 day R","2021-10-11","AT","quantile","0.025",0.815375934196644
"2022-01-13","10 day R","2021-10-11","AT","quantile","0.975",1.28978682097329
"2022-01-13","10 day R","2021-10-12","AT","point","NA",1.08422120914172
"2022-01-13","10 day R","2021-10-12","AT","quantile","0.025",0.844871441927217
"2022-01-13","10 day R","2021-10-12","AT","quantile","0.975",1.32588302248896
"2022-01-13","10 day R","2021-10-13","AT","point","NA",1.12053777141422
"2022-01-13","10 day R","2021-10-13","AT","quantile","0.025",0.87914898285083
"2022-01-13","10 day R","2021-10-13","AT","quantile","0.975",1.36339281601563
"2022-01-13","10 day R","2021-10-14","AT","point","NA",1.14865203449595
"2022-01-13","10 day R","2021-10-14","AT","quantile","0.025",0.906926956781641
"2022-01-13","10 day R","2021-10-14","AT","quantile","0.975",1.39050043523613
"2022-01-13","10 day R","2021-10-15","AT","point","NA",1.18632857179135
"2022-01-13","10 day R","2021-10-15","AT","quantile","0.025",0.944233984234262
"2022-01-13","10 day R","2021-10-15","AT","quantile","0.975",1.42716640767957
"2022-01-13","10 day R","2021-10-16","AT","point","NA",1.22250941376363
"2022-01-13","10 day R","2021-10-16","AT","quantile","0.025",0.97994198185916
"2022-01-13","10 day R","2021-10-16","AT","quantile","0.975",1.46152451249912
"2022-01-13","10 day R","2021-10-17","AT","point","NA",1.26455873545254
"2022-01-13","10 day R","2021-10-17","AT","quantile","0.025",1.02499010302071
"2022-01-13","10 day R","2021-10-17","AT","quantile","0.975",1.50103207799429
"2022-01-13","10 day R","2021-10-18","AT","point","NA",1.32306424273717
"2022-01-13","10 day R","2021-10-18","AT","quantile","0.025",1.08612120477606
"2022-01-13","10 day R","2021-10-18","AT","quantile","0.975",1.5638640717109
"2022-01-13","10 day R","2021-10-19","AT","point","NA",1.3890971710259
"2022-01-13","10 day R","2021-10-19","AT","quantile","0.025",1.15224224520279
"2022-01-13","10 day R","2021-10-19","AT","quantile","0.975",1.62938377680016
"2022-01-13","10 day R","2021-10-20","AT","point","NA",1.42720008877173
"2022-01-13","10 day R","2021-10-20","AT","quantile","0.025",1.18784650718339
"2022-01-13","10 day R","2021-10-20","AT","quantile","0.975",1.66618975886255
"2022-01-13","10 day R","2021-10-21","AT","point","NA",1.44096952317899
"2022-01-13","10 day R","2021-10-21","AT","quantile","0.025",1.2023844940016
"2022-01-13","10 day R","2021-10-21","AT","quantile","0.975",1.67821749477043
"2022-01-13","10 day R","2021-10-22","AT","point","NA",1.4322914853975
"2022-01-13","10 day R","2021-10-22","AT","quantile","0.025",1.19425948268863
"2022-01-13","10 day R","2021-10-22","AT","quantile","0.975",1.66977536998219
"2022-01-13","10 day R","2021-10-23","AT","point","NA",1.43226984669292
"2022-01-13","10 day R","2021-10-23","AT","quantile","0.025",1.19452747756545
"2022-01-13","10 day R","2021-10-23","AT","quantile","0.975",1.6692077583787
"2022-01-13","10 day R","2021-10-24","AT","point","NA",1.43239889106341
"2022-01-13","10 day R","2021-10-24","AT","quantile","0.025",1.193978576832
"2022-01-13","10 day R","2021-10-24","AT","quantile","0.975",1.67530870875658
"2022-01-13","10 day R","2021-10-25","AT","point","NA",1.43164450045823
"2022-01-13","10 day R","2021-10-25","AT","quantile","0.025",1.19147666838408
"2022-01-13","10 day R","2021-10-25","AT","quantile","0.975",1.66937092871817
"2022-01-13","10 day R","2021-10-26","AT","point","NA",1.44036502579369
"2022-01-13","10 day R","2021-10-26","AT","quantile","0.025",1.20236214522784
"2022-01-13","10 day R","2021-10-26","AT","quantile","0.975",1.67648676237834
"2022-01-13","10 day R","2021-10-27","AT","point","NA",1.4518278195971
"2022-01-13","10 day R","2021-10-27","AT","quantile","0.025",1.21493076256669
"2022-01-13","10 day R","2021-10-27","AT","quantile","0.975",1.69117457246848
"2022-01-13","10 day R","2021-10-28","AT","point","NA",1.49167306206439
"2022-01-13","10 day R","2021-10-28","AT","quantile","0.025",1.25237649777753
"2022-01-13","10 day R","2021-10-28","AT","quantile","0.975",1.72977374893339
"2022-01-13","10 day R","2021-10-29","AT","point","NA",1.55935371210319
"2022-01-13","10 day R","2021-10-29","AT","quantile","0.025",1.3167905693065
"2022-01-13","10 day R","2021-10-29","AT","quantile","0.975",1.7977719948973
"2022-01-13","10 day R","2021-10-30","AT","point","NA",1.59087129244387
"2022-01-13","10 day R","2021-10-30","AT","quantile","0.025",1.35058414710908
"2022-01-13","10 day R","2021-10-30","AT","quantile","0.975",1.83059980685476
"2022-01-13","10 day R","2021-10-31","AT","point","NA",1.59369647433736
"2022-01-13","10 day R","2021-10-31","AT","quantile","0.025",1.35632551763411
"2022-01-13","10 day R","2021-10-31","AT","quantile","0.975",1.83366309768161
"2022-01-13","10 day R","2021-11-01","AT","point","NA",1.58626304903491
"2022-01-13","10 day R","2021-11-01","AT","quantile","0.025",1.34950912900537
"2022-01-13","10 day R","2021-11-01","AT","quantile","0.975",1.823063960315
"2022-01-13","10 day R","2021-11-02","AT","point","NA",1.60095593576916
"2022-01-13","10 day R","2021-11-02","AT","quantile","0.025",1.35964070128337
"2022-01-13","10 day R","2021-11-02","AT","quantile","0.975",1.8394187277754
"2022-01-13","10 day R","2021-11-03","AT","point","NA",1.62058698948377
"2022-01-13","10 day R","2021-11-03","AT","quantile","0.025",1.38261874007549
"2022-01-13","10 day R","2021-11-03","AT","quantile","0.975",1.86062330746874
"2022-01-13","10 day R","2021-11-04","AT","point","NA",1.67463126601469
"2022-01-13","10 day R","2021-11-04","AT","quantile","0.025",1.43410613463893
"2022-01-13","10 day R","2021-11-04","AT","quantile","0.975",1.91215185609825
"2022-01-13","10 day R","2021-11-05","AT","point","NA",1.69559672913774
"2022-01-13","10 day R","2021-11-05","AT","quantile","0.025",1.45163257628457
"2022-01-13","10 day R","2021-11-05","AT","quantile","0.975",1.93328275976842
"2022-01-13","10 day R","2021-11-06","AT","point","NA",1.6829653560435
"2022-01-13","10 day R","2021-11-06","AT","quantile","0.025",1.4426950997201
"2022-01-13","10 day R","2021-11-06","AT","quantile","0.975",1.91906571982195
"2022-01-13","10 day R","2021-11-07","AT","point","NA",1.64484318090028
"2022-01-13","10 day R","2021-11-07","AT","quantile","0.025",1.40552632808441
"2022-01-13","10 day R","2021-11-07","AT","quantile","0.975",1.88180763887486
"2022-01-13","10 day R","2021-11-08","AT","point","NA",1.6127546339739
"2022-01-13","10 day R","2021-11-08","AT","quantile","0.025",1.37405687468956
"2022-01-13","10 day R","2021-11-08","AT","quantile","0.975",1.85022103867538
"2022-01-13","10 day R","2021-11-09","AT","point","NA",1.58510480026801
"2022-01-13","10 day R","2021-11-09","AT","quantile","0.025",1.35054662659211
"2022-01-13","10 day R","2021-11-09","AT","quantile","0.975",1.81965921266897
"2022-01-13","10 day R","2021-11-10","AT","point","NA",1.57718862431807
"2022-01-13","10 day R","2021-11-10","AT","quantile","0.025",1.34282581827563
"2022-01-13","10 day R","2021-11-10","AT","quantile","0.975",1.81445001994408
"2022-01-13","10 day R","2021-11-11","AT","point","NA",1.56326527943337
"2022-01-13","10 day R","2021-11-11","AT","quantile","0.025",1.32724392651129
"2022-01-13","10 day R","2021-11-11","AT","quantile","0.975",1.80047168273891
"2022-01-13","10 day R","2021-11-12","AT","point","NA",1.54366055652781
"2022-01-13","10 day R","2021-11-12","AT","quantile","0.025",1.30450733569481
"2022-01-13","10 day R","2021-11-12","AT","quantile","0.975",1.77997872069562
"2022-01-13","10 day R","2021-11-13","AT","point","NA",1.53108144225318
"2022-01-13","10 day R","2021-11-13","AT","quantile","0.025",1.29593780162672
"2022-01-13","10 day R","2021-11-13","AT","quantile","0.975",1.77210307227343
"2022-01-13","10 day R","2021-11-14","AT","point","NA",1.50648400635785
"2022-01-13","10 day R","2021-11-14","AT","quantile","0.025",1.26841391505905
"2022-01-13","10 day R","2021-11-14","AT","quantile","0.975",1.74746994737613
"2022-01-13","10 day R","2021-11-15","AT","point","NA",1.48215678132376
"2022-01-13","10 day R","2021-11-15","AT","quantile","0.025",1.24244296639743
"2022-01-13","10 day R","2021-11-15","AT","quantile","0.975",1.72138433728033
"2022-01-13","10 day R","2021-11-16","AT","point","NA",1.44749181430543
"2022-01-13","10 day R","2021-11-16","AT","quantile","0.025",1.21098411697637
"2022-01-13","10 day R","2021-11-16","AT","quantile","0.975",1.68882720964073
"2022-01-13","10 day R","2021-11-17","AT","point","NA",1.42193629760954
"2022-01-13","10 day R","2021-11-17","AT","quantile","0.025",1.1858880333046
"2022-01-13","10 day R","2021-11-17","AT","quantile","0.975",1.65956682977077
"2022-01-13","10 day R","2021-11-18","AT","point","NA",1.40327763710918
"2022-01-13","10 day R","2021-11-18","AT","quantile","0.025",1.16304377005114
"2022-01-13","10 day R","2021-11-18","AT","quantile","0.975",1.64490595509519
"2022-01-13","10 day R","2021-11-19","AT","point","NA",1.37926675720439
"2022-01-13","10 day R","2021-11-19","AT","quantile","0.025",1.13920637639201
"2022-01-13","10 day R","2021-11-19","AT","quantile","0.975",1.62075853469232
"2022-01-13","10 day R","2021-11-20","AT","point","NA",1.33920678890142
"2022-01-13","10 day R","2021-11-20","AT","quantile","0.025",1.10166091862623
"2022-01-13","10 day R","2021-11-20","AT","quantile","0.975",1.57875808407619
"2022-01-13","10 day R","2021-11-21","AT","point","NA",1.29538713809775
"2022-01-13","10 day R","2021-11-21","AT","quantile","0.025",1.05954693834598
"2022-01-13","10 day R","2021-11-21","AT","quantile","0.975",1.5310336901882
"2022-01-13","10 day R","2021-11-22","AT","point","NA",1.23690300152805
"2022-01-13","10 day R","2021-11-22","AT","quantile","0.025",1.00010894499443
"2022-01-13","10 day R","2021-11-22","AT","quantile","0.975",1.47658228822133
"2022-01-13","10 day R","2021-11-23","AT","point","NA",1.15880388350231
"2022-01-13","10 day R","2021-11-23","AT","quantile","0.025",0.922312826556991
"2022-01-13","10 day R","2021-11-23","AT","quantile","0.975",1.39857398190201
"2022-01-13","10 day R","2021-11-24","AT","point","NA",1.10504887001885
"2022-01-13","10 day R","2021-11-24","AT","quantile","0.025",0.866068640521842
"2022-01-13","10 day R","2021-11-24","AT","quantile","0.975",1.34086718922507
"2022-01-13","10 day R","2021-11-25","AT","point","NA",1.04714545693085
"2022-01-13","10 day R","2021-11-25","AT","quantile","0.025",0.80933508665323
"2022-01-13","10 day R","2021-11-25","AT","quantile","0.975",1.28501735044399
"2022-01-13","10 day R","2021-11-26","AT","point","NA",0.995939515287327
"2022-01-13","10 day R","2021-11-26","AT","quantile","0.025",0.762149161468515
"2022-01-13","10 day R","2021-11-26","AT","quantile","0.975",1.23316381377848
"2022-01-13","10 day R","2021-11-27","AT","point","NA",0.953006410405745
"2022-01-13","10 day R","2021-11-27","AT","quantile","0.025",0.713321890477372
"2022-01-13","10 day R","2021-11-27","AT","quantile","0.975",1.18968602719843
"2022-01-13","10 day R","2021-11-28","AT","point","NA",0.91699417180474
"2022-01-13","10 day R","2021-11-28","AT","quantile","0.025",0.68029502942489
"2022-01-13","10 day R","2021-11-28","AT","quantile","0.975",1.15719794983278
"2022-01-13","10 day R","2021-11-29","AT","point","NA",0.867709632017752
"2022-01-13","10 day R","2021-11-29","AT","quantile","0.025",0.632345226876902
"2022-01-13","10 day R","2021-11-29","AT","quantile","0.975",1.1037961040599
"2022-01-13","10 day R","2021-11-30","AT","point","NA",0.821171423824285
"2022-01-13","10 day R","2021-11-30","AT","quantile","0.025",0.578699329131902
"2022-01-13","10 day R","2021-11-30","AT","quantile","0.975",1.06121140446489
"2022-01-13","10 day R","2021-12-01","AT","point","NA",0.76306871005745
"2022-01-13","10 day R","2021-12-01","AT","quantile","0.025",0.521045879539383
"2022-01-13","10 day R","2021-12-01","AT","quantile","0.975",1.00221662565976
"2022-01-13","10 day R","2021-12-02","AT","point","NA",0.713593270649379
"2022-01-13","10 day R","2021-12-02","AT","quantile","0.025",0.471528373214096
"2022-01-13","10 day R","2021-12-02","AT","quantile","0.975",0.956503447227381
"2022-01-13","10 day R","2021-12-03","AT","point","NA",0.670860595744422
"2022-01-13","10 day R","2021-12-03","AT","quantile","0.025",0.430116203156753
"2022-01-13","10 day R","2021-12-03","AT","quantile","0.975",0.910178594450591
"2022-01-13","10 day R","2021-12-04","AT","point","NA",0.647588693471624
"2022-01-13","10 day R","2021-12-04","AT","quantile","0.025",0.407864292322158
"2022-01-13","10 day R","2021-12-04","AT","quantile","0.975",0.885675328756783
"2022-01-13","10 day R","2021-12-05","AT","point","NA",0.622334326819361
"2022-01-13","10 day R","2021-12-05","AT","quantile","0.025",0.382323276304429
"2022-01-13","10 day R","2021-12-05","AT","quantile","0.975",0.858805234675198
"2022-01-13","10 day R","2021-12-06","AT","point","NA",0.592288991916545
"2022-01-13","10 day R","2021-12-06","AT","quantile","0.025",0.351522592888729
"2022-01-13","10 day R","2021-12-06","AT","quantile","0.975",0.830254060072237
"2022-01-13","10 day R","2021-12-07","AT","point","NA",0.561707261727035
"2022-01-13","10 day R","2021-12-07","AT","quantile","0.025",0.326296808776098
"2022-01-13","10 day R","2021-12-07","AT","quantile","0.975",0.800034116038612
"2022-01-13","10 day R","2021-12-08","AT","point","NA",0.528081414753744
"2022-01-13","10 day R","2021-12-08","AT","quantile","0.025",0.287636805812993
"2022-01-13","10 day R","2021-12-08","AT","quantile","0.975",0.768339048001738
"2022-01-13","10 day R","2021-12-09","AT","point","NA",0.510557752892055
"2022-01-13","10 day R","2021-12-09","AT","quantile","0.025",0.275117815784033
"2022-01-13","10 day R","2021-12-09","AT","quantile","0.975",0.747735300134123
"2022-01-13","10 day R","2021-12-10","AT","point","NA",0.510083262064532
"2022-01-13","10 day R","2021-12-10","AT","quantile","0.025",0.271214025867565
"2022-01-13","10 day R","2021-12-10","AT","quantile","0.975",0.750831284686731
"2022-01-13","10 day R","2021-12-11","AT","point","NA",0.526333590456704
"2022-01-13","10 day R","2021-12-11","AT","quantile","0.025",0.286162329974359
"2022-01-13","10 day R","2021-12-11","AT","quantile","0.975",0.767395999088436
"2022-01-13","10 day R","2021-12-12","AT","point","NA",0.533520377880795
"2022-01-13","10 day R","2021-12-12","AT","quantile","0.025",0.296493759395948
"2022-01-13","10 day R","2021-12-12","AT","quantile","0.975",0.776314496230597
"2022-01-13","10 day R","2021-12-13","AT","point","NA",0.548734436555678
"2022-01-13","10 day R","2021-12-13","AT","quantile","0.025",0.309909996823116
"2022-01-13","10 day R","2021-12-13","AT","quantile","0.975",0.786812006811274
"2022-01-13","10 day R","2021-12-14","AT","point","NA",0.526133458074334
"2022-01-13","10 day R","2021-12-14","AT","quantile","0.025",0.288949861419144
"2022-01-13","10 day R","2021-12-14","AT","quantile","0.975",0.767938304888821
"2022-01-13","10 day R","2021-12-15","AT","point","NA",0.505269210326437
"2022-01-13","10 day R","2021-12-15","AT","quantile","0.025",0.264178515892286
"2022-01-13","10 day R","2021-12-15","AT","quantile","0.975",0.744320086476433
"2022-01-13","10 day R","2021-12-16","AT","point","NA",0.490264107456363
"2022-01-13","10 day R","2021-12-16","AT","quantile","0.025",0.253568930222248
"2022-01-13","10 day R","2021-12-16","AT","quantile","0.975",0.727410731451716
"2022-01-13","10 day R","2021-12-17","AT","point","NA",0.489325761101744
"2022-01-13","10 day R","2021-12-17","AT","quantile","0.025",0.252059293285081
"2022-01-13","10 day R","2021-12-17","AT","quantile","0.975",0.725514950306151
"2022-01-13","10 day R","2021-12-18","AT","point","NA",0.494235888515464
"2022-01-13","10 day R","2021-12-18","AT","quantile","0.025",0.259451501794957
"2022-01-13","10 day R","2021-12-18","AT","quantile","0.975",0.732501548671094
"2022-01-13","10 day R","2021-12-19","AT","point","NA",0.511826124479231
"2022-01-13","10 day R","2021-12-19","AT","quantile","0.025",0.277492888413199
"2022-01-13","10 day R","2021-12-19","AT","quantile","0.975",0.75127115030742
"2022-01-13","10 day R","2021-12-20","AT","point","NA",0.517719608646793
"2022-01-13","10 day R","2021-12-20","AT","quantile","0.025",0.280210547526755
"2022-01-13","10 day R","2021-12-20","AT","quantile","0.975",0.757967590341661
"2022-01-13","10 day R","2021-12-21","AT","point","NA",0.517486000465258
"2022-01-13","10 day R","2021-12-21","AT","quantile","0.025",0.281781707681767
"2022-01-13","10 day R","2021-12-21","AT","quantile","0.975",0.75363735347352
"2022-01-13","10 day R","2021-12-22","AT","point","NA",0.500258548556898
"2022-01-13","10 day R","2021-12-22","AT","quantile","0.025",0.262749907887286
"2022-01-13","10 day R","2021-12-22","AT","quantile","0.975",0.738874310793258
"2022-01-13","10 day R","2021-12-23","AT","point","NA",0.525318494885899
"2022-01-13","10 day R","2021-12-23","AT","quantile","0.025",0.287980980586283
"2022-01-13","10 day R","2021-12-23","AT","quantile","0.975",0.7633186641944
"2022-01-13","10 day R","2021-12-24","AT","point","NA",0.570832431428286
"2022-01-13","10 day R","2021-12-24","AT","quantile","0.025",0.329771364205789
"2022-01-13","10 day R","2021-12-24","AT","quantile","0.975",0.809063228947142
"2022-01-13","10 day R","2021-12-25","AT","point","NA",0.619265974597655
"2022-01-13","10 day R","2021-12-25","AT","quantile","0.025",0.379682205658114
"2022-01-13","10 day R","2021-12-25","AT","quantile","0.975",0.859022524264547
"2022-01-13","10 day R","2021-12-26","AT","point","NA",0.667019315278293
"2022-01-13","10 day R","2021-12-26","AT","quantile","0.025",0.427924875131617
"2022-01-13","10 day R","2021-12-26","AT","quantile","0.975",0.909914833591478
"2022-01-13","10 day R","2021-12-27","AT","point","NA",0.727659884217389
"2022-01-13","10 day R","2021-12-27","AT","quantile","0.025",0.48965086316709
"2022-01-13","10 day R","2021-12-27","AT","quantile","0.975",0.967966745208182
"2022-01-13","10 day R","2021-12-28","AT","point","NA",0.79947354972658
"2022-01-13","10 day R","2021-12-28","AT","quantile","0.025",0.557717010680059
"2022-01-13","10 day R","2021-12-28","AT","quantile","0.975",1.03908554754624
"2022-01-13","10 day R","2021-12-29","AT","point","NA",0.874286332624707
"2022-01-13","10 day R","2021-12-29","AT","quantile","0.025",0.635889555967973
"2022-01-13","10 day R","2021-12-29","AT","quantile","0.975",1.11468321445992
"2022-01-13","10 day R","2021-12-30","AT","point","NA",0.980884473599072
"2022-01-13","10 day R","2021-12-30","AT","quantile","0.025",0.741836284327797
"2022-01-13","10 day R","2021-12-30","AT","quantile","0.975",1.2171331936843
"2022-01-13","10 day R","2021-12-31","AT","point","NA",1.09516217117202
"2022-01-13","10 day R","2021-12-31","AT","quantile","0.025",0.853993766510909
"2022-01-13","10 day R","2021-12-31","AT","quantile","0.975",1.32901785666496
"2022-01-13","10 day R","2022-01-01","AT","point","NA",1.20968054152316
"2022-01-13","10 day R","2022-01-01","AT","quantile","0.025",0.97107379645112
"2022-01-13","10 day R","2022-01-01","AT","quantile","0.975",1.44659997222693
"2022-01-13","10 day R","2022-01-02","AT","point","NA",1.31691159288397
"2022-01-13","10 day R","2022-01-02","AT","quantile","0.025",1.07704725600513
"2022-01-13","10 day R","2022-01-02","AT","quantile","0.975",1.55349985661824
"2022-01-13","10 day R","2022-01-03","AT","point","NA",1.46399273375761
"2022-01-13","10 day R","2022-01-03","AT","quantile","0.025",1.22439175093075
"2022-01-13","10 day R","2022-01-03","AT","quantile","0.975",1.70278116756112
"2022-01-13","10 day R","2022-01-04","AT","point","NA",1.65122092858229
"2022-01-13","10 day R","2022-01-04","AT","quantile","0.025",1.41143549387873
"2022-01-13","10 day R","2022-01-04","AT","quantile","0.975",1.89351000968122
"2022-01-13","10 day R","2022-01-05","AT","point","NA",1.81334933549264
"2022-01-13","10 day R","2022-01-05","AT","quantile","0.025",1.56819257121429
"2022-01-13","10 day R","2022-01-05","AT","quantile","0.975",2.05572915087835
"2022-01-13","10 day R","2022-01-06","AT","point","NA",1.86505489637808
"2022-01-13","10 day R","2022-01-06","AT","quantile","0.025",1.62366055731672
"2022-01-13","10 day R","2022-01-06","AT","quantile","0.975",2.10903757119784
"2022-01-13","10 day R","2022-01-07","AT","point","NA",1.87050077433842
"2022-01-13","10 day R","2022-01-07","AT","quantile","0.025",1.62859186577207
"2022-01-13","10 day R","2022-01-07","AT","quantile","0.975",2.1144156328957
"2022-01-13","10 day R","2022-01-08","AT","point","NA",1.87899613642934
"2022-01-13","10 day R","2022-01-08","AT","quantile","0.025",1.63605249188609
"2022-01-13","10 day R","2022-01-08","AT","quantile","0.975",2.12505088685138
"2022-01-13","10 day R","2022-01-09","AT","point","NA",1.92737088155809
"2022-01-13","10 day R","2022-01-09","AT","quantile","0.025",1.67002562122313
"2022-01-13","10 day R","2022-01-09","AT","quantile","0.975",2.18442871332019
"2022-01-13","10 day R","2022-01-10","AT","point","NA",1.95368776912449
"2022-01-13","10 day R","2022-01-10","AT","quantile","0.025",1.67356060366181
"2022-01-13","10 day R","2022-01-10","AT","quantile","0.975",2.23156168851437
"2022-01-13","10 day R","2022-01-11","AT","point","NA",1.95176819968617
"2022-01-13","10 day R","2022-01-11","AT","quantile","0.025",1.63093531418707
"2022-01-13","10 day R","2022-01-11","AT","quantile","0.975",2.27251978054783
"2022-01-13","10 day R","2020-03-06","CH","point","NA",3.58227172526089
"2022-01-13","10 day R","2020-03-06","CH","quantile","0.025",3.12765984909485
"2022-01-13","10 day R","2020-03-06","CH","quantile","0.975",4.04204149614403
"2022-01-13","10 day R","2020-03-07","CH","point","NA",3.49312321779304
"2022-01-13","10 day R","2020-03-07","CH","quantile","0.025",3.08045075786088
"2022-01-13","10 day R","2020-03-07","CH","quantile","0.975",3.8986267789511
"2022-01-13","10 day R","2020-03-08","CH","point","NA",3.39624017218953
"2022-01-13","10 day R","2020-03-08","CH","quantile","0.025",3.01118211177899
"2022-01-13","10 day R","2020-03-08","CH","quantile","0.975",3.77689466164348
"2022-01-13","10 day R","2020-03-09","CH","point","NA",3.3870750238359
"2022-01-13","10 day R","2020-03-09","CH","quantile","0.025",3.02384019824875
"2022-01-13","10 day R","2020-03-09","CH","quantile","0.975",3.74526348660025
"2022-01-13","10 day R","2020-03-10","CH","point","NA",3.38725166500038
"2022-01-13","10 day R","2020-03-10","CH","quantile","0.025",3.03746135892777
"2022-01-13","10 day R","2020-03-10","CH","quantile","0.975",3.73852971804973
"2022-01-13","10 day R","2020-03-11","CH","point","NA",3.36827014232144
"2022-01-13","10 day R","2020-03-11","CH","quantile","0.025",3.01825349871558
"2022-01-13","10 day R","2020-03-11","CH","quantile","0.975",3.71599830020298
"2022-01-13","10 day R","2020-03-12","CH","point","NA",3.31019976235684
"2022-01-13","10 day R","2020-03-12","CH","quantile","0.025",2.95715924633722
"2022-01-13","10 day R","2020-03-12","CH","quantile","0.975",3.66053825667531
"2022-01-13","10 day R","2020-03-13","CH","point","NA",3.34660444779515
"2022-01-13","10 day R","2020-03-13","CH","quantile","0.025",2.98495317790136
"2022-01-13","10 day R","2020-03-13","CH","quantile","0.975",3.71097236925617
"2022-01-13","10 day R","2020-03-14","CH","point","NA",3.3823029315934
"2022-01-13","10 day R","2020-03-14","CH","quantile","0.025",3.01856840774218
"2022-01-13","10 day R","2020-03-14","CH","quantile","0.975",3.74352053006203
"2022-01-13","10 day R","2020-03-15","CH","point","NA",3.41391583508761
"2022-01-13","10 day R","2020-03-15","CH","quantile","0.025",3.05287781243416
"2022-01-13","10 day R","2020-03-15","CH","quantile","0.975",3.77889791264803
"2022-01-13","10 day R","2020-03-16","CH","point","NA",3.25120310560402
"2022-01-13","10 day R","2020-03-16","CH","quantile","0.025",2.90725216896799
"2022-01-13","10 day R","2020-03-16","CH","quantile","0.975",3.59363107204207
"2022-01-13","10 day R","2020-03-17","CH","point","NA",3.15636965531985
"2022-01-13","10 day R","2020-03-17","CH","quantile","0.025",2.8208379029397
"2022-01-13","10 day R","2020-03-17","CH","quantile","0.975",3.49356034145453
"2022-01-13","10 day R","2020-03-18","CH","point","NA",3.08089838184137
"2022-01-13","10 day R","2020-03-18","CH","quantile","0.025",2.74338888485102
"2022-01-13","10 day R","2020-03-18","CH","quantile","0.975",3.41591474903565
"2022-01-13","10 day R","2020-03-19","CH","point","NA",3.05644620591459
"2022-01-13","10 day R","2020-03-19","CH","quantile","0.025",2.71847904641396
"2022-01-13","10 day R","2020-03-19","CH","quantile","0.975",3.39877579955681
"2022-01-13","10 day R","2020-03-20","CH","point","NA",2.89776928155526
"2022-01-13","10 day R","2020-03-20","CH","quantile","0.025",2.56410970277913
"2022-01-13","10 day R","2020-03-20","CH","quantile","0.975",3.23547039845936
"2022-01-13","10 day R","2020-03-21","CH","point","NA",2.73370732039905
"2022-01-13","10 day R","2020-03-21","CH","quantile","0.025",2.40508728870108
"2022-01-13","10 day R","2020-03-21","CH","quantile","0.975",3.06838400570626
"2022-01-13","10 day R","2020-03-22","CH","point","NA",2.53088883833
"2022-01-13","10 day R","2020-03-22","CH","quantile","0.025",2.20353643069024
"2022-01-13","10 day R","2020-03-22","CH","quantile","0.975",2.85687344373912
"2022-01-13","10 day R","2020-03-23","CH","point","NA",2.38583627917997
"2022-01-13","10 day R","2020-03-23","CH","quantile","0.025",2.06279918959181
"2022-01-13","10 day R","2020-03-23","CH","quantile","0.975",2.71333552362271
"2022-01-13","10 day R","2020-03-24","CH","point","NA",2.18194490989789
"2022-01-13","10 day R","2020-03-24","CH","quantile","0.025",1.85968746144785
"2022-01-13","10 day R","2020-03-24","CH","quantile","0.975",2.49986712355744
"2022-01-13","10 day R","2020-03-25","CH","point","NA",1.98683121817783
"2022-01-13","10 day R","2020-03-25","CH","quantile","0.025",1.6575119610041
"2022-01-13","10 day R","2020-03-25","CH","quantile","0.975",2.30981521099894
"2022-01-13","10 day R","2020-03-26","CH","point","NA",1.80369173489194
"2022-01-13","10 day R","2020-03-26","CH","quantile","0.025",1.46871184570834
"2022-01-13","10 day R","2020-03-26","CH","quantile","0.975",2.13322597761043
"2022-01-13","10 day R","2020-03-27","CH","point","NA",1.65347619098089
"2022-01-13","10 day R","2020-03-27","CH","quantile","0.025",1.31744463823812
"2022-01-13","10 day R","2020-03-27","CH","quantile","0.975",1.98515715988269
"2022-01-13","10 day R","2020-03-28","CH","point","NA",1.54722358866389
"2022-01-13","10 day R","2020-03-28","CH","quantile","0.025",1.2129921190222
"2022-01-13","10 day R","2020-03-28","CH","quantile","0.975",1.87568233846575
"2022-01-13","10 day R","2020-03-29","CH","point","NA",1.45800311912553
"2022-01-13","10 day R","2020-03-29","CH","quantile","0.025",1.12934046276554
"2022-01-13","10 day R","2020-03-29","CH","quantile","0.975",1.78333074742669
"2022-01-13","10 day R","2020-03-30","CH","point","NA",1.39720006704432
"2022-01-13","10 day R","2020-03-30","CH","quantile","0.025",1.07330106246497
"2022-01-13","10 day R","2020-03-30","CH","quantile","0.975",1.72186105967991
"2022-01-13","10 day R","2020-03-31","CH","point","NA",1.31820802112409
"2022-01-13","10 day R","2020-03-31","CH","quantile","0.025",0.988624717041672
"2022-01-13","10 day R","2020-03-31","CH","quantile","0.975",1.64435431166261
"2022-01-13","10 day R","2020-04-01","CH","point","NA",1.24296181578304
"2022-01-13","10 day R","2020-04-01","CH","quantile","0.025",0.91224169029062
"2022-01-13","10 day R","2020-04-01","CH","quantile","0.975",1.57019213358991
"2022-01-13","10 day R","2020-04-02","CH","point","NA",1.15629389729117
"2022-01-13","10 day R","2020-04-02","CH","quantile","0.025",0.831145446125292
"2022-01-13","10 day R","2020-04-02","CH","quantile","0.975",1.4800253791718
"2022-01-13","10 day R","2020-04-03","CH","point","NA",1.07286761770279
"2022-01-13","10 day R","2020-04-03","CH","quantile","0.025",0.743389772812346
"2022-01-13","10 day R","2020-04-03","CH","quantile","0.975",1.39904389663404
"2022-01-13","10 day R","2020-04-04","CH","point","NA",1.01379619194752
"2022-01-13","10 day R","2020-04-04","CH","quantile","0.025",0.685084549391012
"2022-01-13","10 day R","2020-04-04","CH","quantile","0.975",1.34176639890924
"2022-01-13","10 day R","2020-04-05","CH","point","NA",0.969614262377264
"2022-01-13","10 day R","2020-04-05","CH","quantile","0.025",0.642050464264899
"2022-01-13","10 day R","2020-04-05","CH","quantile","0.975",1.29687314831221
"2022-01-13","10 day R","2020-04-06","CH","point","NA",0.937550374802516
"2022-01-13","10 day R","2020-04-06","CH","quantile","0.025",0.611515874336883
"2022-01-13","10 day R","2020-04-06","CH","quantile","0.975",1.25960363491956
"2022-01-13","10 day R","2020-04-07","CH","point","NA",0.906741981113968
"2022-01-13","10 day R","2020-04-07","CH","quantile","0.025",0.582428393489116
"2022-01-13","10 day R","2020-04-07","CH","quantile","0.975",1.2332590658618
"2022-01-13","10 day R","2020-04-08","CH","point","NA",0.86747287604586
"2022-01-13","10 day R","2020-04-08","CH","quantile","0.025",0.544232941822226
"2022-01-13","10 day R","2020-04-08","CH","quantile","0.975",1.1900556711179
"2022-01-13","10 day R","2020-04-09","CH","point","NA",0.806190792051822
"2022-01-13","10 day R","2020-04-09","CH","quantile","0.025",0.478852965553637
"2022-01-13","10 day R","2020-04-09","CH","quantile","0.975",1.1311505289908
"2022-01-13","10 day R","2020-04-10","CH","point","NA",0.744067462398834
"2022-01-13","10 day R","2020-04-10","CH","quantile","0.025",0.415707322980224
"2022-01-13","10 day R","2020-04-10","CH","quantile","0.975",1.06945348248663
"2022-01-13","10 day R","2020-04-11","CH","point","NA",0.697187918783011
"2022-01-13","10 day R","2020-04-11","CH","quantile","0.025",0.3638214861963
"2022-01-13","10 day R","2020-04-11","CH","quantile","0.975",1.02141671145913
"2022-01-13","10 day R","2020-04-12","CH","point","NA",0.660068765223176
"2022-01-13","10 day R","2020-04-12","CH","quantile","0.025",0.329105230467772
"2022-01-13","10 day R","2020-04-12","CH","quantile","0.975",0.988680905755602
"2022-01-13","10 day R","2020-04-13","CH","point","NA",0.634699798950897
"2022-01-13","10 day R","2020-04-13","CH","quantile","0.025",0.303979235902011
"2022-01-13","10 day R","2020-04-13","CH","quantile","0.975",0.960299447836284
"2022-01-13","10 day R","2020-04-14","CH","point","NA",0.613748377332695
"2022-01-13","10 day R","2020-04-14","CH","quantile","0.025",0.284918460131951
"2022-01-13","10 day R","2020-04-14","CH","quantile","0.975",0.936816327617536
"2022-01-13","10 day R","2020-04-15","CH","point","NA",0.591468758195748
"2022-01-13","10 day R","2020-04-15","CH","quantile","0.025",0.265089762440656
"2022-01-13","10 day R","2020-04-15","CH","quantile","0.975",0.910658069640238
"2022-01-13","10 day R","2020-04-16","CH","point","NA",0.571636389484877
"2022-01-13","10 day R","2020-04-16","CH","quantile","0.025",0.244525959532508
"2022-01-13","10 day R","2020-04-16","CH","quantile","0.975",0.895272330688908
"2022-01-13","10 day R","2020-04-17","CH","point","NA",0.555142190537085
"2022-01-13","10 day R","2020-04-17","CH","quantile","0.025",0.231704131820816
"2022-01-13","10 day R","2020-04-17","CH","quantile","0.975",0.875987700017331
"2022-01-13","10 day R","2020-04-18","CH","point","NA",0.541524313443326
"2022-01-13","10 day R","2020-04-18","CH","quantile","0.025",0.218762847073989
"2022-01-13","10 day R","2020-04-18","CH","quantile","0.975",0.861635161984447
"2022-01-13","10 day R","2020-04-19","CH","point","NA",0.532874327334109
"2022-01-13","10 day R","2020-04-19","CH","quantile","0.025",0.208591179028016
"2022-01-13","10 day R","2020-04-19","CH","quantile","0.975",0.855508555283586
"2022-01-13","10 day R","2020-04-20","CH","point","NA",0.516244218765636
"2022-01-13","10 day R","2020-04-20","CH","quantile","0.025",0.195859102829613
"2022-01-13","10 day R","2020-04-20","CH","quantile","0.975",0.836057268019322
"2022-01-13","10 day R","2020-04-21","CH","point","NA",0.495669095298628
"2022-01-13","10 day R","2020-04-21","CH","quantile","0.025",0.176732288056579
"2022-01-13","10 day R","2020-04-21","CH","quantile","0.975",0.816767975260546
"2022-01-13","10 day R","2020-04-22","CH","point","NA",0.477338540834511
"2022-01-13","10 day R","2020-04-22","CH","quantile","0.025",0.152202685830242
"2022-01-13","10 day R","2020-04-22","CH","quantile","0.975",0.799291830411132
"2022-01-13","10 day R","2020-04-23","CH","point","NA",0.464873509781499
"2022-01-13","10 day R","2020-04-23","CH","quantile","0.025",0.141567623359206
"2022-01-13","10 day R","2020-04-23","CH","quantile","0.975",0.787384833403727
"2022-01-13","10 day R","2020-04-24","CH","point","NA",0.456846656462466
"2022-01-13","10 day R","2020-04-24","CH","quantile","0.025",0.136854806999696
"2022-01-13","10 day R","2020-04-24","CH","quantile","0.975",0.783883285523175
"2022-01-13","10 day R","2020-04-25","CH","point","NA",0.453412777307254
"2022-01-13","10 day R","2020-04-25","CH","quantile","0.025",0.127612798325346
"2022-01-13","10 day R","2020-04-25","CH","quantile","0.975",0.774738393840313
"2022-01-13","10 day R","2020-04-26","CH","point","NA",0.449712979379176
"2022-01-13","10 day R","2020-04-26","CH","quantile","0.025",0.128939069265497
"2022-01-13","10 day R","2020-04-26","CH","quantile","0.975",0.772587799929725
"2022-01-13","10 day R","2020-04-27","CH","point","NA",0.444838089621704
"2022-01-13","10 day R","2020-04-27","CH","quantile","0.025",0.126216440473466
"2022-01-13","10 day R","2020-04-27","CH","quantile","0.975",0.761816044519203
"2022-01-13","10 day R","2020-04-28","CH","point","NA",0.439652798522566
"2022-01-13","10 day R","2020-04-28","CH","quantile","0.025",0.116825933581262
"2022-01-13","10 day R","2020-04-28","CH","quantile","0.975",0.762140834305933
"2022-01-13","10 day R","2020-04-29","CH","point","NA",0.429248810179599
"2022-01-13","10 day R","2020-04-29","CH","quantile","0.025",0.106857303446877
"2022-01-13","10 day R","2020-04-29","CH","quantile","0.975",0.754150887832225
"2022-01-13","10 day R","2020-04-30","CH","point","NA",0.419466431374017
"2022-01-13","10 day R","2020-04-30","CH","quantile","0.025",0.094331707053562
"2022-01-13","10 day R","2020-04-30","CH","quantile","0.975",0.738596393375972
"2022-01-13","10 day R","2020-05-01","CH","point","NA",0.405170147569845
"2022-01-13","10 day R","2020-05-01","CH","quantile","0.025",0.0815753269034805
"2022-01-13","10 day R","2020-05-01","CH","quantile","0.975",0.730310579090739
"2022-01-13","10 day R","2020-05-02","CH","point","NA",0.394726543471943
"2022-01-13","10 day R","2020-05-02","CH","quantile","0.025",0.0706468725836569
"2022-01-13","10 day R","2020-05-02","CH","quantile","0.975",0.720721644981836
"2022-01-13","10 day R","2020-05-03","CH","point","NA",0.384303139321174
"2022-01-13","10 day R","2020-05-03","CH","quantile","0.025",0.0601312680297811
"2022-01-13","10 day R","2020-05-03","CH","quantile","0.975",0.704409101180181
"2022-01-13","10 day R","2020-05-04","CH","point","NA",0.374266506887212
"2022-01-13","10 day R","2020-05-04","CH","quantile","0.025",0.0513963085858211
"2022-01-13","10 day R","2020-05-04","CH","quantile","0.975",0.697807885881223
"2022-01-13","10 day R","2020-05-05","CH","point","NA",0.35937404383258
"2022-01-13","10 day R","2020-05-05","CH","quantile","0.025",0.0323883641387332
"2022-01-13","10 day R","2020-05-05","CH","quantile","0.975",0.683909063131171
"2022-01-13","10 day R","2020-05-06","CH","point","NA",0.348286591691611
"2022-01-13","10 day R","2020-05-06","CH","quantile","0.025",0.0158667821618115
"2022-01-13","10 day R","2020-05-06","CH","quantile","0.975",0.670806587530004
"2022-01-13","10 day R","2020-05-07","CH","point","NA",0.342708360741119
"2022-01-13","10 day R","2020-05-07","CH","quantile","0.025",0.0151924718675835
"2022-01-13","10 day R","2020-05-07","CH","quantile","0.975",0.669994359720012
"2022-01-13","10 day R","2020-05-08","CH","point","NA",0.343307255004291
"2022-01-13","10 day R","2020-05-08","CH","quantile","0.025",0.0169883781528845
"2022-01-13","10 day R","2020-05-08","CH","quantile","0.975",0.671585167953563
"2022-01-13","10 day R","2020-05-09","CH","point","NA",0.344481164332732
"2022-01-13","10 day R","2020-05-09","CH","quantile","0.025",0.0185498553548628
"2022-01-13","10 day R","2020-05-09","CH","quantile","0.975",0.668431562429931
"2022-01-13","10 day R","2020-05-10","CH","point","NA",0.352207290288759
"2022-01-13","10 day R","2020-05-10","CH","quantile","0.025",0.0241828916881321
"2022-01-13","10 day R","2020-05-10","CH","quantile","0.975",0.677791280420034
"2022-01-13","10 day R","2020-05-11","CH","point","NA",0.356716050575649
"2022-01-13","10 day R","2020-05-11","CH","quantile","0.025",0.0291604267547334
"2022-01-13","10 day R","2020-05-11","CH","quantile","0.975",0.682004884234007
"2022-01-13","10 day R","2020-05-12","CH","point","NA",0.354909711754759
"2022-01-13","10 day R","2020-05-12","CH","quantile","0.025",0.0306313179260675
"2022-01-13","10 day R","2020-05-12","CH","quantile","0.975",0.678917824059883
"2022-01-13","10 day R","2020-05-13","CH","point","NA",0.351716352985747
"2022-01-13","10 day R","2020-05-13","CH","quantile","0.025",0.0270111496206118
"2022-01-13","10 day R","2020-05-13","CH","quantile","0.975",0.677773135451133
"2022-01-13","10 day R","2020-05-14","CH","point","NA",0.350590926553335
"2022-01-13","10 day R","2020-05-14","CH","quantile","0.025",0.0199299994450092
"2022-01-13","10 day R","2020-05-14","CH","quantile","0.975",0.67393354255271
"2022-01-13","10 day R","2020-05-15","CH","point","NA",0.354745100182545
"2022-01-13","10 day R","2020-05-15","CH","quantile","0.025",0.0286985735518079
"2022-01-13","10 day R","2020-05-15","CH","quantile","0.975",0.677058956552375
"2022-01-13","10 day R","2020-05-16","CH","point","NA",0.35696519757109
"2022-01-13","10 day R","2020-05-16","CH","quantile","0.025",0.0343971829077283
"2022-01-13","10 day R","2020-05-16","CH","quantile","0.975",0.680849853565915
"2022-01-13","10 day R","2020-05-17","CH","point","NA",0.350222384742321
"2022-01-13","10 day R","2020-05-17","CH","quantile","0.025",0.0274425727862539
"2022-01-13","10 day R","2020-05-17","CH","quantile","0.975",0.677276317062208
"2022-01-13","10 day R","2020-05-18","CH","point","NA",0.348289502013769
"2022-01-13","10 day R","2020-05-18","CH","quantile","0.025",0.0223709634138864
"2022-01-13","10 day R","2020-05-18","CH","quantile","0.975",0.672972607828613
"2022-01-13","10 day R","2020-05-19","CH","point","NA",0.349843225879254
"2022-01-13","10 day R","2020-05-19","CH","quantile","0.025",0.0257790721043772
"2022-01-13","10 day R","2020-05-19","CH","quantile","0.975",0.670163253923214
"2022-01-13","10 day R","2020-05-20","CH","point","NA",0.349812854555279
"2022-01-13","10 day R","2020-05-20","CH","quantile","0.025",0.0261089004834782
"2022-01-13","10 day R","2020-05-20","CH","quantile","0.975",0.671302356295091
"2022-01-13","10 day R","2020-05-21","CH","point","NA",0.341081345730243
"2022-01-13","10 day R","2020-05-21","CH","quantile","0.025",0.0152700053642703
"2022-01-13","10 day R","2020-05-21","CH","quantile","0.975",0.666036192901832
"2022-01-13","10 day R","2020-05-22","CH","point","NA",0.331390378878619
"2022-01-13","10 day R","2020-05-22","CH","quantile","0.025",0.0036177655590005
"2022-01-13","10 day R","2020-05-22","CH","quantile","0.975",0.660349357026101
"2022-01-13","10 day R","2020-05-23","CH","point","NA",0.338645219424233
"2022-01-13","10 day R","2020-05-23","CH","quantile","0.025",0.0104222801368421
"2022-01-13","10 day R","2020-05-23","CH","quantile","0.975",0.667290852356585
"2022-01-13","10 day R","2020-05-24","CH","point","NA",0.353150546273423
"2022-01-13","10 day R","2020-05-24","CH","quantile","0.025",0.0275197179041378
"2022-01-13","10 day R","2020-05-24","CH","quantile","0.975",0.679232391877194
"2022-01-13","10 day R","2020-05-25","CH","point","NA",0.371957782453846
"2022-01-13","10 day R","2020-05-25","CH","quantile","0.025",0.0466633014105655
"2022-01-13","10 day R","2020-05-25","CH","quantile","0.975",0.691863523587618
"2022-01-13","10 day R","2020-05-26","CH","point","NA",0.387770077973955
"2022-01-13","10 day R","2020-05-26","CH","quantile","0.025",0.0648079967111878
"2022-01-13","10 day R","2020-05-26","CH","quantile","0.975",0.713844963785886
"2022-01-13","10 day R","2020-05-27","CH","point","NA",0.400730228250846
"2022-01-13","10 day R","2020-05-27","CH","quantile","0.025",0.0786941991619073
"2022-01-13","10 day R","2020-05-27","CH","quantile","0.975",0.720618821871822
"2022-01-13","10 day R","2020-05-28","CH","point","NA",0.42190442859837
"2022-01-13","10 day R","2020-05-28","CH","quantile","0.025",0.0967999995287256
"2022-01-13","10 day R","2020-05-28","CH","quantile","0.975",0.745804003176313
"2022-01-13","10 day R","2020-05-29","CH","point","NA",0.448074476095328
"2022-01-13","10 day R","2020-05-29","CH","quantile","0.025",0.120787943327049
"2022-01-13","10 day R","2020-05-29","CH","quantile","0.975",0.776989300509804
"2022-01-13","10 day R","2020-05-30","CH","point","NA",0.467153282257987
"2022-01-13","10 day R","2020-05-30","CH","quantile","0.025",0.145062262119633
"2022-01-13","10 day R","2020-05-30","CH","quantile","0.975",0.792982375736306
"2022-01-13","10 day R","2020-05-31","CH","point","NA",0.487825459356805
"2022-01-13","10 day R","2020-05-31","CH","quantile","0.025",0.163822045016958
"2022-01-13","10 day R","2020-05-31","CH","quantile","0.975",0.813959579069857
"2022-01-13","10 day R","2020-06-01","CH","point","NA",0.505029387739864
"2022-01-13","10 day R","2020-06-01","CH","quantile","0.025",0.183904455318527
"2022-01-13","10 day R","2020-06-01","CH","quantile","0.975",0.828333919623749
"2022-01-13","10 day R","2020-06-02","CH","point","NA",0.520681174969364
"2022-01-13","10 day R","2020-06-02","CH","quantile","0.025",0.196185399162722
"2022-01-13","10 day R","2020-06-02","CH","quantile","0.975",0.842602034100888
"2022-01-13","10 day R","2020-06-03","CH","point","NA",0.550030266686294
"2022-01-13","10 day R","2020-06-03","CH","quantile","0.025",0.22250442909564
"2022-01-13","10 day R","2020-06-03","CH","quantile","0.975",0.874294918253949
"2022-01-13","10 day R","2020-06-04","CH","point","NA",0.584850975402277
"2022-01-13","10 day R","2020-06-04","CH","quantile","0.025",0.255839281347088
"2022-01-13","10 day R","2020-06-04","CH","quantile","0.975",0.905935136639924
"2022-01-13","10 day R","2020-06-05","CH","point","NA",0.624265416663294
"2022-01-13","10 day R","2020-06-05","CH","quantile","0.025",0.30182846206672
"2022-01-13","10 day R","2020-06-05","CH","quantile","0.975",0.944032621361459
"2022-01-13","10 day R","2020-06-06","CH","point","NA",0.658828108463928
"2022-01-13","10 day R","2020-06-06","CH","quantile","0.025",0.332967328230562
"2022-01-13","10 day R","2020-06-06","CH","quantile","0.975",0.979362330898817
"2022-01-13","10 day R","2020-06-07","CH","point","NA",0.695319960649093
"2022-01-13","10 day R","2020-06-07","CH","quantile","0.025",0.36860139352167
"2022-01-13","10 day R","2020-06-07","CH","quantile","0.975",1.01945835251299
"2022-01-13","10 day R","2020-06-08","CH","point","NA",0.745937941966753
"2022-01-13","10 day R","2020-06-08","CH","quantile","0.025",0.417463168784372
"2022-01-13","10 day R","2020-06-08","CH","quantile","0.975",1.06584119808033
"2022-01-13","10 day R","2020-06-09","CH","point","NA",0.801537085419701
"2022-01-13","10 day R","2020-06-09","CH","quantile","0.025",0.47551389668031
"2022-01-13","10 day R","2020-06-09","CH","quantile","0.975",1.12195216383504
"2022-01-13","10 day R","2020-06-10","CH","point","NA",0.853224356526137
"2022-01-13","10 day R","2020-06-10","CH","quantile","0.025",0.531695099702516
"2022-01-13","10 day R","2020-06-10","CH","quantile","0.975",1.17468958101659
"2022-01-13","10 day R","2020-06-11","CH","point","NA",0.906686556588982
"2022-01-13","10 day R","2020-06-11","CH","quantile","0.025",0.583773649806845
"2022-01-13","10 day R","2020-06-11","CH","quantile","0.975",1.22334006855011
"2022-01-13","10 day R","2020-06-12","CH","point","NA",0.939849241571486
"2022-01-13","10 day R","2020-06-12","CH","quantile","0.025",0.618419928143181
"2022-01-13","10 day R","2020-06-12","CH","quantile","0.975",1.25754281251898
"2022-01-13","10 day R","2020-06-13","CH","point","NA",0.986450907163187
"2022-01-13","10 day R","2020-06-13","CH","quantile","0.025",0.660357655350246
"2022-01-13","10 day R","2020-06-13","CH","quantile","0.975",1.31304811821382
"2022-01-13","10 day R","2020-06-14","CH","point","NA",1.01344157873925
"2022-01-13","10 day R","2020-06-14","CH","quantile","0.025",0.686464521657732
"2022-01-13","10 day R","2020-06-14","CH","quantile","0.975",1.33669268404174
"2022-01-13","10 day R","2020-06-15","CH","point","NA",1.04314582911462
"2022-01-13","10 day R","2020-06-15","CH","quantile","0.025",0.718894019815729
"2022-01-13","10 day R","2020-06-15","CH","quantile","0.975",1.36556240122726
"2022-01-13","10 day R","2020-06-16","CH","point","NA",1.06875511354607
"2022-01-13","10 day R","2020-06-16","CH","quantile","0.025",0.744856976447243
"2022-01-13","10 day R","2020-06-16","CH","quantile","0.975",1.38808246783332
"2022-01-13","10 day R","2020-06-17","CH","point","NA",1.08468164136812
"2022-01-13","10 day R","2020-06-17","CH","quantile","0.025",0.763678582166501
"2022-01-13","10 day R","2020-06-17","CH","quantile","0.975",1.40645369201184
"2022-01-13","10 day R","2020-06-18","CH","point","NA",1.10344887873193
"2022-01-13","10 day R","2020-06-18","CH","quantile","0.025",0.777593851239695
"2022-01-13","10 day R","2020-06-18","CH","quantile","0.975",1.42911657279767
"2022-01-13","10 day R","2020-06-19","CH","point","NA",1.16010848159234
"2022-01-13","10 day R","2020-06-19","CH","quantile","0.025",0.834187619653709
"2022-01-13","10 day R","2020-06-19","CH","quantile","0.975",1.48455485132464
"2022-01-13","10 day R","2020-06-20","CH","point","NA",1.21746884110908
"2022-01-13","10 day R","2020-06-20","CH","quantile","0.025",0.891084679479459
"2022-01-13","10 day R","2020-06-20","CH","quantile","0.975",1.53825172883908
"2022-01-13","10 day R","2020-06-21","CH","point","NA",1.31333034886098
"2022-01-13","10 day R","2020-06-21","CH","quantile","0.025",0.989009239327018
"2022-01-13","10 day R","2020-06-21","CH","quantile","0.975",1.63678339013539
"2022-01-13","10 day R","2020-06-22","CH","point","NA",1.37289829654259
"2022-01-13","10 day R","2020-06-22","CH","quantile","0.025",1.05016347116531
"2022-01-13","10 day R","2020-06-22","CH","quantile","0.975",1.69482160585245
"2022-01-13","10 day R","2020-06-23","CH","point","NA",1.43008424743567
"2022-01-13","10 day R","2020-06-23","CH","quantile","0.025",1.11035841021817
"2022-01-13","10 day R","2020-06-23","CH","quantile","0.975",1.75317995234132
"2022-01-13","10 day R","2020-06-24","CH","point","NA",1.49958003110334
"2022-01-13","10 day R","2020-06-24","CH","quantile","0.025",1.17590502005213
"2022-01-13","10 day R","2020-06-24","CH","quantile","0.975",1.82064661232227
"2022-01-13","10 day R","2020-06-25","CH","point","NA",1.58098033612709
"2022-01-13","10 day R","2020-06-25","CH","quantile","0.025",1.25764687407909
"2022-01-13","10 day R","2020-06-25","CH","quantile","0.975",1.90877484074801
"2022-01-13","10 day R","2020-06-26","CH","point","NA",1.64760057318595
"2022-01-13","10 day R","2020-06-26","CH","quantile","0.025",1.32338376433147
"2022-01-13","10 day R","2020-06-26","CH","quantile","0.975",1.97626052408252
"2022-01-13","10 day R","2020-06-27","CH","point","NA",1.70479475135749
"2022-01-13","10 day R","2020-06-27","CH","quantile","0.025",1.37793926848278
"2022-01-13","10 day R","2020-06-27","CH","quantile","0.975",2.03524375814683
"2022-01-13","10 day R","2020-06-28","CH","point","NA",1.73129473029682
"2022-01-13","10 day R","2020-06-28","CH","quantile","0.025",1.40920397531757
"2022-01-13","10 day R","2020-06-28","CH","quantile","0.975",2.06071447322925
"2022-01-13","10 day R","2020-06-29","CH","point","NA",1.75757038574939
"2022-01-13","10 day R","2020-06-29","CH","quantile","0.025",1.4279572474864
"2022-01-13","10 day R","2020-06-29","CH","quantile","0.975",2.08908847590741
"2022-01-13","10 day R","2020-06-30","CH","point","NA",1.78983008889418
"2022-01-13","10 day R","2020-06-30","CH","quantile","0.025",1.4576961061219
"2022-01-13","10 day R","2020-06-30","CH","quantile","0.975",2.12319938759859
"2022-01-13","10 day R","2020-07-01","CH","point","NA",1.80616122537285
"2022-01-13","10 day R","2020-07-01","CH","quantile","0.025",1.47037422835403
"2022-01-13","10 day R","2020-07-01","CH","quantile","0.975",2.1499272783189
"2022-01-13","10 day R","2020-07-02","CH","point","NA",1.76791694639296
"2022-01-13","10 day R","2020-07-02","CH","quantile","0.025",1.43703121334176
"2022-01-13","10 day R","2020-07-02","CH","quantile","0.975",2.1035938707562
"2022-01-13","10 day R","2020-07-03","CH","point","NA",1.70110627942864
"2022-01-13","10 day R","2020-07-03","CH","quantile","0.025",1.37207689033842
"2022-01-13","10 day R","2020-07-03","CH","quantile","0.975",2.03304830366947
"2022-01-13","10 day R","2020-07-04","CH","point","NA",1.60926417462415
"2022-01-13","10 day R","2020-07-04","CH","quantile","0.025",1.28669365525341
"2022-01-13","10 day R","2020-07-04","CH","quantile","0.975",1.93105585524119
"2022-01-13","10 day R","2020-07-05","CH","point","NA",1.52949646466372
"2022-01-13","10 day R","2020-07-05","CH","quantile","0.025",1.20494408999208
"2022-01-13","10 day R","2020-07-05","CH","quantile","0.975",1.85221357131991
"2022-01-13","10 day R","2020-07-06","CH","point","NA",1.46715982526022
"2022-01-13","10 day R","2020-07-06","CH","quantile","0.025",1.14227260094272
"2022-01-13","10 day R","2020-07-06","CH","quantile","0.975",1.78889429776013
"2022-01-13","10 day R","2020-07-07","CH","point","NA",1.41268746718046
"2022-01-13","10 day R","2020-07-07","CH","quantile","0.025",1.08487077890747
"2022-01-13","10 day R","2020-07-07","CH","quantile","0.975",1.73109505896693
"2022-01-13","10 day R","2020-07-08","CH","point","NA",1.3738030016479
"2022-01-13","10 day R","2020-07-08","CH","quantile","0.025",1.05132151042908
"2022-01-13","10 day R","2020-07-08","CH","quantile","0.975",1.69005436249133
"2022-01-13","10 day R","2020-07-09","CH","point","NA",1.340250265224
"2022-01-13","10 day R","2020-07-09","CH","quantile","0.025",1.01862942259795
"2022-01-13","10 day R","2020-07-09","CH","quantile","0.975",1.66146193313392
"2022-01-13","10 day R","2020-07-10","CH","point","NA",1.32482704052616
"2022-01-13","10 day R","2020-07-10","CH","quantile","0.025",1.00305506862809
"2022-01-13","10 day R","2020-07-10","CH","quantile","0.975",1.64774336304015
"2022-01-13","10 day R","2020-07-11","CH","point","NA",1.3117205597899
"2022-01-13","10 day R","2020-07-11","CH","quantile","0.025",0.989119264135203
"2022-01-13","10 day R","2020-07-11","CH","quantile","0.975",1.63401424680097
"2022-01-13","10 day R","2020-07-12","CH","point","NA",1.29007857075797
"2022-01-13","10 day R","2020-07-12","CH","quantile","0.025",0.967232313526979
"2022-01-13","10 day R","2020-07-12","CH","quantile","0.975",1.61351672590017
"2022-01-13","10 day R","2020-07-13","CH","point","NA",1.27843211486341
"2022-01-13","10 day R","2020-07-13","CH","quantile","0.025",0.955515468688511
"2022-01-13","10 day R","2020-07-13","CH","quantile","0.975",1.59911187634675
"2022-01-13","10 day R","2020-07-14","CH","point","NA",1.26111696592694
"2022-01-13","10 day R","2020-07-14","CH","quantile","0.025",0.939274622176927
"2022-01-13","10 day R","2020-07-14","CH","quantile","0.975",1.58668593008233
"2022-01-13","10 day R","2020-07-15","CH","point","NA",1.24788256893261
"2022-01-13","10 day R","2020-07-15","CH","quantile","0.025",0.929802540749421
"2022-01-13","10 day R","2020-07-15","CH","quantile","0.975",1.57015984949263
"2022-01-13","10 day R","2020-07-16","CH","point","NA",1.24042512578022
"2022-01-13","10 day R","2020-07-16","CH","quantile","0.025",0.913379589268093
"2022-01-13","10 day R","2020-07-16","CH","quantile","0.975",1.5599740427688
"2022-01-13","10 day R","2020-07-17","CH","point","NA",1.2213617006441
"2022-01-13","10 day R","2020-07-17","CH","quantile","0.025",0.898763025886242
"2022-01-13","10 day R","2020-07-17","CH","quantile","0.975",1.5411489141545
"2022-01-13","10 day R","2020-07-18","CH","point","NA",1.22003915701411
"2022-01-13","10 day R","2020-07-18","CH","quantile","0.025",0.896775967684682
"2022-01-13","10 day R","2020-07-18","CH","quantile","0.975",1.54405417687015
"2022-01-13","10 day R","2020-07-19","CH","point","NA",1.22688868257108
"2022-01-13","10 day R","2020-07-19","CH","quantile","0.025",0.900401238731941
"2022-01-13","10 day R","2020-07-19","CH","quantile","0.975",1.5511348456519
"2022-01-13","10 day R","2020-07-20","CH","point","NA",1.22946224836348
"2022-01-13","10 day R","2020-07-20","CH","quantile","0.025",0.897867271655311
"2022-01-13","10 day R","2020-07-20","CH","quantile","0.975",1.5533381002695
"2022-01-13","10 day R","2020-07-21","CH","point","NA",1.23741963234223
"2022-01-13","10 day R","2020-07-21","CH","quantile","0.025",0.90670671504258
"2022-01-13","10 day R","2020-07-21","CH","quantile","0.975",1.55965919206629
"2022-01-13","10 day R","2020-07-22","CH","point","NA",1.23696074518392
"2022-01-13","10 day R","2020-07-22","CH","quantile","0.025",0.910298113069041
"2022-01-13","10 day R","2020-07-22","CH","quantile","0.975",1.56018179457374
"2022-01-13","10 day R","2020-07-23","CH","point","NA",1.24286729845862
"2022-01-13","10 day R","2020-07-23","CH","quantile","0.025",0.916127856304778
"2022-01-13","10 day R","2020-07-23","CH","quantile","0.975",1.56486224307459
"2022-01-13","10 day R","2020-07-24","CH","point","NA",1.26290697631515
"2022-01-13","10 day R","2020-07-24","CH","quantile","0.025",0.938461711848909
"2022-01-13","10 day R","2020-07-24","CH","quantile","0.975",1.58993534259715
"2022-01-13","10 day R","2020-07-25","CH","point","NA",1.27707353818136
"2022-01-13","10 day R","2020-07-25","CH","quantile","0.025",0.953401911396845
"2022-01-13","10 day R","2020-07-25","CH","quantile","0.975",1.60148720300488
"2022-01-13","10 day R","2020-07-26","CH","point","NA",1.28657494639998
"2022-01-13","10 day R","2020-07-26","CH","quantile","0.025",0.963264278520291
"2022-01-13","10 day R","2020-07-26","CH","quantile","0.975",1.60965376015476
"2022-01-13","10 day R","2020-07-27","CH","point","NA",1.29869728581915
"2022-01-13","10 day R","2020-07-27","CH","quantile","0.025",0.977224483250006
"2022-01-13","10 day R","2020-07-27","CH","quantile","0.975",1.62488644296786
"2022-01-13","10 day R","2020-07-28","CH","point","NA",1.3113723965072
"2022-01-13","10 day R","2020-07-28","CH","quantile","0.025",0.991597825427612
"2022-01-13","10 day R","2020-07-28","CH","quantile","0.975",1.63277636517172
"2022-01-13","10 day R","2020-07-29","CH","point","NA",1.32059590137112
"2022-01-13","10 day R","2020-07-29","CH","quantile","0.025",0.999883791073656
"2022-01-13","10 day R","2020-07-29","CH","quantile","0.975",1.64214847560128
"2022-01-13","10 day R","2020-07-30","CH","point","NA",1.32251095723519
"2022-01-13","10 day R","2020-07-30","CH","quantile","0.025",0.997785707315949
"2022-01-13","10 day R","2020-07-30","CH","quantile","0.975",1.64139889277881
"2022-01-13","10 day R","2020-07-31","CH","point","NA",1.30337620389196
"2022-01-13","10 day R","2020-07-31","CH","quantile","0.025",0.981891034305916
"2022-01-13","10 day R","2020-07-31","CH","quantile","0.975",1.62608999286165
"2022-01-13","10 day R","2020-08-01","CH","point","NA",1.27284792189543
"2022-01-13","10 day R","2020-08-01","CH","quantile","0.025",0.949633631536969
"2022-01-13","10 day R","2020-08-01","CH","quantile","0.975",1.59200968963962
"2022-01-13","10 day R","2020-08-02","CH","point","NA",1.24263128479046
"2022-01-13","10 day R","2020-08-02","CH","quantile","0.025",0.924126958627331
"2022-01-13","10 day R","2020-08-02","CH","quantile","0.975",1.56325331505135
"2022-01-13","10 day R","2020-08-03","CH","point","NA",1.21705021939245
"2022-01-13","10 day R","2020-08-03","CH","quantile","0.025",0.89783327572897
"2022-01-13","10 day R","2020-08-03","CH","quantile","0.975",1.53947466009958
"2022-01-13","10 day R","2020-08-04","CH","point","NA",1.19676437382657
"2022-01-13","10 day R","2020-08-04","CH","quantile","0.025",0.876527583873786
"2022-01-13","10 day R","2020-08-04","CH","quantile","0.975",1.51487408961192
"2022-01-13","10 day R","2020-08-05","CH","point","NA",1.18556551959378
"2022-01-13","10 day R","2020-08-05","CH","quantile","0.025",0.866052204639442
"2022-01-13","10 day R","2020-08-05","CH","quantile","0.975",1.50836278587365
"2022-01-13","10 day R","2020-08-06","CH","point","NA",1.18422460938337
"2022-01-13","10 day R","2020-08-06","CH","quantile","0.025",0.861286900599953
"2022-01-13","10 day R","2020-08-06","CH","quantile","0.975",1.51004498157371
"2022-01-13","10 day R","2020-08-07","CH","point","NA",1.19132400244313
"2022-01-13","10 day R","2020-08-07","CH","quantile","0.025",0.867390606363503
"2022-01-13","10 day R","2020-08-07","CH","quantile","0.975",1.51457301400687
"2022-01-13","10 day R","2020-08-08","CH","point","NA",1.21080726692252
"2022-01-13","10 day R","2020-08-08","CH","quantile","0.025",0.889073217241814
"2022-01-13","10 day R","2020-08-08","CH","quantile","0.975",1.53441789560274
"2022-01-13","10 day R","2020-08-09","CH","point","NA",1.23491705765843
"2022-01-13","10 day R","2020-08-09","CH","quantile","0.025",0.912313955019476
"2022-01-13","10 day R","2020-08-09","CH","quantile","0.975",1.5544282515052
"2022-01-13","10 day R","2020-08-10","CH","point","NA",1.25826942911973
"2022-01-13","10 day R","2020-08-10","CH","quantile","0.025",0.940084985923203
"2022-01-13","10 day R","2020-08-10","CH","quantile","0.975",1.57564626543609
"2022-01-13","10 day R","2020-08-11","CH","point","NA",1.28010606692846
"2022-01-13","10 day R","2020-08-11","CH","quantile","0.025",0.956464604429902
"2022-01-13","10 day R","2020-08-11","CH","quantile","0.975",1.60421640420258
"2022-01-13","10 day R","2020-08-12","CH","point","NA",1.29265073532673
"2022-01-13","10 day R","2020-08-12","CH","quantile","0.025",0.968750749637724
"2022-01-13","10 day R","2020-08-12","CH","quantile","0.975",1.61647182894041
"2022-01-13","10 day R","2020-08-13","CH","point","NA",1.2952988192439
"2022-01-13","10 day R","2020-08-13","CH","quantile","0.025",0.972919037902205
"2022-01-13","10 day R","2020-08-13","CH","quantile","0.975",1.61981901319774
"2022-01-13","10 day R","2020-08-14","CH","point","NA",1.29797574433514
"2022-01-13","10 day R","2020-08-14","CH","quantile","0.025",0.978321509055504
"2022-01-13","10 day R","2020-08-14","CH","quantile","0.975",1.62388837954841
"2022-01-13","10 day R","2020-08-15","CH","point","NA",1.29247734447755
"2022-01-13","10 day R","2020-08-15","CH","quantile","0.025",0.971397753378992
"2022-01-13","10 day R","2020-08-15","CH","quantile","0.975",1.61374200921835
"2022-01-13","10 day R","2020-08-16","CH","point","NA",1.28336628086918
"2022-01-13","10 day R","2020-08-16","CH","quantile","0.025",0.963210578603732
"2022-01-13","10 day R","2020-08-16","CH","quantile","0.975",1.60933889638097
"2022-01-13","10 day R","2020-08-17","CH","point","NA",1.27754497898899
"2022-01-13","10 day R","2020-08-17","CH","quantile","0.025",0.958547026324524
"2022-01-13","10 day R","2020-08-17","CH","quantile","0.975",1.60046154039992
"2022-01-13","10 day R","2020-08-18","CH","point","NA",1.27549213302282
"2022-01-13","10 day R","2020-08-18","CH","quantile","0.025",0.954843954411571
"2022-01-13","10 day R","2020-08-18","CH","quantile","0.975",1.60091614205688
"2022-01-13","10 day R","2020-08-19","CH","point","NA",1.27520061944539
"2022-01-13","10 day R","2020-08-19","CH","quantile","0.025",0.955981930792956
"2022-01-13","10 day R","2020-08-19","CH","quantile","0.975",1.59876830604568
"2022-01-13","10 day R","2020-08-20","CH","point","NA",1.27548938478195
"2022-01-13","10 day R","2020-08-20","CH","quantile","0.025",0.953380994086517
"2022-01-13","10 day R","2020-08-20","CH","quantile","0.975",1.6011501261163
"2022-01-13","10 day R","2020-08-21","CH","point","NA",1.27771684858084
"2022-01-13","10 day R","2020-08-21","CH","quantile","0.025",0.957081962988854
"2022-01-13","10 day R","2020-08-21","CH","quantile","0.975",1.60308221761967
"2022-01-13","10 day R","2020-08-22","CH","point","NA",1.27574921898413
"2022-01-13","10 day R","2020-08-22","CH","quantile","0.025",0.957711820871755
"2022-01-13","10 day R","2020-08-22","CH","quantile","0.975",1.60254404943183
"2022-01-13","10 day R","2020-08-23","CH","point","NA",1.26989432430244
"2022-01-13","10 day R","2020-08-23","CH","quantile","0.025",0.951969737075321
"2022-01-13","10 day R","2020-08-23","CH","quantile","0.975",1.59596849682137
"2022-01-13","10 day R","2020-08-24","CH","point","NA",1.26104561071595
"2022-01-13","10 day R","2020-08-24","CH","quantile","0.025",0.939739841729588
"2022-01-13","10 day R","2020-08-24","CH","quantile","0.975",1.58402517701198
"2022-01-13","10 day R","2020-08-25","CH","point","NA",1.25737178279781
"2022-01-13","10 day R","2020-08-25","CH","quantile","0.025",0.936594775467328
"2022-01-13","10 day R","2020-08-25","CH","quantile","0.975",1.58027057396176
"2022-01-13","10 day R","2020-08-26","CH","point","NA",1.26176847171982
"2022-01-13","10 day R","2020-08-26","CH","quantile","0.025",0.938815489344657
"2022-01-13","10 day R","2020-08-26","CH","quantile","0.975",1.585717006076
"2022-01-13","10 day R","2020-08-27","CH","point","NA",1.26157299770346
"2022-01-13","10 day R","2020-08-27","CH","quantile","0.025",0.942503008957375
"2022-01-13","10 day R","2020-08-27","CH","quantile","0.975",1.58563016232274
"2022-01-13","10 day R","2020-08-28","CH","point","NA",1.2544464259978
"2022-01-13","10 day R","2020-08-28","CH","quantile","0.025",0.937886472248178
"2022-01-13","10 day R","2020-08-28","CH","quantile","0.975",1.57825673838087
"2022-01-13","10 day R","2020-08-29","CH","point","NA",1.24403321250407
"2022-01-13","10 day R","2020-08-29","CH","quantile","0.025",0.921308094403377
"2022-01-13","10 day R","2020-08-29","CH","quantile","0.975",1.57095692851404
"2022-01-13","10 day R","2020-08-30","CH","point","NA",1.22282387874182
"2022-01-13","10 day R","2020-08-30","CH","quantile","0.025",0.901359260400176
"2022-01-13","10 day R","2020-08-30","CH","quantile","0.975",1.54729908737408
"2022-01-13","10 day R","2020-08-31","CH","point","NA",1.20470200722379
"2022-01-13","10 day R","2020-08-31","CH","quantile","0.025",0.887164341425754
"2022-01-13","10 day R","2020-08-31","CH","quantile","0.975",1.53033595847887
"2022-01-13","10 day R","2020-09-01","CH","point","NA",1.20066778922021
"2022-01-13","10 day R","2020-09-01","CH","quantile","0.025",0.879558825961443
"2022-01-13","10 day R","2020-09-01","CH","quantile","0.975",1.52274896244804
"2022-01-13","10 day R","2020-09-02","CH","point","NA",1.20756231114637
"2022-01-13","10 day R","2020-09-02","CH","quantile","0.025",0.885182604956928
"2022-01-13","10 day R","2020-09-02","CH","quantile","0.975",1.53201353367539
"2022-01-13","10 day R","2020-09-03","CH","point","NA",1.2252951845546
"2022-01-13","10 day R","2020-09-03","CH","quantile","0.025",0.902028234581655
"2022-01-13","10 day R","2020-09-03","CH","quantile","0.975",1.54926204367447
"2022-01-13","10 day R","2020-09-04","CH","point","NA",1.24254245816243
"2022-01-13","10 day R","2020-09-04","CH","quantile","0.025",0.921883278443934
"2022-01-13","10 day R","2020-09-04","CH","quantile","0.975",1.57068315965962
"2022-01-13","10 day R","2020-09-05","CH","point","NA",1.25198988998479
"2022-01-13","10 day R","2020-09-05","CH","quantile","0.025",0.932488934166376
"2022-01-13","10 day R","2020-09-05","CH","quantile","0.975",1.58210775920318
"2022-01-13","10 day R","2020-09-06","CH","point","NA",1.23908738052888
"2022-01-13","10 day R","2020-09-06","CH","quantile","0.025",0.917660381059309
"2022-01-13","10 day R","2020-09-06","CH","quantile","0.975",1.56624703262291
"2022-01-13","10 day R","2020-09-07","CH","point","NA",1.20729641831273
"2022-01-13","10 day R","2020-09-07","CH","quantile","0.025",0.879672641211694
"2022-01-13","10 day R","2020-09-07","CH","quantile","0.975",1.53177759369665
"2022-01-13","10 day R","2020-09-08","CH","point","NA",1.20259388655638
"2022-01-13","10 day R","2020-09-08","CH","quantile","0.025",0.877440421859198
"2022-01-13","10 day R","2020-09-08","CH","quantile","0.975",1.52645255102886
"2022-01-13","10 day R","2020-09-09","CH","point","NA",1.21141425588448
"2022-01-13","10 day R","2020-09-09","CH","quantile","0.025",0.883562246698114
"2022-01-13","10 day R","2020-09-09","CH","quantile","0.975",1.53577929452661
"2022-01-13","10 day R","2020-09-10","CH","point","NA",1.22290457294539
"2022-01-13","10 day R","2020-09-10","CH","quantile","0.025",0.900222138409621
"2022-01-13","10 day R","2020-09-10","CH","quantile","0.975",1.54668809357439
"2022-01-13","10 day R","2020-09-11","CH","point","NA",1.23683518442897
"2022-01-13","10 day R","2020-09-11","CH","quantile","0.025",0.91511525194201
"2022-01-13","10 day R","2020-09-11","CH","quantile","0.975",1.56321554580765
"2022-01-13","10 day R","2020-09-12","CH","point","NA",1.23497120402353
"2022-01-13","10 day R","2020-09-12","CH","quantile","0.025",0.912698657529868
"2022-01-13","10 day R","2020-09-12","CH","quantile","0.975",1.55447764183154
"2022-01-13","10 day R","2020-09-13","CH","point","NA",1.19983302097586
"2022-01-13","10 day R","2020-09-13","CH","quantile","0.025",0.878503330736176
"2022-01-13","10 day R","2020-09-13","CH","quantile","0.975",1.51563353474255
"2022-01-13","10 day R","2020-09-14","CH","point","NA",1.13743260170631
"2022-01-13","10 day R","2020-09-14","CH","quantile","0.025",0.817135644772324
"2022-01-13","10 day R","2020-09-14","CH","quantile","0.975",1.45402561276152
"2022-01-13","10 day R","2020-09-15","CH","point","NA",1.12786835090393
"2022-01-13","10 day R","2020-09-15","CH","quantile","0.025",0.804947066180722
"2022-01-13","10 day R","2020-09-15","CH","quantile","0.975",1.45113445305348
"2022-01-13","10 day R","2020-09-16","CH","point","NA",1.12313822335679
"2022-01-13","10 day R","2020-09-16","CH","quantile","0.025",0.801166108523336
"2022-01-13","10 day R","2020-09-16","CH","quantile","0.975",1.44668144373098
"2022-01-13","10 day R","2020-09-17","CH","point","NA",1.11755614923824
"2022-01-13","10 day R","2020-09-17","CH","quantile","0.025",0.797810472058709
"2022-01-13","10 day R","2020-09-17","CH","quantile","0.975",1.43959582121404
"2022-01-13","10 day R","2020-09-18","CH","point","NA",1.10374679998858
"2022-01-13","10 day R","2020-09-18","CH","quantile","0.025",0.787429957834479
"2022-01-13","10 day R","2020-09-18","CH","quantile","0.975",1.42601204556654
"2022-01-13","10 day R","2020-09-19","CH","point","NA",1.09132110975386
"2022-01-13","10 day R","2020-09-19","CH","quantile","0.025",0.769639601295417
"2022-01-13","10 day R","2020-09-19","CH","quantile","0.975",1.40610485834393
"2022-01-13","10 day R","2020-09-20","CH","point","NA",1.10049513976452
"2022-01-13","10 day R","2020-09-20","CH","quantile","0.025",0.780745105191697
"2022-01-13","10 day R","2020-09-20","CH","quantile","0.975",1.42318682242406
"2022-01-13","10 day R","2020-09-21","CH","point","NA",1.12436059146362
"2022-01-13","10 day R","2020-09-21","CH","quantile","0.025",0.803322878687195
"2022-01-13","10 day R","2020-09-21","CH","quantile","0.975",1.44348333555235
"2022-01-13","10 day R","2020-09-22","CH","point","NA",1.09769348586553
"2022-01-13","10 day R","2020-09-22","CH","quantile","0.025",0.7708034209842
"2022-01-13","10 day R","2020-09-22","CH","quantile","0.975",1.4222659060333
"2022-01-13","10 day R","2020-09-23","CH","point","NA",1.06942724627588
"2022-01-13","10 day R","2020-09-23","CH","quantile","0.025",0.745496452263876
"2022-01-13","10 day R","2020-09-23","CH","quantile","0.975",1.38993925186692
"2022-01-13","10 day R","2020-09-24","CH","point","NA",1.05133316999828
"2022-01-13","10 day R","2020-09-24","CH","quantile","0.025",0.725628993037862
"2022-01-13","10 day R","2020-09-24","CH","quantile","0.975",1.3705659161305
"2022-01-13","10 day R","2020-09-25","CH","point","NA",1.05057634184463
"2022-01-13","10 day R","2020-09-25","CH","quantile","0.025",0.722608114089556
"2022-01-13","10 day R","2020-09-25","CH","quantile","0.975",1.37463321102289
"2022-01-13","10 day R","2020-09-26","CH","point","NA",1.06755475644047
"2022-01-13","10 day R","2020-09-26","CH","quantile","0.025",0.734490231341211
"2022-01-13","10 day R","2020-09-26","CH","quantile","0.975",1.38812658316767
"2022-01-13","10 day R","2020-09-27","CH","point","NA",1.085314054206
"2022-01-13","10 day R","2020-09-27","CH","quantile","0.025",0.751949569475659
"2022-01-13","10 day R","2020-09-27","CH","quantile","0.975",1.41016746488271
"2022-01-13","10 day R","2020-09-28","CH","point","NA",1.10232713221513
"2022-01-13","10 day R","2020-09-28","CH","quantile","0.025",0.768701627211904
"2022-01-13","10 day R","2020-09-28","CH","quantile","0.975",1.42902210109981
"2022-01-13","10 day R","2020-09-29","CH","point","NA",1.16323768029818
"2022-01-13","10 day R","2020-09-29","CH","quantile","0.025",0.829766850046106
"2022-01-13","10 day R","2020-09-29","CH","quantile","0.975",1.48732230611699
"2022-01-13","10 day R","2020-09-30","CH","point","NA",1.23735166999211
"2022-01-13","10 day R","2020-09-30","CH","quantile","0.025",0.904218333482301
"2022-01-13","10 day R","2020-09-30","CH","quantile","0.975",1.56410952711947
"2022-01-13","10 day R","2020-10-01","CH","point","NA",1.32637656495601
"2022-01-13","10 day R","2020-10-01","CH","quantile","0.025",0.993786437374645
"2022-01-13","10 day R","2020-10-01","CH","quantile","0.975",1.65367830438731
"2022-01-13","10 day R","2020-10-02","CH","point","NA",1.41547669073561
"2022-01-13","10 day R","2020-10-02","CH","quantile","0.025",1.08963546800642
"2022-01-13","10 day R","2020-10-02","CH","quantile","0.975",1.74314676619929
"2022-01-13","10 day R","2020-10-03","CH","point","NA",1.51443621956766
"2022-01-13","10 day R","2020-10-03","CH","quantile","0.025",1.18468641506831
"2022-01-13","10 day R","2020-10-03","CH","quantile","0.975",1.8435876317462
"2022-01-13","10 day R","2020-10-04","CH","point","NA",1.62128243147132
"2022-01-13","10 day R","2020-10-04","CH","quantile","0.025",1.29614387578559
"2022-01-13","10 day R","2020-10-04","CH","quantile","0.975",1.95007063851193
"2022-01-13","10 day R","2020-10-05","CH","point","NA",1.72963821495324
"2022-01-13","10 day R","2020-10-05","CH","quantile","0.025",1.40455446027408
"2022-01-13","10 day R","2020-10-05","CH","quantile","0.975",2.06249649810017
"2022-01-13","10 day R","2020-10-06","CH","point","NA",1.83014993909546
"2022-01-13","10 day R","2020-10-06","CH","quantile","0.025",1.50370651358341
"2022-01-13","10 day R","2020-10-06","CH","quantile","0.975",2.15983220938327
"2022-01-13","10 day R","2020-10-07","CH","point","NA",1.9106829951005
"2022-01-13","10 day R","2020-10-07","CH","quantile","0.025",1.58248192987884
"2022-01-13","10 day R","2020-10-07","CH","quantile","0.975",2.24012045009093
"2022-01-13","10 day R","2020-10-08","CH","point","NA",1.98082332339994
"2022-01-13","10 day R","2020-10-08","CH","quantile","0.025",1.65435406533792
"2022-01-13","10 day R","2020-10-08","CH","quantile","0.975",2.30611055527468
"2022-01-13","10 day R","2020-10-09","CH","point","NA",2.04415310242447
"2022-01-13","10 day R","2020-10-09","CH","quantile","0.025",1.71803292215201
"2022-01-13","10 day R","2020-10-09","CH","quantile","0.975",2.36927433856791
"2022-01-13","10 day R","2020-10-10","CH","point","NA",2.10038754591445
"2022-01-13","10 day R","2020-10-10","CH","quantile","0.025",1.77858016396161
"2022-01-13","10 day R","2020-10-10","CH","quantile","0.975",2.42664362203385
"2022-01-13","10 day R","2020-10-11","CH","point","NA",2.17906874498155
"2022-01-13","10 day R","2020-10-11","CH","quantile","0.025",1.84963534616077
"2022-01-13","10 day R","2020-10-11","CH","quantile","0.975",2.50659902879025
"2022-01-13","10 day R","2020-10-12","CH","point","NA",2.26542183552467
"2022-01-13","10 day R","2020-10-12","CH","quantile","0.025",1.94081879230977
"2022-01-13","10 day R","2020-10-12","CH","quantile","0.975",2.59651544942291
"2022-01-13","10 day R","2020-10-13","CH","point","NA",2.28465952039311
"2022-01-13","10 day R","2020-10-13","CH","quantile","0.025",1.95817053757312
"2022-01-13","10 day R","2020-10-13","CH","quantile","0.975",2.61572200940741
"2022-01-13","10 day R","2020-10-14","CH","point","NA",2.28784060302599
"2022-01-13","10 day R","2020-10-14","CH","quantile","0.025",1.96088446970207
"2022-01-13","10 day R","2020-10-14","CH","quantile","0.975",2.61260266513181
"2022-01-13","10 day R","2020-10-15","CH","point","NA",2.27062591002587
"2022-01-13","10 day R","2020-10-15","CH","quantile","0.025",1.94788980816473
"2022-01-13","10 day R","2020-10-15","CH","quantile","0.975",2.59344977586137
"2022-01-13","10 day R","2020-10-16","CH","point","NA",2.25513262270964
"2022-01-13","10 day R","2020-10-16","CH","quantile","0.025",1.93599283335403
"2022-01-13","10 day R","2020-10-16","CH","quantile","0.975",2.57731707479713
"2022-01-13","10 day R","2020-10-17","CH","point","NA",2.25164848579463
"2022-01-13","10 day R","2020-10-17","CH","quantile","0.025",1.93094983325047
"2022-01-13","10 day R","2020-10-17","CH","quantile","0.975",2.57415629083575
"2022-01-13","10 day R","2020-10-18","CH","point","NA",2.27219815740378
"2022-01-13","10 day R","2020-10-18","CH","quantile","0.025",1.949800488448
"2022-01-13","10 day R","2020-10-18","CH","quantile","0.975",2.5961191294774
"2022-01-13","10 day R","2020-10-19","CH","point","NA",2.30019549095383
"2022-01-13","10 day R","2020-10-19","CH","quantile","0.025",1.98117898596816
"2022-01-13","10 day R","2020-10-19","CH","quantile","0.975",2.62460703410919
"2022-01-13","10 day R","2020-10-20","CH","point","NA",2.2826590521053
"2022-01-13","10 day R","2020-10-20","CH","quantile","0.025",1.96162209903852
"2022-01-13","10 day R","2020-10-20","CH","quantile","0.975",2.60938184123925
"2022-01-13","10 day R","2020-10-21","CH","point","NA",2.25196838987125
"2022-01-13","10 day R","2020-10-21","CH","quantile","0.025",1.93020969152543
"2022-01-13","10 day R","2020-10-21","CH","quantile","0.975",2.58049117766352
"2022-01-13","10 day R","2020-10-22","CH","point","NA",2.20981026852235
"2022-01-13","10 day R","2020-10-22","CH","quantile","0.025",1.88530637525056
"2022-01-13","10 day R","2020-10-22","CH","quantile","0.975",2.53497207658979
"2022-01-13","10 day R","2020-10-23","CH","point","NA",2.16985384338112
"2022-01-13","10 day R","2020-10-23","CH","quantile","0.025",1.84610813581622
"2022-01-13","10 day R","2020-10-23","CH","quantile","0.975",2.49496026638991
"2022-01-13","10 day R","2020-10-24","CH","point","NA",2.12975541552806
"2022-01-13","10 day R","2020-10-24","CH","quantile","0.025",1.8044309719913
"2022-01-13","10 day R","2020-10-24","CH","quantile","0.975",2.45810992137032
"2022-01-13","10 day R","2020-10-25","CH","point","NA",2.10950611073246
"2022-01-13","10 day R","2020-10-25","CH","quantile","0.025",1.78192995211089
"2022-01-13","10 day R","2020-10-25","CH","quantile","0.975",2.43826829590367
"2022-01-13","10 day R","2020-10-26","CH","point","NA",2.09767290672189
"2022-01-13","10 day R","2020-10-26","CH","quantile","0.025",1.7697637824611
"2022-01-13","10 day R","2020-10-26","CH","quantile","0.975",2.43104847577597
"2022-01-13","10 day R","2020-10-27","CH","point","NA",2.0312767979631
"2022-01-13","10 day R","2020-10-27","CH","quantile","0.025",1.70478669244254
"2022-01-13","10 day R","2020-10-27","CH","quantile","0.975",2.36317622284673
"2022-01-13","10 day R","2020-10-28","CH","point","NA",1.94892650340635
"2022-01-13","10 day R","2020-10-28","CH","quantile","0.025",1.62200889741251
"2022-01-13","10 day R","2020-10-28","CH","quantile","0.975",2.2746967999541
"2022-01-13","10 day R","2020-10-29","CH","point","NA",1.87134690718851
"2022-01-13","10 day R","2020-10-29","CH","quantile","0.025",1.54889841041527
"2022-01-13","10 day R","2020-10-29","CH","quantile","0.975",2.19672591115572
"2022-01-13","10 day R","2020-10-30","CH","point","NA",1.7900054874723
"2022-01-13","10 day R","2020-10-30","CH","quantile","0.025",1.46618076983842
"2022-01-13","10 day R","2020-10-30","CH","quantile","0.975",2.1131077886676
"2022-01-13","10 day R","2020-10-31","CH","point","NA",1.71575003631739
"2022-01-13","10 day R","2020-10-31","CH","quantile","0.025",1.39330749115315
"2022-01-13","10 day R","2020-10-31","CH","quantile","0.975",2.04044117991731
"2022-01-13","10 day R","2020-11-01","CH","point","NA",1.64955939834994
"2022-01-13","10 day R","2020-11-01","CH","quantile","0.025",1.32411319237516
"2022-01-13","10 day R","2020-11-01","CH","quantile","0.975",1.97558365099997
"2022-01-13","10 day R","2020-11-02","CH","point","NA",1.58858067011809
"2022-01-13","10 day R","2020-11-02","CH","quantile","0.025",1.26901088282671
"2022-01-13","10 day R","2020-11-02","CH","quantile","0.975",1.91268218952674
"2022-01-13","10 day R","2020-11-03","CH","point","NA",1.5214984866034
"2022-01-13","10 day R","2020-11-03","CH","quantile","0.025",1.20009049373584
"2022-01-13","10 day R","2020-11-03","CH","quantile","0.975",1.84304704348633
"2022-01-13","10 day R","2020-11-04","CH","point","NA",1.45711891718849
"2022-01-13","10 day R","2020-11-04","CH","quantile","0.025",1.13561242391195
"2022-01-13","10 day R","2020-11-04","CH","quantile","0.975",1.7744656184258
"2022-01-13","10 day R","2020-11-05","CH","point","NA",1.39333995759583
"2022-01-13","10 day R","2020-11-05","CH","quantile","0.025",1.07054551656156
"2022-01-13","10 day R","2020-11-05","CH","quantile","0.975",1.71334142932283
"2022-01-13","10 day R","2020-11-06","CH","point","NA",1.3274920430646
"2022-01-13","10 day R","2020-11-06","CH","quantile","0.025",1.0060716180713
"2022-01-13","10 day R","2020-11-06","CH","quantile","0.975",1.64777052144812
"2022-01-13","10 day R","2020-11-07","CH","point","NA",1.26099288414508
"2022-01-13","10 day R","2020-11-07","CH","quantile","0.025",0.935282361494044
"2022-01-13","10 day R","2020-11-07","CH","quantile","0.975",1.58735947465731
"2022-01-13","10 day R","2020-11-08","CH","point","NA",1.19153510163179
"2022-01-13","10 day R","2020-11-08","CH","quantile","0.025",0.866319478387456
"2022-01-13","10 day R","2020-11-08","CH","quantile","0.975",1.51678332477105
"2022-01-13","10 day R","2020-11-09","CH","point","NA",1.11932834440222
"2022-01-13","10 day R","2020-11-09","CH","quantile","0.025",0.793665132043056
"2022-01-13","10 day R","2020-11-09","CH","quantile","0.975",1.44383458297781
"2022-01-13","10 day R","2020-11-10","CH","point","NA",1.07929358485166
"2022-01-13","10 day R","2020-11-10","CH","quantile","0.025",0.752554268590837
"2022-01-13","10 day R","2020-11-10","CH","quantile","0.975",1.40200051441984
"2022-01-13","10 day R","2020-11-11","CH","point","NA",1.04308958143819
"2022-01-13","10 day R","2020-11-11","CH","quantile","0.025",0.712224590621937
"2022-01-13","10 day R","2020-11-11","CH","quantile","0.975",1.36542900808172
"2022-01-13","10 day R","2020-11-12","CH","point","NA",1.0084265543369
"2022-01-13","10 day R","2020-11-12","CH","quantile","0.025",0.682472724076963
"2022-01-13","10 day R","2020-11-12","CH","quantile","0.975",1.33193566680472
"2022-01-13","10 day R","2020-11-13","CH","point","NA",0.980329795467132
"2022-01-13","10 day R","2020-11-13","CH","quantile","0.025",0.651883436517566
"2022-01-13","10 day R","2020-11-13","CH","quantile","0.975",1.30285926251644
"2022-01-13","10 day R","2020-11-14","CH","point","NA",0.950152718192044
"2022-01-13","10 day R","2020-11-14","CH","quantile","0.025",0.625504341054936
"2022-01-13","10 day R","2020-11-14","CH","quantile","0.975",1.27098454603894
"2022-01-13","10 day R","2020-11-15","CH","point","NA",0.909306588972344
"2022-01-13","10 day R","2020-11-15","CH","quantile","0.025",0.588358787138324
"2022-01-13","10 day R","2020-11-15","CH","quantile","0.975",1.23177147808408
"2022-01-13","10 day R","2020-11-16","CH","point","NA",0.865865413363795
"2022-01-13","10 day R","2020-11-16","CH","quantile","0.025",0.538681738224082
"2022-01-13","10 day R","2020-11-16","CH","quantile","0.975",1.19067787708608
"2022-01-13","10 day R","2020-11-17","CH","point","NA",0.848502377602237
"2022-01-13","10 day R","2020-11-17","CH","quantile","0.025",0.520410501837461
"2022-01-13","10 day R","2020-11-17","CH","quantile","0.975",1.17486862607609
"2022-01-13","10 day R","2020-11-18","CH","point","NA",0.83966123439927
"2022-01-13","10 day R","2020-11-18","CH","quantile","0.025",0.51090153213969
"2022-01-13","10 day R","2020-11-18","CH","quantile","0.975",1.15877194031909
"2022-01-13","10 day R","2020-11-19","CH","point","NA",0.833537322412937
"2022-01-13","10 day R","2020-11-19","CH","quantile","0.025",0.50533377254615
"2022-01-13","10 day R","2020-11-19","CH","quantile","0.975",1.15702296094711
"2022-01-13","10 day R","2020-11-20","CH","point","NA",0.830560008777092
"2022-01-13","10 day R","2020-11-20","CH","quantile","0.025",0.504709478241312
"2022-01-13","10 day R","2020-11-20","CH","quantile","0.975",1.15751095252258
"2022-01-13","10 day R","2020-11-21","CH","point","NA",0.826882398483548
"2022-01-13","10 day R","2020-11-21","CH","quantile","0.025",0.501284123837596
"2022-01-13","10 day R","2020-11-21","CH","quantile","0.975",1.15028156582347
"2022-01-13","10 day R","2020-11-22","CH","point","NA",0.813178917580374
"2022-01-13","10 day R","2020-11-22","CH","quantile","0.025",0.494378311593901
"2022-01-13","10 day R","2020-11-22","CH","quantile","0.975",1.13191583696876
"2022-01-13","10 day R","2020-11-23","CH","point","NA",0.795978118147671
"2022-01-13","10 day R","2020-11-23","CH","quantile","0.025",0.474124314084581
"2022-01-13","10 day R","2020-11-23","CH","quantile","0.975",1.11736381190218
"2022-01-13","10 day R","2020-11-24","CH","point","NA",0.798650202426215
"2022-01-13","10 day R","2020-11-24","CH","quantile","0.025",0.474103567446306
"2022-01-13","10 day R","2020-11-24","CH","quantile","0.975",1.12129281332971
"2022-01-13","10 day R","2020-11-25","CH","point","NA",0.807174172153727
"2022-01-13","10 day R","2020-11-25","CH","quantile","0.025",0.483957202963693
"2022-01-13","10 day R","2020-11-25","CH","quantile","0.975",1.12756184371918
"2022-01-13","10 day R","2020-11-26","CH","point","NA",0.819793575741896
"2022-01-13","10 day R","2020-11-26","CH","quantile","0.025",0.495603011721218
"2022-01-13","10 day R","2020-11-26","CH","quantile","0.975",1.14368732642366
"2022-01-13","10 day R","2020-11-27","CH","point","NA",0.833226831171912
"2022-01-13","10 day R","2020-11-27","CH","quantile","0.025",0.509345479949198
"2022-01-13","10 day R","2020-11-27","CH","quantile","0.975",1.15258243060312
"2022-01-13","10 day R","2020-11-28","CH","point","NA",0.843460671866779
"2022-01-13","10 day R","2020-11-28","CH","quantile","0.025",0.517636898073319
"2022-01-13","10 day R","2020-11-28","CH","quantile","0.975",1.16851611689959
"2022-01-13","10 day R","2020-11-29","CH","point","NA",0.845334442913897
"2022-01-13","10 day R","2020-11-29","CH","quantile","0.025",0.525746788579769
"2022-01-13","10 day R","2020-11-29","CH","quantile","0.975",1.17139734062984
"2022-01-13","10 day R","2020-11-30","CH","point","NA",0.846250483379858
"2022-01-13","10 day R","2020-11-30","CH","quantile","0.025",0.519414985241721
"2022-01-13","10 day R","2020-11-30","CH","quantile","0.975",1.16623339586512
"2022-01-13","10 day R","2020-12-01","CH","point","NA",0.863700736037638
"2022-01-13","10 day R","2020-12-01","CH","quantile","0.025",0.540135046329237
"2022-01-13","10 day R","2020-12-01","CH","quantile","0.975",1.18603093676241
"2022-01-13","10 day R","2020-12-02","CH","point","NA",0.886252019466693
"2022-01-13","10 day R","2020-12-02","CH","quantile","0.025",0.558135641606899
"2022-01-13","10 day R","2020-12-02","CH","quantile","0.975",1.20914012665003
"2022-01-13","10 day R","2020-12-03","CH","point","NA",0.910102809951242
"2022-01-13","10 day R","2020-12-03","CH","quantile","0.025",0.588133454787686
"2022-01-13","10 day R","2020-12-03","CH","quantile","0.975",1.23235759250285
"2022-01-13","10 day R","2020-12-04","CH","point","NA",0.932289301407572
"2022-01-13","10 day R","2020-12-04","CH","quantile","0.025",0.606455705802588
"2022-01-13","10 day R","2020-12-04","CH","quantile","0.975",1.2573988572929
"2022-01-13","10 day R","2020-12-05","CH","point","NA",0.948863365610732
"2022-01-13","10 day R","2020-12-05","CH","quantile","0.025",0.625807784425188
"2022-01-13","10 day R","2020-12-05","CH","quantile","0.975",1.2682943182649
"2022-01-13","10 day R","2020-12-06","CH","point","NA",0.964145828576583
"2022-01-13","10 day R","2020-12-06","CH","quantile","0.025",0.643209884266275
"2022-01-13","10 day R","2020-12-06","CH","quantile","0.975",1.28742005335834
"2022-01-13","10 day R","2020-12-07","CH","point","NA",0.980632050031164
"2022-01-13","10 day R","2020-12-07","CH","quantile","0.025",0.660157069623627
"2022-01-13","10 day R","2020-12-07","CH","quantile","0.975",1.30116031948124
"2022-01-13","10 day R","2020-12-08","CH","point","NA",0.994947398741427
"2022-01-13","10 day R","2020-12-08","CH","quantile","0.025",0.673596015048119
"2022-01-13","10 day R","2020-12-08","CH","quantile","0.975",1.32064938412605
"2022-01-13","10 day R","2020-12-09","CH","point","NA",1.00859473873038
"2022-01-13","10 day R","2020-12-09","CH","quantile","0.025",0.686497303416167
"2022-01-13","10 day R","2020-12-09","CH","quantile","0.975",1.3306180322709
"2022-01-13","10 day R","2020-12-10","CH","point","NA",1.02397992719298
"2022-01-13","10 day R","2020-12-10","CH","quantile","0.025",0.701506843654215
"2022-01-13","10 day R","2020-12-10","CH","quantile","0.975",1.34627669208722
"2022-01-13","10 day R","2020-12-11","CH","point","NA",1.03489563176406
"2022-01-13","10 day R","2020-12-11","CH","quantile","0.025",0.713672679835104
"2022-01-13","10 day R","2020-12-11","CH","quantile","0.975",1.36035287189746
"2022-01-13","10 day R","2020-12-12","CH","point","NA",1.03261192364657
"2022-01-13","10 day R","2020-12-12","CH","quantile","0.025",0.711139963815596
"2022-01-13","10 day R","2020-12-12","CH","quantile","0.975",1.35959447239845
"2022-01-13","10 day R","2020-12-13","CH","point","NA",1.03192687116219
"2022-01-13","10 day R","2020-12-13","CH","quantile","0.025",0.711558821618206
"2022-01-13","10 day R","2020-12-13","CH","quantile","0.975",1.35516309987593
"2022-01-13","10 day R","2020-12-14","CH","point","NA",1.03361378001613
"2022-01-13","10 day R","2020-12-14","CH","quantile","0.025",0.71075911223136
"2022-01-13","10 day R","2020-12-14","CH","quantile","0.975",1.35579398169225
"2022-01-13","10 day R","2020-12-15","CH","point","NA",1.02830006803077
"2022-01-13","10 day R","2020-12-15","CH","quantile","0.025",0.706816788314766
"2022-01-13","10 day R","2020-12-15","CH","quantile","0.975",1.34914476865094
"2022-01-13","10 day R","2020-12-16","CH","point","NA",1.02451013710718
"2022-01-13","10 day R","2020-12-16","CH","quantile","0.025",0.70594225396446
"2022-01-13","10 day R","2020-12-16","CH","quantile","0.975",1.34361571947145
"2022-01-13","10 day R","2020-12-17","CH","point","NA",1.01936486485398
"2022-01-13","10 day R","2020-12-17","CH","quantile","0.025",0.699127521756552
"2022-01-13","10 day R","2020-12-17","CH","quantile","0.975",1.34100183422218
"2022-01-13","10 day R","2020-12-18","CH","point","NA",1.01365753557457
"2022-01-13","10 day R","2020-12-18","CH","quantile","0.025",0.69432592908058
"2022-01-13","10 day R","2020-12-18","CH","quantile","0.975",1.3380896172324
"2022-01-13","10 day R","2020-12-19","CH","point","NA",0.997188777720094
"2022-01-13","10 day R","2020-12-19","CH","quantile","0.025",0.674667035137469
"2022-01-13","10 day R","2020-12-19","CH","quantile","0.975",1.31873023291691
"2022-01-13","10 day R","2020-12-20","CH","point","NA",0.980593055153312
"2022-01-13","10 day R","2020-12-20","CH","quantile","0.025",0.658081437924644
"2022-01-13","10 day R","2020-12-20","CH","quantile","0.975",1.29876599608556
"2022-01-13","10 day R","2020-12-21","CH","point","NA",0.963857795322408
"2022-01-13","10 day R","2020-12-21","CH","quantile","0.025",0.644716386461363
"2022-01-13","10 day R","2020-12-21","CH","quantile","0.975",1.28469966037435
"2022-01-13","10 day R","2020-12-22","CH","point","NA",0.952426205464568
"2022-01-13","10 day R","2020-12-22","CH","quantile","0.025",0.632197744350417
"2022-01-13","10 day R","2020-12-22","CH","quantile","0.975",1.27088283089575
"2022-01-13","10 day R","2020-12-23","CH","point","NA",0.937838725516998
"2022-01-13","10 day R","2020-12-23","CH","quantile","0.025",0.618013112883734
"2022-01-13","10 day R","2020-12-23","CH","quantile","0.975",1.2556398840758
"2022-01-13","10 day R","2020-12-24","CH","point","NA",0.924920928937231
"2022-01-13","10 day R","2020-12-24","CH","quantile","0.025",0.602644574474886
"2022-01-13","10 day R","2020-12-24","CH","quantile","0.975",1.24207682043084
"2022-01-13","10 day R","2020-12-25","CH","point","NA",0.914146138561349
"2022-01-13","10 day R","2020-12-25","CH","quantile","0.025",0.588860095984663
"2022-01-13","10 day R","2020-12-25","CH","quantile","0.975",1.23448760174364
"2022-01-13","10 day R","2020-12-26","CH","point","NA",0.930839956479833
"2022-01-13","10 day R","2020-12-26","CH","quantile","0.025",0.60901348155506
"2022-01-13","10 day R","2020-12-26","CH","quantile","0.975",1.25375528695913
"2022-01-13","10 day R","2020-12-27","CH","point","NA",0.950837245968933
"2022-01-13","10 day R","2020-12-27","CH","quantile","0.025",0.625580938194647
"2022-01-13","10 day R","2020-12-27","CH","quantile","0.975",1.27983010225684
"2022-01-13","10 day R","2020-12-28","CH","point","NA",0.967740128633397
"2022-01-13","10 day R","2020-12-28","CH","quantile","0.025",0.64210322407149
"2022-01-13","10 day R","2020-12-28","CH","quantile","0.975",1.29349585195361
"2022-01-13","10 day R","2020-12-29","CH","point","NA",0.968332189515232
"2022-01-13","10 day R","2020-12-29","CH","quantile","0.025",0.646069184112559
"2022-01-13","10 day R","2020-12-29","CH","quantile","0.975",1.29228983417788
"2022-01-13","10 day R","2020-12-30","CH","point","NA",0.959583226149993
"2022-01-13","10 day R","2020-12-30","CH","quantile","0.025",0.635224507235745
"2022-01-13","10 day R","2020-12-30","CH","quantile","0.975",1.28502282174909
"2022-01-13","10 day R","2020-12-31","CH","point","NA",0.942357721179644
"2022-01-13","10 day R","2020-12-31","CH","quantile","0.025",0.619810358921767
"2022-01-13","10 day R","2020-12-31","CH","quantile","0.975",1.27094902377369
"2022-01-13","10 day R","2021-01-01","CH","point","NA",0.927270370955192
"2022-01-13","10 day R","2021-01-01","CH","quantile","0.025",0.603698138781845
"2022-01-13","10 day R","2021-01-01","CH","quantile","0.975",1.25464749253001
"2022-01-13","10 day R","2021-01-02","CH","point","NA",0.94152493914123
"2022-01-13","10 day R","2021-01-02","CH","quantile","0.025",0.621287955768429
"2022-01-13","10 day R","2021-01-02","CH","quantile","0.975",1.26580420123389
"2022-01-13","10 day R","2021-01-03","CH","point","NA",0.961678838185243
"2022-01-13","10 day R","2021-01-03","CH","quantile","0.025",0.639458030181516
"2022-01-13","10 day R","2021-01-03","CH","quantile","0.975",1.28315528660067
"2022-01-13","10 day R","2021-01-04","CH","point","NA",0.981746457836007
"2022-01-13","10 day R","2021-01-04","CH","quantile","0.025",0.659167057943434
"2022-01-13","10 day R","2021-01-04","CH","quantile","0.975",1.30806734868943
"2022-01-13","10 day R","2021-01-05","CH","point","NA",0.976535409510343
"2022-01-13","10 day R","2021-01-05","CH","quantile","0.025",0.655229819123976
"2022-01-13","10 day R","2021-01-05","CH","quantile","0.975",1.30148099269704
"2022-01-13","10 day R","2021-01-06","CH","point","NA",0.961935810094048
"2022-01-13","10 day R","2021-01-06","CH","quantile","0.025",0.637805830149984
"2022-01-13","10 day R","2021-01-06","CH","quantile","0.975",1.28662010988716
"2022-01-13","10 day R","2021-01-07","CH","point","NA",0.942056326652458
"2022-01-13","10 day R","2021-01-07","CH","quantile","0.025",0.616753728135503
"2022-01-13","10 day R","2021-01-07","CH","quantile","0.975",1.26426267088669
"2022-01-13","10 day R","2021-01-08","CH","point","NA",0.918044738323673
"2022-01-13","10 day R","2021-01-08","CH","quantile","0.025",0.594013245108402
"2022-01-13","10 day R","2021-01-08","CH","quantile","0.975",1.24230494377462
"2022-01-13","10 day R","2021-01-09","CH","point","NA",0.885311591017451
"2022-01-13","10 day R","2021-01-09","CH","quantile","0.025",0.564426004226492
"2022-01-13","10 day R","2021-01-09","CH","quantile","0.975",1.21154293760187
"2022-01-13","10 day R","2021-01-10","CH","point","NA",0.85304258798554
"2022-01-13","10 day R","2021-01-10","CH","quantile","0.025",0.526358500527145
"2022-01-13","10 day R","2021-01-10","CH","quantile","0.975",1.18216131648704
"2022-01-13","10 day R","2021-01-11","CH","point","NA",0.822109077268597
"2022-01-13","10 day R","2021-01-11","CH","quantile","0.025",0.495505086130921
"2022-01-13","10 day R","2021-01-11","CH","quantile","0.975",1.15114136908297
"2022-01-13","10 day R","2021-01-12","CH","point","NA",0.805076944335478
"2022-01-13","10 day R","2021-01-12","CH","quantile","0.025",0.477118307167493
"2022-01-13","10 day R","2021-01-12","CH","quantile","0.975",1.13471844967093
"2022-01-13","10 day R","2021-01-13","CH","point","NA",0.791539109319266
"2022-01-13","10 day R","2021-01-13","CH","quantile","0.025",0.465115015846841
"2022-01-13","10 day R","2021-01-13","CH","quantile","0.975",1.11194116307418
"2022-01-13","10 day R","2021-01-14","CH","point","NA",0.785221438693052
"2022-01-13","10 day R","2021-01-14","CH","quantile","0.025",0.458852881783966
"2022-01-13","10 day R","2021-01-14","CH","quantile","0.975",1.10809352768817
"2022-01-13","10 day R","2021-01-15","CH","point","NA",0.783232429411111
"2022-01-13","10 day R","2021-01-15","CH","quantile","0.025",0.462384937612493
"2022-01-13","10 day R","2021-01-15","CH","quantile","0.975",1.10336910213512
"2022-01-13","10 day R","2021-01-16","CH","point","NA",0.776066107836035
"2022-01-13","10 day R","2021-01-16","CH","quantile","0.025",0.454786021834478
"2022-01-13","10 day R","2021-01-16","CH","quantile","0.975",1.10164711370682
"2022-01-13","10 day R","2021-01-17","CH","point","NA",0.76497100939466
"2022-01-13","10 day R","2021-01-17","CH","quantile","0.025",0.439039926999251
"2022-01-13","10 day R","2021-01-17","CH","quantile","0.975",1.08936713907812
"2022-01-13","10 day R","2021-01-18","CH","point","NA",0.752779403335325
"2022-01-13","10 day R","2021-01-18","CH","quantile","0.025",0.432690533757947
"2022-01-13","10 day R","2021-01-18","CH","quantile","0.975",1.07665470578919
"2022-01-13","10 day R","2021-01-19","CH","point","NA",0.758211489878039
"2022-01-13","10 day R","2021-01-19","CH","quantile","0.025",0.43405169452454
"2022-01-13","10 day R","2021-01-19","CH","quantile","0.975",1.07971279270393
"2022-01-13","10 day R","2021-01-20","CH","point","NA",0.76625231856008
"2022-01-13","10 day R","2021-01-20","CH","quantile","0.025",0.442430619087061
"2022-01-13","10 day R","2021-01-20","CH","quantile","0.975",1.08768356202603
"2022-01-13","10 day R","2021-01-21","CH","point","NA",0.773743037511068
"2022-01-13","10 day R","2021-01-21","CH","quantile","0.025",0.452766459765508
"2022-01-13","10 day R","2021-01-21","CH","quantile","0.975",1.09829974115593
"2022-01-13","10 day R","2021-01-22","CH","point","NA",0.779512407800328
"2022-01-13","10 day R","2021-01-22","CH","quantile","0.025",0.452761050304692
"2022-01-13","10 day R","2021-01-22","CH","quantile","0.975",1.1060596040131
"2022-01-13","10 day R","2021-01-23","CH","point","NA",0.779174561096771
"2022-01-13","10 day R","2021-01-23","CH","quantile","0.025",0.453142268558577
"2022-01-13","10 day R","2021-01-23","CH","quantile","0.975",1.10273842293845
"2022-01-13","10 day R","2021-01-24","CH","point","NA",0.775687947818762
"2022-01-13","10 day R","2021-01-24","CH","quantile","0.025",0.450843281279391
"2022-01-13","10 day R","2021-01-24","CH","quantile","0.975",1.09967299265402
"2022-01-13","10 day R","2021-01-25","CH","point","NA",0.772979502260363
"2022-01-13","10 day R","2021-01-25","CH","quantile","0.025",0.452022534658866
"2022-01-13","10 day R","2021-01-25","CH","quantile","0.975",1.09674860657078
"2022-01-13","10 day R","2021-01-26","CH","point","NA",0.772730310581385
"2022-01-13","10 day R","2021-01-26","CH","quantile","0.025",0.451319980954048
"2022-01-13","10 day R","2021-01-26","CH","quantile","0.975",1.09886289001331
"2022-01-13","10 day R","2021-01-27","CH","point","NA",0.776963587120249
"2022-01-13","10 day R","2021-01-27","CH","quantile","0.025",0.453105607577932
"2022-01-13","10 day R","2021-01-27","CH","quantile","0.975",1.10754858790882
"2022-01-13","10 day R","2021-01-28","CH","point","NA",0.78098871507467
"2022-01-13","10 day R","2021-01-28","CH","quantile","0.025",0.457238050468399
"2022-01-13","10 day R","2021-01-28","CH","quantile","0.975",1.10284737559585
"2022-01-13","10 day R","2021-01-29","CH","point","NA",0.788298768581792
"2022-01-13","10 day R","2021-01-29","CH","quantile","0.025",0.463532542350191
"2022-01-13","10 day R","2021-01-29","CH","quantile","0.975",1.11346556263978
"2022-01-13","10 day R","2021-01-30","CH","point","NA",0.790520000743909
"2022-01-13","10 day R","2021-01-30","CH","quantile","0.025",0.472428206792589
"2022-01-13","10 day R","2021-01-30","CH","quantile","0.975",1.12069335219859
"2022-01-13","10 day R","2021-01-31","CH","point","NA",0.79075488203801
"2022-01-13","10 day R","2021-01-31","CH","quantile","0.025",0.468214550288505
"2022-01-13","10 day R","2021-01-31","CH","quantile","0.975",1.11477616245282
"2022-01-13","10 day R","2021-02-01","CH","point","NA",0.789582843671866
"2022-01-13","10 day R","2021-02-01","CH","quantile","0.025",0.462269166309598
"2022-01-13","10 day R","2021-02-01","CH","quantile","0.975",1.11362981587029
"2022-01-13","10 day R","2021-02-02","CH","point","NA",0.789119195526816
"2022-01-13","10 day R","2021-02-02","CH","quantile","0.025",0.465294692482145
"2022-01-13","10 day R","2021-02-02","CH","quantile","0.975",1.11104549724787
"2022-01-13","10 day R","2021-02-03","CH","point","NA",0.792056703849684
"2022-01-13","10 day R","2021-02-03","CH","quantile","0.025",0.466285159877674
"2022-01-13","10 day R","2021-02-03","CH","quantile","0.975",1.11078132899704
"2022-01-13","10 day R","2021-02-04","CH","point","NA",0.796912134276674
"2022-01-13","10 day R","2021-02-04","CH","quantile","0.025",0.471741524674426
"2022-01-13","10 day R","2021-02-04","CH","quantile","0.975",1.11719983435949
"2022-01-13","10 day R","2021-02-05","CH","point","NA",0.799153010639045
"2022-01-13","10 day R","2021-02-05","CH","quantile","0.025",0.47720282404537
"2022-01-13","10 day R","2021-02-05","CH","quantile","0.975",1.12132960565822
"2022-01-13","10 day R","2021-02-06","CH","point","NA",0.797917975183199
"2022-01-13","10 day R","2021-02-06","CH","quantile","0.025",0.479587031939435
"2022-01-13","10 day R","2021-02-06","CH","quantile","0.975",1.11880908930034
"2022-01-13","10 day R","2021-02-07","CH","point","NA",0.794142495263426
"2022-01-13","10 day R","2021-02-07","CH","quantile","0.025",0.475586719772077
"2022-01-13","10 day R","2021-02-07","CH","quantile","0.975",1.11588305857515
"2022-01-13","10 day R","2021-02-08","CH","point","NA",0.790047991064046
"2022-01-13","10 day R","2021-02-08","CH","quantile","0.025",0.468163223409534
"2022-01-13","10 day R","2021-02-08","CH","quantile","0.975",1.11152277212345
"2022-01-13","10 day R","2021-02-09","CH","point","NA",0.784040339668074
"2022-01-13","10 day R","2021-02-09","CH","quantile","0.025",0.463486664518845
"2022-01-13","10 day R","2021-02-09","CH","quantile","0.975",1.09947730496667
"2022-01-13","10 day R","2021-02-10","CH","point","NA",0.782018351273238
"2022-01-13","10 day R","2021-02-10","CH","quantile","0.025",0.462978286287137
"2022-01-13","10 day R","2021-02-10","CH","quantile","0.975",1.10630002711875
"2022-01-13","10 day R","2021-02-11","CH","point","NA",0.779727327655054
"2022-01-13","10 day R","2021-02-11","CH","quantile","0.025",0.461218333442881
"2022-01-13","10 day R","2021-02-11","CH","quantile","0.975",1.09767277534475
"2022-01-13","10 day R","2021-02-12","CH","point","NA",0.780226294352421
"2022-01-13","10 day R","2021-02-12","CH","quantile","0.025",0.45461631552967
"2022-01-13","10 day R","2021-02-12","CH","quantile","0.975",1.10217663609779
"2022-01-13","10 day R","2021-02-13","CH","point","NA",0.779813333856492
"2022-01-13","10 day R","2021-02-13","CH","quantile","0.025",0.460702209948366
"2022-01-13","10 day R","2021-02-13","CH","quantile","0.975",1.10045892970403
"2022-01-13","10 day R","2021-02-14","CH","point","NA",0.774987337378422
"2022-01-13","10 day R","2021-02-14","CH","quantile","0.025",0.446269141293988
"2022-01-13","10 day R","2021-02-14","CH","quantile","0.975",1.09692450514502
"2022-01-13","10 day R","2021-02-15","CH","point","NA",0.767794860029253
"2022-01-13","10 day R","2021-02-15","CH","quantile","0.025",0.444254997260279
"2022-01-13","10 day R","2021-02-15","CH","quantile","0.975",1.08954976806532
"2022-01-13","10 day R","2021-02-16","CH","point","NA",0.773538728808955
"2022-01-13","10 day R","2021-02-16","CH","quantile","0.025",0.451081715775008
"2022-01-13","10 day R","2021-02-16","CH","quantile","0.975",1.09921668971333
"2022-01-13","10 day R","2021-02-17","CH","point","NA",0.785408068701229
"2022-01-13","10 day R","2021-02-17","CH","quantile","0.025",0.462394686460198
"2022-01-13","10 day R","2021-02-17","CH","quantile","0.975",1.10597862193625
"2022-01-13","10 day R","2021-02-18","CH","point","NA",0.802971326396414
"2022-01-13","10 day R","2021-02-18","CH","quantile","0.025",0.480546650472307
"2022-01-13","10 day R","2021-02-18","CH","quantile","0.975",1.12874966879851
"2022-01-13","10 day R","2021-02-19","CH","point","NA",0.818544832489982
"2022-01-13","10 day R","2021-02-19","CH","quantile","0.025",0.496081033690223
"2022-01-13","10 day R","2021-02-19","CH","quantile","0.975",1.14109432047849
"2022-01-13","10 day R","2021-02-20","CH","point","NA",0.836043688312035
"2022-01-13","10 day R","2021-02-20","CH","quantile","0.025",0.512752278270065
"2022-01-13","10 day R","2021-02-20","CH","quantile","0.975",1.15887873194904
"2022-01-13","10 day R","2021-02-21","CH","point","NA",0.850830963691511
"2022-01-13","10 day R","2021-02-21","CH","quantile","0.025",0.530052060534911
"2022-01-13","10 day R","2021-02-21","CH","quantile","0.975",1.17335701780148
"2022-01-13","10 day R","2021-02-22","CH","point","NA",0.863238639916798
"2022-01-13","10 day R","2021-02-22","CH","quantile","0.025",0.536881989465762
"2022-01-13","10 day R","2021-02-22","CH","quantile","0.975",1.18432862286934
"2022-01-13","10 day R","2021-02-23","CH","point","NA",0.880258529561059
"2022-01-13","10 day R","2021-02-23","CH","quantile","0.025",0.558623031758013
"2022-01-13","10 day R","2021-02-23","CH","quantile","0.975",1.2014311656659
"2022-01-13","10 day R","2021-02-24","CH","point","NA",0.895604757529016
"2022-01-13","10 day R","2021-02-24","CH","quantile","0.025",0.573756032805216
"2022-01-13","10 day R","2021-02-24","CH","quantile","0.975",1.21922548406848
"2022-01-13","10 day R","2021-02-25","CH","point","NA",0.908630626264717
"2022-01-13","10 day R","2021-02-25","CH","quantile","0.025",0.584847053269695
"2022-01-13","10 day R","2021-02-25","CH","quantile","0.975",1.23386659070161
"2022-01-13","10 day R","2021-02-26","CH","point","NA",0.923841739336271
"2022-01-13","10 day R","2021-02-26","CH","quantile","0.025",0.604758061102967
"2022-01-13","10 day R","2021-02-26","CH","quantile","0.975",1.2407895507509
"2022-01-13","10 day R","2021-02-27","CH","point","NA",0.939835283711874
"2022-01-13","10 day R","2021-02-27","CH","quantile","0.025",0.619987065512597
"2022-01-13","10 day R","2021-02-27","CH","quantile","0.975",1.26253482353698
"2022-01-13","10 day R","2021-02-28","CH","point","NA",0.953755302584664
"2022-01-13","10 day R","2021-02-28","CH","quantile","0.025",0.632937936485494
"2022-01-13","10 day R","2021-02-28","CH","quantile","0.975",1.27566957335579
"2022-01-13","10 day R","2021-03-01","CH","point","NA",0.967448442240046
"2022-01-13","10 day R","2021-03-01","CH","quantile","0.025",0.643014844279811
"2022-01-13","10 day R","2021-03-01","CH","quantile","0.975",1.28976967187608
"2022-01-13","10 day R","2021-03-02","CH","point","NA",0.97740872397972
"2022-01-13","10 day R","2021-03-02","CH","quantile","0.025",0.656932960884195
"2022-01-13","10 day R","2021-03-02","CH","quantile","0.975",1.30048286235669
"2022-01-13","10 day R","2021-03-03","CH","point","NA",0.990357716463537
"2022-01-13","10 day R","2021-03-03","CH","quantile","0.025",0.666391305551977
"2022-01-13","10 day R","2021-03-03","CH","quantile","0.975",1.31526301061107
"2022-01-13","10 day R","2021-03-04","CH","point","NA",1.00841150976405
"2022-01-13","10 day R","2021-03-04","CH","quantile","0.025",0.681370374684815
"2022-01-13","10 day R","2021-03-04","CH","quantile","0.975",1.33235651370238
"2022-01-13","10 day R","2021-03-05","CH","point","NA",1.0290800642511
"2022-01-13","10 day R","2021-03-05","CH","quantile","0.025",0.707078745868034
"2022-01-13","10 day R","2021-03-05","CH","quantile","0.975",1.34623105640842
"2022-01-13","10 day R","2021-03-06","CH","point","NA",1.04830368513575
"2022-01-13","10 day R","2021-03-06","CH","quantile","0.025",0.725003958179665
"2022-01-13","10 day R","2021-03-06","CH","quantile","0.975",1.36809139523266
"2022-01-13","10 day R","2021-03-07","CH","point","NA",1.06897139999053
"2022-01-13","10 day R","2021-03-07","CH","quantile","0.025",0.74315539316692
"2022-01-13","10 day R","2021-03-07","CH","quantile","0.975",1.38847880151397
"2022-01-13","10 day R","2021-03-08","CH","point","NA",1.08764923271963
"2022-01-13","10 day R","2021-03-08","CH","quantile","0.025",0.761557341880131
"2022-01-13","10 day R","2021-03-08","CH","quantile","0.975",1.40990207883316
"2022-01-13","10 day R","2021-03-09","CH","point","NA",1.10123058237225
"2022-01-13","10 day R","2021-03-09","CH","quantile","0.025",0.776044572034213
"2022-01-13","10 day R","2021-03-09","CH","quantile","0.975",1.42594935923267
"2022-01-13","10 day R","2021-03-10","CH","point","NA",1.11223036766497
"2022-01-13","10 day R","2021-03-10","CH","quantile","0.025",0.789580159110614
"2022-01-13","10 day R","2021-03-10","CH","quantile","0.975",1.43803006783741
"2022-01-13","10 day R","2021-03-11","CH","point","NA",1.12227891751899
"2022-01-13","10 day R","2021-03-11","CH","quantile","0.025",0.798828639165013
"2022-01-13","10 day R","2021-03-11","CH","quantile","0.975",1.44468288246903
"2022-01-13","10 day R","2021-03-12","CH","point","NA",1.13494637430878
"2022-01-13","10 day R","2021-03-12","CH","quantile","0.025",0.810074687124629
"2022-01-13","10 day R","2021-03-12","CH","quantile","0.975",1.45806008688781
"2022-01-13","10 day R","2021-03-13","CH","point","NA",1.15052384779387
"2022-01-13","10 day R","2021-03-13","CH","quantile","0.025",0.830370681096146
"2022-01-13","10 day R","2021-03-13","CH","quantile","0.975",1.47419732708405
"2022-01-13","10 day R","2021-03-14","CH","point","NA",1.16988204631034
"2022-01-13","10 day R","2021-03-14","CH","quantile","0.025",0.846861044844167
"2022-01-13","10 day R","2021-03-14","CH","quantile","0.975",1.49481420735571
"2022-01-13","10 day R","2021-03-15","CH","point","NA",1.18870908439572
"2022-01-13","10 day R","2021-03-15","CH","quantile","0.025",0.860881864947302
"2022-01-13","10 day R","2021-03-15","CH","quantile","0.975",1.51479442590991
"2022-01-13","10 day R","2021-03-16","CH","point","NA",1.19633121561736
"2022-01-13","10 day R","2021-03-16","CH","quantile","0.025",0.87634320084408
"2022-01-13","10 day R","2021-03-16","CH","quantile","0.975",1.51918385250906
"2022-01-13","10 day R","2021-03-17","CH","point","NA",1.20931394740003
"2022-01-13","10 day R","2021-03-17","CH","quantile","0.025",0.887880342550583
"2022-01-13","10 day R","2021-03-17","CH","quantile","0.975",1.53352211435214
"2022-01-13","10 day R","2021-03-18","CH","point","NA",1.21597795095141
"2022-01-13","10 day R","2021-03-18","CH","quantile","0.025",0.89182191288639
"2022-01-13","10 day R","2021-03-18","CH","quantile","0.975",1.54245869395821
"2022-01-13","10 day R","2021-03-19","CH","point","NA",1.22009076924359
"2022-01-13","10 day R","2021-03-19","CH","quantile","0.025",0.897489553969943
"2022-01-13","10 day R","2021-03-19","CH","quantile","0.975",1.54111573949977
"2022-01-13","10 day R","2021-03-20","CH","point","NA",1.22325652832076
"2022-01-13","10 day R","2021-03-20","CH","quantile","0.025",0.899716609055528
"2022-01-13","10 day R","2021-03-20","CH","quantile","0.975",1.54502329738725
"2022-01-13","10 day R","2021-03-21","CH","point","NA",1.23029672557156
"2022-01-13","10 day R","2021-03-21","CH","quantile","0.025",0.90577153914083
"2022-01-13","10 day R","2021-03-21","CH","quantile","0.975",1.55337227068035
"2022-01-13","10 day R","2021-03-22","CH","point","NA",1.23919616585629
"2022-01-13","10 day R","2021-03-22","CH","quantile","0.025",0.919282523420613
"2022-01-13","10 day R","2021-03-22","CH","quantile","0.975",1.56234937291009
"2022-01-13","10 day R","2021-03-23","CH","point","NA",1.23577375210973
"2022-01-13","10 day R","2021-03-23","CH","quantile","0.025",0.91712461988078
"2022-01-13","10 day R","2021-03-23","CH","quantile","0.975",1.55852600250017
"2022-01-13","10 day R","2021-03-24","CH","point","NA",1.23651722601403
"2022-01-13","10 day R","2021-03-24","CH","quantile","0.025",0.917879077069623
"2022-01-13","10 day R","2021-03-24","CH","quantile","0.975",1.55506936270825
"2022-01-13","10 day R","2021-03-25","CH","point","NA",1.23663265773245
"2022-01-13","10 day R","2021-03-25","CH","quantile","0.025",0.911960886134008
"2022-01-13","10 day R","2021-03-25","CH","quantile","0.975",1.55861094996834
"2022-01-13","10 day R","2021-03-26","CH","point","NA",1.23385044528326
"2022-01-13","10 day R","2021-03-26","CH","quantile","0.025",0.906854449059215
"2022-01-13","10 day R","2021-03-26","CH","quantile","0.975",1.55241643602271
"2022-01-13","10 day R","2021-03-27","CH","point","NA",1.23037175537351
"2022-01-13","10 day R","2021-03-27","CH","quantile","0.025",0.9079837154427
"2022-01-13","10 day R","2021-03-27","CH","quantile","0.975",1.55603204898674
"2022-01-13","10 day R","2021-03-28","CH","point","NA",1.23398421678105
"2022-01-13","10 day R","2021-03-28","CH","quantile","0.025",0.91222980207469
"2022-01-13","10 day R","2021-03-28","CH","quantile","0.975",1.56067355857085
"2022-01-13","10 day R","2021-03-29","CH","point","NA",1.23873499560411
"2022-01-13","10 day R","2021-03-29","CH","quantile","0.025",0.915992746412802
"2022-01-13","10 day R","2021-03-29","CH","quantile","0.975",1.56130674526896
"2022-01-13","10 day R","2021-03-30","CH","point","NA",1.19660419308392
"2022-01-13","10 day R","2021-03-30","CH","quantile","0.025",0.869875530843988
"2022-01-13","10 day R","2021-03-30","CH","quantile","0.975",1.52192985647415
"2022-01-13","10 day R","2021-03-31","CH","point","NA",1.17966084962864
"2022-01-13","10 day R","2021-03-31","CH","quantile","0.025",0.852665875550811
"2022-01-13","10 day R","2021-03-31","CH","quantile","0.975",1.50670645415148
"2022-01-13","10 day R","2021-04-01","CH","point","NA",1.1596486420235
"2022-01-13","10 day R","2021-04-01","CH","quantile","0.025",0.833773642780271
"2022-01-13","10 day R","2021-04-01","CH","quantile","0.975",1.47893885242124
"2022-01-13","10 day R","2021-04-02","CH","point","NA",1.14052743175449
"2022-01-13","10 day R","2021-04-02","CH","quantile","0.025",0.818385563968778
"2022-01-13","10 day R","2021-04-02","CH","quantile","0.975",1.46052381841001
"2022-01-13","10 day R","2021-04-03","CH","point","NA",1.1180752768944
"2022-01-13","10 day R","2021-04-03","CH","quantile","0.025",0.796853712546088
"2022-01-13","10 day R","2021-04-03","CH","quantile","0.975",1.43611840206811
"2022-01-13","10 day R","2021-04-04","CH","point","NA",1.097995124077
"2022-01-13","10 day R","2021-04-04","CH","quantile","0.025",0.770405055776309
"2022-01-13","10 day R","2021-04-04","CH","quantile","0.975",1.42320276916724
"2022-01-13","10 day R","2021-04-05","CH","point","NA",1.09013292290626
"2022-01-13","10 day R","2021-04-05","CH","quantile","0.025",0.769168186123667
"2022-01-13","10 day R","2021-04-05","CH","quantile","0.975",1.41635102852459
"2022-01-13","10 day R","2021-04-06","CH","point","NA",1.20083758086328
"2022-01-13","10 day R","2021-04-06","CH","quantile","0.025",0.879645966417764
"2022-01-13","10 day R","2021-04-06","CH","quantile","0.975",1.52103433564959
"2022-01-13","10 day R","2021-04-07","CH","point","NA",1.22294546925174
"2022-01-13","10 day R","2021-04-07","CH","quantile","0.025",0.8960879254039
"2022-01-13","10 day R","2021-04-07","CH","quantile","0.975",1.54973310750482
"2022-01-13","10 day R","2021-04-08","CH","point","NA",1.23327221875767
"2022-01-13","10 day R","2021-04-08","CH","quantile","0.025",0.910053015045829
"2022-01-13","10 day R","2021-04-08","CH","quantile","0.975",1.55435007980054
"2022-01-13","10 day R","2021-04-09","CH","point","NA",1.23296218394035
"2022-01-13","10 day R","2021-04-09","CH","quantile","0.025",0.909529251103483
"2022-01-13","10 day R","2021-04-09","CH","quantile","0.975",1.55724043808675
"2022-01-13","10 day R","2021-04-10","CH","point","NA",1.22840189532115
"2022-01-13","10 day R","2021-04-10","CH","quantile","0.025",0.906421808737168
"2022-01-13","10 day R","2021-04-10","CH","quantile","0.975",1.54750854027109
"2022-01-13","10 day R","2021-04-11","CH","point","NA",1.2290955083699
"2022-01-13","10 day R","2021-04-11","CH","quantile","0.025",0.905768555292336
"2022-01-13","10 day R","2021-04-11","CH","quantile","0.975",1.55101508244199
"2022-01-13","10 day R","2021-04-12","CH","point","NA",1.23366929989445
"2022-01-13","10 day R","2021-04-12","CH","quantile","0.025",0.910100819300186
"2022-01-13","10 day R","2021-04-12","CH","quantile","0.975",1.56123426661539
"2022-01-13","10 day R","2021-04-13","CH","point","NA",1.18697944777212
"2022-01-13","10 day R","2021-04-13","CH","quantile","0.025",0.865917481583371
"2022-01-13","10 day R","2021-04-13","CH","quantile","0.975",1.5099365943747
"2022-01-13","10 day R","2021-04-14","CH","point","NA",1.16446141617473
"2022-01-13","10 day R","2021-04-14","CH","quantile","0.025",0.840106587726503
"2022-01-13","10 day R","2021-04-14","CH","quantile","0.975",1.48902066962928
"2022-01-13","10 day R","2021-04-15","CH","point","NA",1.14334755284985
"2022-01-13","10 day R","2021-04-15","CH","quantile","0.025",0.821416407005293
"2022-01-13","10 day R","2021-04-15","CH","quantile","0.975",1.46655680474206
"2022-01-13","10 day R","2021-04-16","CH","point","NA",1.12612591805619
"2022-01-13","10 day R","2021-04-16","CH","quantile","0.025",0.803263641767903
"2022-01-13","10 day R","2021-04-16","CH","quantile","0.975",1.45231377936643
"2022-01-13","10 day R","2021-04-17","CH","point","NA",1.11486655984505
"2022-01-13","10 day R","2021-04-17","CH","quantile","0.025",0.788870601281767
"2022-01-13","10 day R","2021-04-17","CH","quantile","0.975",1.43873274316912
"2022-01-13","10 day R","2021-04-18","CH","point","NA",1.10660634757496
"2022-01-13","10 day R","2021-04-18","CH","quantile","0.025",0.781080536927787
"2022-01-13","10 day R","2021-04-18","CH","quantile","0.975",1.43080188552551
"2022-01-13","10 day R","2021-04-19","CH","point","NA",1.09571139153734
"2022-01-13","10 day R","2021-04-19","CH","quantile","0.025",0.775334328288983
"2022-01-13","10 day R","2021-04-19","CH","quantile","0.975",1.42274974274591
"2022-01-13","10 day R","2021-04-20","CH","point","NA",1.07960934128812
"2022-01-13","10 day R","2021-04-20","CH","quantile","0.025",0.75921357763436
"2022-01-13","10 day R","2021-04-20","CH","quantile","0.975",1.40369773109796
"2022-01-13","10 day R","2021-04-21","CH","point","NA",1.07401094018724
"2022-01-13","10 day R","2021-04-21","CH","quantile","0.025",0.748881669086261
"2022-01-13","10 day R","2021-04-21","CH","quantile","0.975",1.39958023880229
"2022-01-13","10 day R","2021-04-22","CH","point","NA",1.06283380708491
"2022-01-13","10 day R","2021-04-22","CH","quantile","0.025",0.737266875154924
"2022-01-13","10 day R","2021-04-22","CH","quantile","0.975",1.38795902636445
"2022-01-13","10 day R","2021-04-23","CH","point","NA",1.05251830470732
"2022-01-13","10 day R","2021-04-23","CH","quantile","0.025",0.729036707732305
"2022-01-13","10 day R","2021-04-23","CH","quantile","0.975",1.38231108237845
"2022-01-13","10 day R","2021-04-24","CH","point","NA",1.04560132320645
"2022-01-13","10 day R","2021-04-24","CH","quantile","0.025",0.72308813228535
"2022-01-13","10 day R","2021-04-24","CH","quantile","0.975",1.36605105854716
"2022-01-13","10 day R","2021-04-25","CH","point","NA",1.04031835582971
"2022-01-13","10 day R","2021-04-25","CH","quantile","0.025",0.717976395900027
"2022-01-13","10 day R","2021-04-25","CH","quantile","0.975",1.35813061603565
"2022-01-13","10 day R","2021-04-26","CH","point","NA",1.03171251899966
"2022-01-13","10 day R","2021-04-26","CH","quantile","0.025",0.711552368986711
"2022-01-13","10 day R","2021-04-26","CH","quantile","0.975",1.34757144799134
"2022-01-13","10 day R","2021-04-27","CH","point","NA",1.00549798590337
"2022-01-13","10 day R","2021-04-27","CH","quantile","0.025",0.684891587191383
"2022-01-13","10 day R","2021-04-27","CH","quantile","0.975",1.32510065154781
"2022-01-13","10 day R","2021-04-28","CH","point","NA",0.980194733136169
"2022-01-13","10 day R","2021-04-28","CH","quantile","0.025",0.655150803082542
"2022-01-13","10 day R","2021-04-28","CH","quantile","0.975",1.30296028279623
"2022-01-13","10 day R","2021-04-29","CH","point","NA",0.96080442661673
"2022-01-13","10 day R","2021-04-29","CH","quantile","0.025",0.636073754326449
"2022-01-13","10 day R","2021-04-29","CH","quantile","0.975",1.28524126929961
"2022-01-13","10 day R","2021-04-30","CH","point","NA",0.940197328552712
"2022-01-13","10 day R","2021-04-30","CH","quantile","0.025",0.617968311056759
"2022-01-13","10 day R","2021-04-30","CH","quantile","0.975",1.26263636417879
"2022-01-13","10 day R","2021-05-01","CH","point","NA",0.924400152057175
"2022-01-13","10 day R","2021-05-01","CH","quantile","0.025",0.604189533215313
"2022-01-13","10 day R","2021-05-01","CH","quantile","0.975",1.24660467827118
"2022-01-13","10 day R","2021-05-02","CH","point","NA",0.906874004879603
"2022-01-13","10 day R","2021-05-02","CH","quantile","0.025",0.583051476529126
"2022-01-13","10 day R","2021-05-02","CH","quantile","0.975",1.22679659074517
"2022-01-13","10 day R","2021-05-03","CH","point","NA",0.889278236865221
"2022-01-13","10 day R","2021-05-03","CH","quantile","0.025",0.573829985493363
"2022-01-13","10 day R","2021-05-03","CH","quantile","0.975",1.2102215889354
"2022-01-13","10 day R","2021-05-04","CH","point","NA",0.875799248251566
"2022-01-13","10 day R","2021-05-04","CH","quantile","0.025",0.55364242978385
"2022-01-13","10 day R","2021-05-04","CH","quantile","0.975",1.19957108782578
"2022-01-13","10 day R","2021-05-05","CH","point","NA",0.868476892487899
"2022-01-13","10 day R","2021-05-05","CH","quantile","0.025",0.54579062473103
"2022-01-13","10 day R","2021-05-05","CH","quantile","0.975",1.19104323822381
"2022-01-13","10 day R","2021-05-06","CH","point","NA",0.867021405698092
"2022-01-13","10 day R","2021-05-06","CH","quantile","0.025",0.545983507211457
"2022-01-13","10 day R","2021-05-06","CH","quantile","0.975",1.19224253884539
"2022-01-13","10 day R","2021-05-07","CH","point","NA",0.857136740045479
"2022-01-13","10 day R","2021-05-07","CH","quantile","0.025",0.533433082066254
"2022-01-13","10 day R","2021-05-07","CH","quantile","0.975",1.1795871293836
"2022-01-13","10 day R","2021-05-08","CH","point","NA",0.851668293137939
"2022-01-13","10 day R","2021-05-08","CH","quantile","0.025",0.532164940844677
"2022-01-13","10 day R","2021-05-08","CH","quantile","0.975",1.1782056136056
"2022-01-13","10 day R","2021-05-09","CH","point","NA",0.847818075065696
"2022-01-13","10 day R","2021-05-09","CH","quantile","0.025",0.529732893226163
"2022-01-13","10 day R","2021-05-09","CH","quantile","0.975",1.17259810636854
"2022-01-13","10 day R","2021-05-10","CH","point","NA",0.840418698705181
"2022-01-13","10 day R","2021-05-10","CH","quantile","0.025",0.52003856490378
"2022-01-13","10 day R","2021-05-10","CH","quantile","0.975",1.16386627782068
"2022-01-13","10 day R","2021-05-11","CH","point","NA",0.817304183482163
"2022-01-13","10 day R","2021-05-11","CH","quantile","0.025",0.49294459184805
"2022-01-13","10 day R","2021-05-11","CH","quantile","0.975",1.14107149229053
"2022-01-13","10 day R","2021-05-12","CH","point","NA",0.804216478752572
"2022-01-13","10 day R","2021-05-12","CH","quantile","0.025",0.482716449327493
"2022-01-13","10 day R","2021-05-12","CH","quantile","0.975",1.1253712661921
"2022-01-13","10 day R","2021-05-13","CH","point","NA",0.798134507918727
"2022-01-13","10 day R","2021-05-13","CH","quantile","0.025",0.474006384760235
"2022-01-13","10 day R","2021-05-13","CH","quantile","0.975",1.11903916146779
"2022-01-13","10 day R","2021-05-14","CH","point","NA",0.823595639312897
"2022-01-13","10 day R","2021-05-14","CH","quantile","0.025",0.502285323739688
"2022-01-13","10 day R","2021-05-14","CH","quantile","0.975",1.1470298006367
"2022-01-13","10 day R","2021-05-15","CH","point","NA",0.815839764357691
"2022-01-13","10 day R","2021-05-15","CH","quantile","0.025",0.48677702733114
"2022-01-13","10 day R","2021-05-15","CH","quantile","0.975",1.14114151344172
"2022-01-13","10 day R","2021-05-16","CH","point","NA",0.814095860716629
"2022-01-13","10 day R","2021-05-16","CH","quantile","0.025",0.487937649987703
"2022-01-13","10 day R","2021-05-16","CH","quantile","0.975",1.13963139107443
"2022-01-13","10 day R","2021-05-17","CH","point","NA",0.811363818542075
"2022-01-13","10 day R","2021-05-17","CH","quantile","0.025",0.487576602866899
"2022-01-13","10 day R","2021-05-17","CH","quantile","0.975",1.13709925189803
"2022-01-13","10 day R","2021-05-18","CH","point","NA",0.792997296459062
"2022-01-13","10 day R","2021-05-18","CH","quantile","0.025",0.466421573502834
"2022-01-13","10 day R","2021-05-18","CH","quantile","0.975",1.12009007398173
"2022-01-13","10 day R","2021-05-19","CH","point","NA",0.792583649345553
"2022-01-13","10 day R","2021-05-19","CH","quantile","0.025",0.469747604012441
"2022-01-13","10 day R","2021-05-19","CH","quantile","0.975",1.11669892966365
"2022-01-13","10 day R","2021-05-20","CH","point","NA",0.781708348787776
"2022-01-13","10 day R","2021-05-20","CH","quantile","0.025",0.457213875893857
"2022-01-13","10 day R","2021-05-20","CH","quantile","0.975",1.10692746119699
"2022-01-13","10 day R","2021-05-21","CH","point","NA",0.762476386356818
"2022-01-13","10 day R","2021-05-21","CH","quantile","0.025",0.436117525507352
"2022-01-13","10 day R","2021-05-21","CH","quantile","0.975",1.08947224631559
"2022-01-13","10 day R","2021-05-22","CH","point","NA",0.776727349735682
"2022-01-13","10 day R","2021-05-22","CH","quantile","0.025",0.45532341668596
"2022-01-13","10 day R","2021-05-22","CH","quantile","0.975",1.10043017188722
"2022-01-13","10 day R","2021-05-23","CH","point","NA",0.759372626921322
"2022-01-13","10 day R","2021-05-23","CH","quantile","0.025",0.43714515196999
"2022-01-13","10 day R","2021-05-23","CH","quantile","0.975",1.0856588232349
"2022-01-13","10 day R","2021-05-24","CH","point","NA",0.745749418668767
"2022-01-13","10 day R","2021-05-24","CH","quantile","0.025",0.421597814695512
"2022-01-13","10 day R","2021-05-24","CH","quantile","0.975",1.0691471249543
"2022-01-13","10 day R","2021-05-25","CH","point","NA",0.804826425177052
"2022-01-13","10 day R","2021-05-25","CH","quantile","0.025",0.482176003241576
"2022-01-13","10 day R","2021-05-25","CH","quantile","0.975",1.12961895221675
"2022-01-13","10 day R","2021-05-26","CH","point","NA",0.798193042172699
"2022-01-13","10 day R","2021-05-26","CH","quantile","0.025",0.476953402595044
"2022-01-13","10 day R","2021-05-26","CH","quantile","0.975",1.11832991517815
"2022-01-13","10 day R","2021-05-27","CH","point","NA",0.783934696215373
"2022-01-13","10 day R","2021-05-27","CH","quantile","0.025",0.462207721977658
"2022-01-13","10 day R","2021-05-27","CH","quantile","0.975",1.10856978526653
"2022-01-13","10 day R","2021-05-28","CH","point","NA",0.765008004098157
"2022-01-13","10 day R","2021-05-28","CH","quantile","0.025",0.443376383819271
"2022-01-13","10 day R","2021-05-28","CH","quantile","0.975",1.08614904514522
"2022-01-13","10 day R","2021-05-29","CH","point","NA",0.737678838786685
"2022-01-13","10 day R","2021-05-29","CH","quantile","0.025",0.415874716591127
"2022-01-13","10 day R","2021-05-29","CH","quantile","0.975",1.06021767196108
"2022-01-13","10 day R","2021-05-30","CH","point","NA",0.721638034265898
"2022-01-13","10 day R","2021-05-30","CH","quantile","0.025",0.399006866993674
"2022-01-13","10 day R","2021-05-30","CH","quantile","0.975",1.04154742528679
"2022-01-13","10 day R","2021-05-31","CH","point","NA",0.707697375151618
"2022-01-13","10 day R","2021-05-31","CH","quantile","0.025",0.388904642931779
"2022-01-13","10 day R","2021-05-31","CH","quantile","0.975",1.02896952976489
"2022-01-13","10 day R","2021-06-01","CH","point","NA",0.67099995027578
"2022-01-13","10 day R","2021-06-01","CH","quantile","0.025",0.342980106427073
"2022-01-13","10 day R","2021-06-01","CH","quantile","0.975",0.995535234314601
"2022-01-13","10 day R","2021-06-02","CH","point","NA",0.655401935966701
"2022-01-13","10 day R","2021-06-02","CH","quantile","0.025",0.330191816364616
"2022-01-13","10 day R","2021-06-02","CH","quantile","0.975",0.98410103880519
"2022-01-13","10 day R","2021-06-03","CH","point","NA",0.634163527712682
"2022-01-13","10 day R","2021-06-03","CH","quantile","0.025",0.308120004318574
"2022-01-13","10 day R","2021-06-03","CH","quantile","0.975",0.959088122620776
"2022-01-13","10 day R","2021-06-04","CH","point","NA",0.620770922971334
"2022-01-13","10 day R","2021-06-04","CH","quantile","0.025",0.294305246769623
"2022-01-13","10 day R","2021-06-04","CH","quantile","0.975",0.945154654495815
"2022-01-13","10 day R","2021-06-05","CH","point","NA",0.605991457184655
"2022-01-13","10 day R","2021-06-05","CH","quantile","0.025",0.279504454850691
"2022-01-13","10 day R","2021-06-05","CH","quantile","0.975",0.93192436601369
"2022-01-13","10 day R","2021-06-06","CH","point","NA",0.590705160033339
"2022-01-13","10 day R","2021-06-06","CH","quantile","0.025",0.26668369201141
"2022-01-13","10 day R","2021-06-06","CH","quantile","0.975",0.920266558120467
"2022-01-13","10 day R","2021-06-07","CH","point","NA",0.574005848402722
"2022-01-13","10 day R","2021-06-07","CH","quantile","0.025",0.248794164083869
"2022-01-13","10 day R","2021-06-07","CH","quantile","0.975",0.896434770980425
"2022-01-13","10 day R","2021-06-08","CH","point","NA",0.55574984764843
"2022-01-13","10 day R","2021-06-08","CH","quantile","0.025",0.23176059975868
"2022-01-13","10 day R","2021-06-08","CH","quantile","0.975",0.881471228565874
"2022-01-13","10 day R","2021-06-09","CH","point","NA",0.55266355134689
"2022-01-13","10 day R","2021-06-09","CH","quantile","0.025",0.228443194454865
"2022-01-13","10 day R","2021-06-09","CH","quantile","0.975",0.877934696596924
"2022-01-13","10 day R","2021-06-10","CH","point","NA",0.57479581580438
"2022-01-13","10 day R","2021-06-10","CH","quantile","0.025",0.253090504484756
"2022-01-13","10 day R","2021-06-10","CH","quantile","0.975",0.900880744881115
"2022-01-13","10 day R","2021-06-11","CH","point","NA",0.566474701330658
"2022-01-13","10 day R","2021-06-11","CH","quantile","0.025",0.245456966849055
"2022-01-13","10 day R","2021-06-11","CH","quantile","0.975",0.892743484903961
"2022-01-13","10 day R","2021-06-12","CH","point","NA",0.547720532406286
"2022-01-13","10 day R","2021-06-12","CH","quantile","0.025",0.219873480596719
"2022-01-13","10 day R","2021-06-12","CH","quantile","0.975",0.872698352892115
"2022-01-13","10 day R","2021-06-13","CH","point","NA",0.525761697323324
"2022-01-13","10 day R","2021-06-13","CH","quantile","0.025",0.2012464899744
"2022-01-13","10 day R","2021-06-13","CH","quantile","0.975",0.844990266833541
"2022-01-13","10 day R","2021-06-14","CH","point","NA",0.501112517741727
"2022-01-13","10 day R","2021-06-14","CH","quantile","0.025",0.176764655032119
"2022-01-13","10 day R","2021-06-14","CH","quantile","0.975",0.822519820171554
"2022-01-13","10 day R","2021-06-15","CH","point","NA",0.481458060181858
"2022-01-13","10 day R","2021-06-15","CH","quantile","0.025",0.151544644490743
"2022-01-13","10 day R","2021-06-15","CH","quantile","0.975",0.803210521656071
"2022-01-13","10 day R","2021-06-16","CH","point","NA",0.474337950536248
"2022-01-13","10 day R","2021-06-16","CH","quantile","0.025",0.154157419014274
"2022-01-13","10 day R","2021-06-16","CH","quantile","0.975",0.789137207951063
"2022-01-13","10 day R","2021-06-17","CH","point","NA",0.4634920504098
"2022-01-13","10 day R","2021-06-17","CH","quantile","0.025",0.14229013268945
"2022-01-13","10 day R","2021-06-17","CH","quantile","0.975",0.782933058425985
"2022-01-13","10 day R","2021-06-18","CH","point","NA",0.464543800780034
"2022-01-13","10 day R","2021-06-18","CH","quantile","0.025",0.139014078041017
"2022-01-13","10 day R","2021-06-18","CH","quantile","0.975",0.785515412265991
"2022-01-13","10 day R","2021-06-19","CH","point","NA",0.463716432323608
"2022-01-13","10 day R","2021-06-19","CH","quantile","0.025",0.138205871444595
"2022-01-13","10 day R","2021-06-19","CH","quantile","0.975",0.786636848277391
"2022-01-13","10 day R","2021-06-20","CH","point","NA",0.450614867762577
"2022-01-13","10 day R","2021-06-20","CH","quantile","0.025",0.124932748809017
"2022-01-13","10 day R","2021-06-20","CH","quantile","0.975",0.774684644490694
"2022-01-13","10 day R","2021-06-21","CH","point","NA",0.430432400711819
"2022-01-13","10 day R","2021-06-21","CH","quantile","0.025",0.105130271819682
"2022-01-13","10 day R","2021-06-21","CH","quantile","0.975",0.753953267686481
"2022-01-13","10 day R","2021-06-22","CH","point","NA",0.431540966708208
"2022-01-13","10 day R","2021-06-22","CH","quantile","0.025",0.103861852180064
"2022-01-13","10 day R","2021-06-22","CH","quantile","0.975",0.752837776158703
"2022-01-13","10 day R","2021-06-23","CH","point","NA",0.44836141634882
"2022-01-13","10 day R","2021-06-23","CH","quantile","0.025",0.123299076613101
"2022-01-13","10 day R","2021-06-23","CH","quantile","0.975",0.77304745347733
"2022-01-13","10 day R","2021-06-24","CH","point","NA",0.470689072779507
"2022-01-13","10 day R","2021-06-24","CH","quantile","0.025",0.147098121443141
"2022-01-13","10 day R","2021-06-24","CH","quantile","0.975",0.79265675175523
"2022-01-13","10 day R","2021-06-25","CH","point","NA",0.503075662271512
"2022-01-13","10 day R","2021-06-25","CH","quantile","0.025",0.181775517866794
"2022-01-13","10 day R","2021-06-25","CH","quantile","0.975",0.825919961343493
"2022-01-13","10 day R","2021-06-26","CH","point","NA",0.533505940737933
"2022-01-13","10 day R","2021-06-26","CH","quantile","0.025",0.209972173642713
"2022-01-13","10 day R","2021-06-26","CH","quantile","0.975",0.858477074885169
"2022-01-13","10 day R","2021-06-27","CH","point","NA",0.552828290706356
"2022-01-13","10 day R","2021-06-27","CH","quantile","0.025",0.229686864954854
"2022-01-13","10 day R","2021-06-27","CH","quantile","0.975",0.875348813400303
"2022-01-13","10 day R","2021-06-28","CH","point","NA",0.563996919237487
"2022-01-13","10 day R","2021-06-28","CH","quantile","0.025",0.241603218193279
"2022-01-13","10 day R","2021-06-28","CH","quantile","0.975",0.887708527382579
"2022-01-13","10 day R","2021-06-29","CH","point","NA",0.616714330478196
"2022-01-13","10 day R","2021-06-29","CH","quantile","0.025",0.291334656439468
"2022-01-13","10 day R","2021-06-29","CH","quantile","0.975",0.937787622478791
"2022-01-13","10 day R","2021-06-30","CH","point","NA",0.686228328694119
"2022-01-13","10 day R","2021-06-30","CH","quantile","0.025",0.364956061593192
"2022-01-13","10 day R","2021-06-30","CH","quantile","0.975",1.00720235917443
"2022-01-13","10 day R","2021-07-01","CH","point","NA",0.767245883498506
"2022-01-13","10 day R","2021-07-01","CH","quantile","0.025",0.449743222034902
"2022-01-13","10 day R","2021-07-01","CH","quantile","0.975",1.09201762481235
"2022-01-13","10 day R","2021-07-02","CH","point","NA",0.848273353841606
"2022-01-13","10 day R","2021-07-02","CH","quantile","0.025",0.530857346417605
"2022-01-13","10 day R","2021-07-02","CH","quantile","0.975",1.16974981797741
"2022-01-13","10 day R","2021-07-03","CH","point","NA",0.92519585612394
"2022-01-13","10 day R","2021-07-03","CH","quantile","0.025",0.604205840871776
"2022-01-13","10 day R","2021-07-03","CH","quantile","0.975",1.24247322256785
"2022-01-13","10 day R","2021-07-04","CH","point","NA",1.00494695664605
"2022-01-13","10 day R","2021-07-04","CH","quantile","0.025",0.683771668135962
"2022-01-13","10 day R","2021-07-04","CH","quantile","0.975",1.32523231263383
"2022-01-13","10 day R","2021-07-05","CH","point","NA",1.08471028692621
"2022-01-13","10 day R","2021-07-05","CH","quantile","0.025",0.758639104792458
"2022-01-13","10 day R","2021-07-05","CH","quantile","0.975",1.41006185043051
"2022-01-13","10 day R","2021-07-06","CH","point","NA",1.16704903270641
"2022-01-13","10 day R","2021-07-06","CH","quantile","0.025",0.846126090286664
"2022-01-13","10 day R","2021-07-06","CH","quantile","0.975",1.48929424045993
"2022-01-13","10 day R","2021-07-07","CH","point","NA",1.23987296026693
"2022-01-13","10 day R","2021-07-07","CH","quantile","0.025",0.913041514833481
"2022-01-13","10 day R","2021-07-07","CH","quantile","0.975",1.56105272801628
"2022-01-13","10 day R","2021-07-08","CH","point","NA",1.30520283921731
"2022-01-13","10 day R","2021-07-08","CH","quantile","0.025",0.980772297325452
"2022-01-13","10 day R","2021-07-08","CH","quantile","0.975",1.62678638992511
"2022-01-13","10 day R","2021-07-09","CH","point","NA",1.37280872882754
"2022-01-13","10 day R","2021-07-09","CH","quantile","0.025",1.04602006743275
"2022-01-13","10 day R","2021-07-09","CH","quantile","0.975",1.69727142720197
"2022-01-13","10 day R","2021-07-10","CH","point","NA",1.41657766015936
"2022-01-13","10 day R","2021-07-10","CH","quantile","0.025",1.09667014582323
"2022-01-13","10 day R","2021-07-10","CH","quantile","0.975",1.73976334678353
"2022-01-13","10 day R","2021-07-11","CH","point","NA",1.49228824480251
"2022-01-13","10 day R","2021-07-11","CH","quantile","0.025",1.17105034965152
"2022-01-13","10 day R","2021-07-11","CH","quantile","0.975",1.8129056908269
"2022-01-13","10 day R","2021-07-12","CH","point","NA",1.57231525394558
"2022-01-13","10 day R","2021-07-12","CH","quantile","0.025",1.25084549815157
"2022-01-13","10 day R","2021-07-12","CH","quantile","0.975",1.89569768072544
"2022-01-13","10 day R","2021-07-13","CH","point","NA",1.62045147045249
"2022-01-13","10 day R","2021-07-13","CH","quantile","0.025",1.29906403416469
"2022-01-13","10 day R","2021-07-13","CH","quantile","0.975",1.94763997761388
"2022-01-13","10 day R","2021-07-14","CH","point","NA",1.64769946000209
"2022-01-13","10 day R","2021-07-14","CH","quantile","0.025",1.32910414839595
"2022-01-13","10 day R","2021-07-14","CH","quantile","0.975",1.97033308559811
"2022-01-13","10 day R","2021-07-15","CH","point","NA",1.663515623761
"2022-01-13","10 day R","2021-07-15","CH","quantile","0.025",1.34077469171149
"2022-01-13","10 day R","2021-07-15","CH","quantile","0.975",1.99149561385778
"2022-01-13","10 day R","2021-07-16","CH","point","NA",1.67185723836732
"2022-01-13","10 day R","2021-07-16","CH","quantile","0.025",1.34790686797877
"2022-01-13","10 day R","2021-07-16","CH","quantile","0.975",1.99285631416293
"2022-01-13","10 day R","2021-07-17","CH","point","NA",1.74073028407736
"2022-01-13","10 day R","2021-07-17","CH","quantile","0.025",1.4120205326627
"2022-01-13","10 day R","2021-07-17","CH","quantile","0.975",2.06987833919944
"2022-01-13","10 day R","2021-07-18","CH","point","NA",1.75021503843769
"2022-01-13","10 day R","2021-07-18","CH","quantile","0.025",1.42201709725609
"2022-01-13","10 day R","2021-07-18","CH","quantile","0.975",2.08190081262334
"2022-01-13","10 day R","2021-07-19","CH","point","NA",1.75854375223075
"2022-01-13","10 day R","2021-07-19","CH","quantile","0.025",1.43174141911568
"2022-01-13","10 day R","2021-07-19","CH","quantile","0.975",2.08853942859475
"2022-01-13","10 day R","2021-07-20","CH","point","NA",1.71782443787881
"2022-01-13","10 day R","2021-07-20","CH","quantile","0.025",1.39206350973573
"2022-01-13","10 day R","2021-07-20","CH","quantile","0.975",2.04459778744681
"2022-01-13","10 day R","2021-07-21","CH","point","NA",1.67546110916546
"2022-01-13","10 day R","2021-07-21","CH","quantile","0.025",1.35499681897916
"2022-01-13","10 day R","2021-07-21","CH","quantile","0.975",2.00082737309631
"2022-01-13","10 day R","2021-07-22","CH","point","NA",1.63486658352976
"2022-01-13","10 day R","2021-07-22","CH","quantile","0.025",1.31553964547425
"2022-01-13","10 day R","2021-07-22","CH","quantile","0.975",1.95818591932328
"2022-01-13","10 day R","2021-07-23","CH","point","NA",1.59027930263349
"2022-01-13","10 day R","2021-07-23","CH","quantile","0.025",1.26855638900382
"2022-01-13","10 day R","2021-07-23","CH","quantile","0.975",1.90980451688307
"2022-01-13","10 day R","2021-07-24","CH","point","NA",1.52869449826794
"2022-01-13","10 day R","2021-07-24","CH","quantile","0.025",1.2064250164154
"2022-01-13","10 day R","2021-07-24","CH","quantile","0.975",1.85025447594021
"2022-01-13","10 day R","2021-07-25","CH","point","NA",1.49302630187319
"2022-01-13","10 day R","2021-07-25","CH","quantile","0.025",1.17184975030219
"2022-01-13","10 day R","2021-07-25","CH","quantile","0.975",1.81595338215447
"2022-01-13","10 day R","2021-07-26","CH","point","NA",1.45616481098368
"2022-01-13","10 day R","2021-07-26","CH","quantile","0.025",1.13346459479851
"2022-01-13","10 day R","2021-07-26","CH","quantile","0.975",1.78230234823078
"2022-01-13","10 day R","2021-07-27","CH","point","NA",1.43484815068376
"2022-01-13","10 day R","2021-07-27","CH","quantile","0.025",1.10860324359239
"2022-01-13","10 day R","2021-07-27","CH","quantile","0.975",1.76088718878915
"2022-01-13","10 day R","2021-07-28","CH","point","NA",1.41745549492908
"2022-01-13","10 day R","2021-07-28","CH","quantile","0.025",1.08931753651134
"2022-01-13","10 day R","2021-07-28","CH","quantile","0.975",1.7425784294767
"2022-01-13","10 day R","2021-07-29","CH","point","NA",1.41120876271178
"2022-01-13","10 day R","2021-07-29","CH","quantile","0.025",1.08360317409101
"2022-01-13","10 day R","2021-07-29","CH","quantile","0.975",1.73376603132907
"2022-01-13","10 day R","2021-07-30","CH","point","NA",1.41056315421065
"2022-01-13","10 day R","2021-07-30","CH","quantile","0.025",1.08541078454609
"2022-01-13","10 day R","2021-07-30","CH","quantile","0.975",1.73301756973366
"2022-01-13","10 day R","2021-07-31","CH","point","NA",1.41098772556226
"2022-01-13","10 day R","2021-07-31","CH","quantile","0.025",1.08744139203052
"2022-01-13","10 day R","2021-07-31","CH","quantile","0.975",1.72717223812925
"2022-01-13","10 day R","2021-08-01","CH","point","NA",1.41735620438096
"2022-01-13","10 day R","2021-08-01","CH","quantile","0.025",1.09452536805716
"2022-01-13","10 day R","2021-08-01","CH","quantile","0.975",1.73671635591034
"2022-01-13","10 day R","2021-08-02","CH","point","NA",1.42034284450316
"2022-01-13","10 day R","2021-08-02","CH","quantile","0.025",1.09695435176329
"2022-01-13","10 day R","2021-08-02","CH","quantile","0.975",1.73890186392446
"2022-01-13","10 day R","2021-08-03","CH","point","NA",1.44098678865478
"2022-01-13","10 day R","2021-08-03","CH","quantile","0.025",1.11813667985146
"2022-01-13","10 day R","2021-08-03","CH","quantile","0.975",1.75742046537289
"2022-01-13","10 day R","2021-08-04","CH","point","NA",1.46650071480158
"2022-01-13","10 day R","2021-08-04","CH","quantile","0.025",1.14507613727836
"2022-01-13","10 day R","2021-08-04","CH","quantile","0.975",1.78807770978814
"2022-01-13","10 day R","2021-08-05","CH","point","NA",1.50106687102533
"2022-01-13","10 day R","2021-08-05","CH","quantile","0.025",1.17900991876538
"2022-01-13","10 day R","2021-08-05","CH","quantile","0.975",1.82208161358972
"2022-01-13","10 day R","2021-08-06","CH","point","NA",1.54280779658243
"2022-01-13","10 day R","2021-08-06","CH","quantile","0.025",1.2195503210136
"2022-01-13","10 day R","2021-08-06","CH","quantile","0.975",1.86282483893164
"2022-01-13","10 day R","2021-08-07","CH","point","NA",1.58142691219936
"2022-01-13","10 day R","2021-08-07","CH","quantile","0.025",1.25675636861824
"2022-01-13","10 day R","2021-08-07","CH","quantile","0.975",1.90537245698444
"2022-01-13","10 day R","2021-08-08","CH","point","NA",1.62822931524516
"2022-01-13","10 day R","2021-08-08","CH","quantile","0.025",1.3012370432674
"2022-01-13","10 day R","2021-08-08","CH","quantile","0.975",1.95452288566422
"2022-01-13","10 day R","2021-08-09","CH","point","NA",1.67770035862635
"2022-01-13","10 day R","2021-08-09","CH","quantile","0.025",1.35205495276123
"2022-01-13","10 day R","2021-08-09","CH","quantile","0.975",2.00519167877044
"2022-01-13","10 day R","2021-08-10","CH","point","NA",1.70921515388457
"2022-01-13","10 day R","2021-08-10","CH","quantile","0.025",1.38213962997191
"2022-01-13","10 day R","2021-08-10","CH","quantile","0.975",2.03718736601521
"2022-01-13","10 day R","2021-08-11","CH","point","NA",1.72934755146722
"2022-01-13","10 day R","2021-08-11","CH","quantile","0.025",1.40295879180185
"2022-01-13","10 day R","2021-08-11","CH","quantile","0.975",2.05549437750575
"2022-01-13","10 day R","2021-08-12","CH","point","NA",1.73394584599375
"2022-01-13","10 day R","2021-08-12","CH","quantile","0.025",1.41298536134862
"2022-01-13","10 day R","2021-08-12","CH","quantile","0.975",2.05723572452433
"2022-01-13","10 day R","2021-08-13","CH","point","NA",1.72801310973428
"2022-01-13","10 day R","2021-08-13","CH","quantile","0.025",1.40781429759506
"2022-01-13","10 day R","2021-08-13","CH","quantile","0.975",2.05794590669815
"2022-01-13","10 day R","2021-08-14","CH","point","NA",1.71740453462971
"2022-01-13","10 day R","2021-08-14","CH","quantile","0.025",1.39339315294512
"2022-01-13","10 day R","2021-08-14","CH","quantile","0.975",2.04064168661615
"2022-01-13","10 day R","2021-08-15","CH","point","NA",1.71916193308693
"2022-01-13","10 day R","2021-08-15","CH","quantile","0.025",1.39191215830171
"2022-01-13","10 day R","2021-08-15","CH","quantile","0.975",2.04512215981766
"2022-01-13","10 day R","2021-08-16","CH","point","NA",1.72573715010989
"2022-01-13","10 day R","2021-08-16","CH","quantile","0.025",1.40082946513939
"2022-01-13","10 day R","2021-08-16","CH","quantile","0.975",2.05286019005662
"2022-01-13","10 day R","2021-08-17","CH","point","NA",1.68820251379775
"2022-01-13","10 day R","2021-08-17","CH","quantile","0.025",1.35979305302863
"2022-01-13","10 day R","2021-08-17","CH","quantile","0.975",2.01531217369765
"2022-01-13","10 day R","2021-08-18","CH","point","NA",1.64167440954316
"2022-01-13","10 day R","2021-08-18","CH","quantile","0.025",1.3139361401476
"2022-01-13","10 day R","2021-08-18","CH","quantile","0.975",1.97097610345757
"2022-01-13","10 day R","2021-08-19","CH","point","NA",1.58816685211576
"2022-01-13","10 day R","2021-08-19","CH","quantile","0.025",1.26368456218044
"2022-01-13","10 day R","2021-08-19","CH","quantile","0.975",1.91362806370462
"2022-01-13","10 day R","2021-08-20","CH","point","NA",1.53448833499122
"2022-01-13","10 day R","2021-08-20","CH","quantile","0.025",1.21285662369655
"2022-01-13","10 day R","2021-08-20","CH","quantile","0.975",1.86019792695142
"2022-01-13","10 day R","2021-08-21","CH","point","NA",1.48484973398163
"2022-01-13","10 day R","2021-08-21","CH","quantile","0.025",1.16431210510809
"2022-01-13","10 day R","2021-08-21","CH","quantile","0.975",1.80936752432545
"2022-01-13","10 day R","2021-08-22","CH","point","NA",1.44016033557211
"2022-01-13","10 day R","2021-08-22","CH","quantile","0.025",1.11633243805761
"2022-01-13","10 day R","2021-08-22","CH","quantile","0.975",1.76278098799089
"2022-01-13","10 day R","2021-08-23","CH","point","NA",1.3941389213235
"2022-01-13","10 day R","2021-08-23","CH","quantile","0.025",1.07548477425414
"2022-01-13","10 day R","2021-08-23","CH","quantile","0.975",1.71666757387535
"2022-01-13","10 day R","2021-08-24","CH","point","NA",1.34180497346702
"2022-01-13","10 day R","2021-08-24","CH","quantile","0.025",1.01721010508939
"2022-01-13","10 day R","2021-08-24","CH","quantile","0.975",1.6636569071842
"2022-01-13","10 day R","2021-08-25","CH","point","NA",1.31710843816824
"2022-01-13","10 day R","2021-08-25","CH","quantile","0.025",0.992660946339444
"2022-01-13","10 day R","2021-08-25","CH","quantile","0.975",1.64063103030005
"2022-01-13","10 day R","2021-08-26","CH","point","NA",1.29699825094279
"2022-01-13","10 day R","2021-08-26","CH","quantile","0.025",0.972759345989989
"2022-01-13","10 day R","2021-08-26","CH","quantile","0.975",1.61545917286845
"2022-01-13","10 day R","2021-08-27","CH","point","NA",1.27744373419566
"2022-01-13","10 day R","2021-08-27","CH","quantile","0.025",0.948692252843882
"2022-01-13","10 day R","2021-08-27","CH","quantile","0.975",1.59844216965244
"2022-01-13","10 day R","2021-08-28","CH","point","NA",1.24734730921693
"2022-01-13","10 day R","2021-08-28","CH","quantile","0.025",0.921886728597218
"2022-01-13","10 day R","2021-08-28","CH","quantile","0.975",1.56871501372662
"2022-01-13","10 day R","2021-08-29","CH","point","NA",1.21616695828995
"2022-01-13","10 day R","2021-08-29","CH","quantile","0.025",0.89355776566275
"2022-01-13","10 day R","2021-08-29","CH","quantile","0.975",1.5392482625031
"2022-01-13","10 day R","2021-08-30","CH","point","NA",1.18180591583139
"2022-01-13","10 day R","2021-08-30","CH","quantile","0.025",0.857005604957285
"2022-01-13","10 day R","2021-08-30","CH","quantile","0.975",1.50709162629862
"2022-01-13","10 day R","2021-08-31","CH","point","NA",1.11860042127738
"2022-01-13","10 day R","2021-08-31","CH","quantile","0.025",0.789800260700092
"2022-01-13","10 day R","2021-08-31","CH","quantile","0.975",1.44501586672644
"2022-01-13","10 day R","2021-09-01","CH","point","NA",1.12639688831101
"2022-01-13","10 day R","2021-09-01","CH","quantile","0.025",0.798891084559067
"2022-01-13","10 day R","2021-09-01","CH","quantile","0.975",1.45263625414724
"2022-01-13","10 day R","2021-09-02","CH","point","NA",1.12833712036646
"2022-01-13","10 day R","2021-09-02","CH","quantile","0.025",0.803772127322453
"2022-01-13","10 day R","2021-09-02","CH","quantile","0.975",1.45026769313029
"2022-01-13","10 day R","2021-09-03","CH","point","NA",1.13240626612662
"2022-01-13","10 day R","2021-09-03","CH","quantile","0.025",0.808482478023665
"2022-01-13","10 day R","2021-09-03","CH","quantile","0.975",1.45157037491941
"2022-01-13","10 day R","2021-09-04","CH","point","NA",1.1774557953366
"2022-01-13","10 day R","2021-09-04","CH","quantile","0.025",0.856711885125813
"2022-01-13","10 day R","2021-09-04","CH","quantile","0.975",1.49753965016739
"2022-01-13","10 day R","2021-09-05","CH","point","NA",1.23251515905208
"2022-01-13","10 day R","2021-09-05","CH","quantile","0.025",0.912980349056902
"2022-01-13","10 day R","2021-09-05","CH","quantile","0.975",1.55419846900623
"2022-01-13","10 day R","2021-09-06","CH","point","NA",1.30785084487781
"2022-01-13","10 day R","2021-09-06","CH","quantile","0.025",0.986684106806088
"2022-01-13","10 day R","2021-09-06","CH","quantile","0.975",1.63287083761621
"2022-01-13","10 day R","2021-09-07","CH","point","NA",1.48120163287472
"2022-01-13","10 day R","2021-09-07","CH","quantile","0.025",1.14901292061078
"2022-01-13","10 day R","2021-09-07","CH","quantile","0.975",1.82853153127188
"2022-01-13","10 day R","2021-09-08","CH","point","NA",1.41470106770241
"2022-01-13","10 day R","2021-09-08","CH","quantile","0.025",1.08702561672804
"2022-01-13","10 day R","2021-09-08","CH","quantile","0.975",1.75466499764343
"2022-01-13","10 day R","2021-09-09","CH","point","NA",1.32732849646444
"2022-01-13","10 day R","2021-09-09","CH","quantile","0.025",0.999199231765345
"2022-01-13","10 day R","2021-09-09","CH","quantile","0.975",1.65666171038348
"2022-01-13","10 day R","2021-09-10","CH","point","NA",1.24553662840969
"2022-01-13","10 day R","2021-09-10","CH","quantile","0.025",0.924238134827975
"2022-01-13","10 day R","2021-09-10","CH","quantile","0.975",1.56805324695465
"2022-01-13","10 day R","2021-09-11","CH","point","NA",1.16328052678214
"2022-01-13","10 day R","2021-09-11","CH","quantile","0.025",0.839278343327686
"2022-01-13","10 day R","2021-09-11","CH","quantile","0.975",1.48706959641602
"2022-01-13","10 day R","2021-09-12","CH","point","NA",1.08726095482229
"2022-01-13","10 day R","2021-09-12","CH","quantile","0.025",0.766624910990913
"2022-01-13","10 day R","2021-09-12","CH","quantile","0.975",1.40970763789902
"2022-01-13","10 day R","2021-09-13","CH","point","NA",1.01876445656272
"2022-01-13","10 day R","2021-09-13","CH","quantile","0.025",0.688799157236528
"2022-01-13","10 day R","2021-09-13","CH","quantile","0.975",1.34383026766133
"2022-01-13","10 day R","2021-09-14","CH","point","NA",0.920521831171053
"2022-01-13","10 day R","2021-09-14","CH","quantile","0.025",0.590824724626997
"2022-01-13","10 day R","2021-09-14","CH","quantile","0.975",1.2481244574807
"2022-01-13","10 day R","2021-09-15","CH","point","NA",0.900990024514638
"2022-01-13","10 day R","2021-09-15","CH","quantile","0.025",0.568164786135448
"2022-01-13","10 day R","2021-09-15","CH","quantile","0.975",1.22706509819168
"2022-01-13","10 day R","2021-09-16","CH","point","NA",0.885972754001509
"2022-01-13","10 day R","2021-09-16","CH","quantile","0.025",0.559927279380089
"2022-01-13","10 day R","2021-09-16","CH","quantile","0.975",1.21024179941921
"2022-01-13","10 day R","2021-09-17","CH","point","NA",0.865822813988941
"2022-01-13","10 day R","2021-09-17","CH","quantile","0.025",0.541473817317568
"2022-01-13","10 day R","2021-09-17","CH","quantile","0.975",1.19174745853608
"2022-01-13","10 day R","2021-09-18","CH","point","NA",0.836579244960402
"2022-01-13","10 day R","2021-09-18","CH","quantile","0.025",0.513625477554471
"2022-01-13","10 day R","2021-09-18","CH","quantile","0.975",1.16574513671674
"2022-01-13","10 day R","2021-09-19","CH","point","NA",0.800508953758736
"2022-01-13","10 day R","2021-09-19","CH","quantile","0.025",0.475076518564551
"2022-01-13","10 day R","2021-09-19","CH","quantile","0.975",1.12743994742893
"2022-01-13","10 day R","2021-09-20","CH","point","NA",0.75810502746142
"2022-01-13","10 day R","2021-09-20","CH","quantile","0.025",0.431471768904789
"2022-01-13","10 day R","2021-09-20","CH","quantile","0.975",1.08720465077019
"2022-01-13","10 day R","2021-09-21","CH","point","NA",0.723114610720168
"2022-01-13","10 day R","2021-09-21","CH","quantile","0.025",0.398275419495715
"2022-01-13","10 day R","2021-09-21","CH","quantile","0.975",1.04818034429024
"2022-01-13","10 day R","2021-09-22","CH","point","NA",0.726128984707911
"2022-01-13","10 day R","2021-09-22","CH","quantile","0.025",0.40272246899578
"2022-01-13","10 day R","2021-09-22","CH","quantile","0.975",1.05542133249839
"2022-01-13","10 day R","2021-09-23","CH","point","NA",0.73637306343659
"2022-01-13","10 day R","2021-09-23","CH","quantile","0.025",0.418805779393662
"2022-01-13","10 day R","2021-09-23","CH","quantile","0.975",1.06072420669047
"2022-01-13","10 day R","2021-09-24","CH","point","NA",0.743836539206736
"2022-01-13","10 day R","2021-09-24","CH","quantile","0.025",0.424429317652891
"2022-01-13","10 day R","2021-09-24","CH","quantile","0.975",1.06914972299849
"2022-01-13","10 day R","2021-09-25","CH","point","NA",0.741650411020413
"2022-01-13","10 day R","2021-09-25","CH","quantile","0.025",0.41868392552063
"2022-01-13","10 day R","2021-09-25","CH","quantile","0.975",1.0681825006551
"2022-01-13","10 day R","2021-09-26","CH","point","NA",0.729289439913369
"2022-01-13","10 day R","2021-09-26","CH","quantile","0.025",0.410756498562901
"2022-01-13","10 day R","2021-09-26","CH","quantile","0.975",1.05394976355606
"2022-01-13","10 day R","2021-09-27","CH","point","NA",0.709789310172242
"2022-01-13","10 day R","2021-09-27","CH","quantile","0.025",0.387054881355181
"2022-01-13","10 day R","2021-09-27","CH","quantile","0.975",1.03208385551064
"2022-01-13","10 day R","2021-09-28","CH","point","NA",0.698900076058774
"2022-01-13","10 day R","2021-09-28","CH","quantile","0.025",0.370271275051616
"2022-01-13","10 day R","2021-09-28","CH","quantile","0.975",1.02677447037745
"2022-01-13","10 day R","2021-09-29","CH","point","NA",0.703177945596039
"2022-01-13","10 day R","2021-09-29","CH","quantile","0.025",0.376211942909325
"2022-01-13","10 day R","2021-09-29","CH","quantile","0.975",1.0272810189617
"2022-01-13","10 day R","2021-09-30","CH","point","NA",0.71365022016224
"2022-01-13","10 day R","2021-09-30","CH","quantile","0.025",0.390270872218474
"2022-01-13","10 day R","2021-09-30","CH","quantile","0.975",1.03972569201914
"2022-01-13","10 day R","2021-10-01","CH","point","NA",0.72946745894795
"2022-01-13","10 day R","2021-10-01","CH","quantile","0.025",0.406232393608175
"2022-01-13","10 day R","2021-10-01","CH","quantile","0.975",1.05390777253741
"2022-01-13","10 day R","2021-10-02","CH","point","NA",0.739036450095032
"2022-01-13","10 day R","2021-10-02","CH","quantile","0.025",0.410252431281403
"2022-01-13","10 day R","2021-10-02","CH","quantile","0.975",1.06137585492277
"2022-01-13","10 day R","2021-10-03","CH","point","NA",0.737111775366672
"2022-01-13","10 day R","2021-10-03","CH","quantile","0.025",0.410790533866069
"2022-01-13","10 day R","2021-10-03","CH","quantile","0.975",1.0641582978881
"2022-01-13","10 day R","2021-10-04","CH","point","NA",0.727613545671908
"2022-01-13","10 day R","2021-10-04","CH","quantile","0.025",0.405089852105323
"2022-01-13","10 day R","2021-10-04","CH","quantile","0.975",1.04687323822591
"2022-01-13","10 day R","2021-10-05","CH","point","NA",0.725796687340603
"2022-01-13","10 day R","2021-10-05","CH","quantile","0.025",0.400592887533727
"2022-01-13","10 day R","2021-10-05","CH","quantile","0.975",1.04465013878149
"2022-01-13","10 day R","2021-10-06","CH","point","NA",0.733403201373737
"2022-01-13","10 day R","2021-10-06","CH","quantile","0.025",0.41026469845372
"2022-01-13","10 day R","2021-10-06","CH","quantile","0.975",1.05655495256352
"2022-01-13","10 day R","2021-10-07","CH","point","NA",0.752494840770008
"2022-01-13","10 day R","2021-10-07","CH","quantile","0.025",0.424844715085257
"2022-01-13","10 day R","2021-10-07","CH","quantile","0.975",1.07481809581785
"2022-01-13","10 day R","2021-10-08","CH","point","NA",0.774504107860139
"2022-01-13","10 day R","2021-10-08","CH","quantile","0.025",0.451135916539176
"2022-01-13","10 day R","2021-10-08","CH","quantile","0.975",1.1017226637606
"2022-01-13","10 day R","2021-10-09","CH","point","NA",0.793143700251901
"2022-01-13","10 day R","2021-10-09","CH","quantile","0.025",0.466914377201933
"2022-01-13","10 day R","2021-10-09","CH","quantile","0.975",1.11614761271554
"2022-01-13","10 day R","2021-10-10","CH","point","NA",0.801008852514468
"2022-01-13","10 day R","2021-10-10","CH","quantile","0.025",0.472611189038816
"2022-01-13","10 day R","2021-10-10","CH","quantile","0.975",1.12405054768395
"2022-01-13","10 day R","2021-10-11","CH","point","NA",0.804342598619927
"2022-01-13","10 day R","2021-10-11","CH","quantile","0.025",0.475135430236112
"2022-01-13","10 day R","2021-10-11","CH","quantile","0.975",1.12805616013133
"2022-01-13","10 day R","2021-10-12","CH","point","NA",0.818271833735582
"2022-01-13","10 day R","2021-10-12","CH","quantile","0.025",0.489383502115797
"2022-01-13","10 day R","2021-10-12","CH","quantile","0.975",1.1381264899619
"2022-01-13","10 day R","2021-10-13","CH","point","NA",0.83744131004549
"2022-01-13","10 day R","2021-10-13","CH","quantile","0.025",0.510737076335719
"2022-01-13","10 day R","2021-10-13","CH","quantile","0.975",1.15786494294874
"2022-01-13","10 day R","2021-10-14","CH","point","NA",0.870956432196122
"2022-01-13","10 day R","2021-10-14","CH","quantile","0.025",0.546301677726209
"2022-01-13","10 day R","2021-10-14","CH","quantile","0.975",1.19026759212814
"2022-01-13","10 day R","2021-10-15","CH","point","NA",0.912073136106834
"2022-01-13","10 day R","2021-10-15","CH","quantile","0.025",0.590466110387231
"2022-01-13","10 day R","2021-10-15","CH","quantile","0.975",1.23480338365537
"2022-01-13","10 day R","2021-10-16","CH","point","NA",0.95414186518567
"2022-01-13","10 day R","2021-10-16","CH","quantile","0.025",0.634544356344781
"2022-01-13","10 day R","2021-10-16","CH","quantile","0.975",1.27148262556424
"2022-01-13","10 day R","2021-10-17","CH","point","NA",0.989350283773806
"2022-01-13","10 day R","2021-10-17","CH","quantile","0.025",0.670346773638475
"2022-01-13","10 day R","2021-10-17","CH","quantile","0.975",1.31146020866935
"2022-01-13","10 day R","2021-10-18","CH","point","NA",1.02177434742319
"2022-01-13","10 day R","2021-10-18","CH","quantile","0.025",0.699334842865979
"2022-01-13","10 day R","2021-10-18","CH","quantile","0.975",1.34306031951881
"2022-01-13","10 day R","2021-10-19","CH","point","NA",1.06526293160799
"2022-01-13","10 day R","2021-10-19","CH","quantile","0.025",0.742232162042996
"2022-01-13","10 day R","2021-10-19","CH","quantile","0.975",1.38812395859089
"2022-01-13","10 day R","2021-10-20","CH","point","NA",1.09043483246215
"2022-01-13","10 day R","2021-10-20","CH","quantile","0.025",0.768045799868934
"2022-01-13","10 day R","2021-10-20","CH","quantile","0.975",1.41416391006805
"2022-01-13","10 day R","2021-10-21","CH","point","NA",1.13059157712357
"2022-01-13","10 day R","2021-10-21","CH","quantile","0.025",0.81240161557671
"2022-01-13","10 day R","2021-10-21","CH","quantile","0.975",1.45681636435433
"2022-01-13","10 day R","2021-10-22","CH","point","NA",1.1644779867167
"2022-01-13","10 day R","2021-10-22","CH","quantile","0.025",0.840311240832489
"2022-01-13","10 day R","2021-10-22","CH","quantile","0.975",1.48546167653185
"2022-01-13","10 day R","2021-10-23","CH","point","NA",1.19532679891964
"2022-01-13","10 day R","2021-10-23","CH","quantile","0.025",0.873331386031971
"2022-01-13","10 day R","2021-10-23","CH","quantile","0.975",1.51706679712686
"2022-01-13","10 day R","2021-10-24","CH","point","NA",1.22639746263144
"2022-01-13","10 day R","2021-10-24","CH","quantile","0.025",0.903330789595509
"2022-01-13","10 day R","2021-10-24","CH","quantile","0.975",1.54627546309538
"2022-01-13","10 day R","2021-10-25","CH","point","NA",1.25943884079985
"2022-01-13","10 day R","2021-10-25","CH","quantile","0.025",0.93436800548743
"2022-01-13","10 day R","2021-10-25","CH","quantile","0.975",1.5818777831907
"2022-01-13","10 day R","2021-10-26","CH","point","NA",1.29142526558284
"2022-01-13","10 day R","2021-10-26","CH","quantile","0.025",0.971303180480909
"2022-01-13","10 day R","2021-10-26","CH","quantile","0.975",1.61604089585744
"2022-01-13","10 day R","2021-10-27","CH","point","NA",1.36420085534523
"2022-01-13","10 day R","2021-10-27","CH","quantile","0.025",1.04425908184637
"2022-01-13","10 day R","2021-10-27","CH","quantile","0.975",1.6864436774385
"2022-01-13","10 day R","2021-10-28","CH","point","NA",1.381038798794
"2022-01-13","10 day R","2021-10-28","CH","quantile","0.025",1.0647953247995
"2022-01-13","10 day R","2021-10-28","CH","quantile","0.975",1.70204793261724
"2022-01-13","10 day R","2021-10-29","CH","point","NA",1.39675983035673
"2022-01-13","10 day R","2021-10-29","CH","quantile","0.025",1.07803999732777
"2022-01-13","10 day R","2021-10-29","CH","quantile","0.975",1.71771088850867
"2022-01-13","10 day R","2021-10-30","CH","point","NA",1.4163741343449
"2022-01-13","10 day R","2021-10-30","CH","quantile","0.025",1.09648825929202
"2022-01-13","10 day R","2021-10-30","CH","quantile","0.975",1.73994806562029
"2022-01-13","10 day R","2021-10-31","CH","point","NA",1.44077566682068
"2022-01-13","10 day R","2021-10-31","CH","quantile","0.025",1.11727315499012
"2022-01-13","10 day R","2021-10-31","CH","quantile","0.975",1.76763929222438
"2022-01-13","10 day R","2021-11-01","CH","point","NA",1.47093827981124
"2022-01-13","10 day R","2021-11-01","CH","quantile","0.025",1.14700399739199
"2022-01-13","10 day R","2021-11-01","CH","quantile","0.975",1.79522608515876
"2022-01-13","10 day R","2021-11-02","CH","point","NA",1.49075579051199
"2022-01-13","10 day R","2021-11-02","CH","quantile","0.025",1.16960652785931
"2022-01-13","10 day R","2021-11-02","CH","quantile","0.975",1.81404327194857
"2022-01-13","10 day R","2021-11-03","CH","point","NA",1.49716211623482
"2022-01-13","10 day R","2021-11-03","CH","quantile","0.025",1.17640546167354
"2022-01-13","10 day R","2021-11-03","CH","quantile","0.975",1.81844458789967
"2022-01-13","10 day R","2021-11-04","CH","point","NA",1.52245191514973
"2022-01-13","10 day R","2021-11-04","CH","quantile","0.025",1.19865440730106
"2022-01-13","10 day R","2021-11-04","CH","quantile","0.975",1.84620013772026
"2022-01-13","10 day R","2021-11-05","CH","point","NA",1.5368644865639
"2022-01-13","10 day R","2021-11-05","CH","quantile","0.025",1.21482508481464
"2022-01-13","10 day R","2021-11-05","CH","quantile","0.975",1.86252895661067
"2022-01-13","10 day R","2021-11-06","CH","point","NA",1.54733068562905
"2022-01-13","10 day R","2021-11-06","CH","quantile","0.025",1.2170070199185
"2022-01-13","10 day R","2021-11-06","CH","quantile","0.975",1.87233419641171
"2022-01-13","10 day R","2021-11-07","CH","point","NA",1.56171519695449
"2022-01-13","10 day R","2021-11-07","CH","quantile","0.025",1.23633731361793
"2022-01-13","10 day R","2021-11-07","CH","quantile","0.975",1.88381141534006
"2022-01-13","10 day R","2021-11-08","CH","point","NA",1.58112974030826
"2022-01-13","10 day R","2021-11-08","CH","quantile","0.025",1.25758352480854
"2022-01-13","10 day R","2021-11-08","CH","quantile","0.975",1.90787262476762
"2022-01-13","10 day R","2021-11-09","CH","point","NA",1.59002977166532
"2022-01-13","10 day R","2021-11-09","CH","quantile","0.025",1.26608250325889
"2022-01-13","10 day R","2021-11-09","CH","quantile","0.975",1.91583943649184
"2022-01-13","10 day R","2021-11-10","CH","point","NA",1.58884869943251
"2022-01-13","10 day R","2021-11-10","CH","quantile","0.025",1.2691157221088
"2022-01-13","10 day R","2021-11-10","CH","quantile","0.975",1.91057949960264
"2022-01-13","10 day R","2021-11-11","CH","point","NA",1.5892223255716
"2022-01-13","10 day R","2021-11-11","CH","quantile","0.025",1.26370023092657
"2022-01-13","10 day R","2021-11-11","CH","quantile","0.975",1.91116942005408
"2022-01-13","10 day R","2021-11-12","CH","point","NA",1.59248175135276
"2022-01-13","10 day R","2021-11-12","CH","quantile","0.025",1.26811811028079
"2022-01-13","10 day R","2021-11-12","CH","quantile","0.975",1.91618446217849
"2022-01-13","10 day R","2021-11-13","CH","point","NA",1.5988569228287
"2022-01-13","10 day R","2021-11-13","CH","quantile","0.025",1.27269205229682
"2022-01-13","10 day R","2021-11-13","CH","quantile","0.975",1.91885803227893
"2022-01-13","10 day R","2021-11-14","CH","point","NA",1.61171664107716
"2022-01-13","10 day R","2021-11-14","CH","quantile","0.025",1.28634544920817
"2022-01-13","10 day R","2021-11-14","CH","quantile","0.975",1.93648002610386
"2022-01-13","10 day R","2021-11-15","CH","point","NA",1.62553331464829
"2022-01-13","10 day R","2021-11-15","CH","quantile","0.025",1.30431271311673
"2022-01-13","10 day R","2021-11-15","CH","quantile","0.975",1.95038937853664
"2022-01-13","10 day R","2021-11-16","CH","point","NA",1.63128633384333
"2022-01-13","10 day R","2021-11-16","CH","quantile","0.025",1.31182091507262
"2022-01-13","10 day R","2021-11-16","CH","quantile","0.975",1.9616811926415
"2022-01-13","10 day R","2021-11-17","CH","point","NA",1.63329323183977
"2022-01-13","10 day R","2021-11-17","CH","quantile","0.025",1.31039913317034
"2022-01-13","10 day R","2021-11-17","CH","quantile","0.975",1.96054054942818
"2022-01-13","10 day R","2021-11-18","CH","point","NA",1.63308021305876
"2022-01-13","10 day R","2021-11-18","CH","quantile","0.025",1.31081486877859
"2022-01-13","10 day R","2021-11-18","CH","quantile","0.975",1.96364818950745
"2022-01-13","10 day R","2021-11-19","CH","point","NA",1.62917626052894
"2022-01-13","10 day R","2021-11-19","CH","quantile","0.025",1.30568092955622
"2022-01-13","10 day R","2021-11-19","CH","quantile","0.975",1.95021643511327
"2022-01-13","10 day R","2021-11-20","CH","point","NA",1.62115175636316
"2022-01-13","10 day R","2021-11-20","CH","quantile","0.025",1.29481170793199
"2022-01-13","10 day R","2021-11-20","CH","quantile","0.975",1.94594985327226
"2022-01-13","10 day R","2021-11-21","CH","point","NA",1.61885025398085
"2022-01-13","10 day R","2021-11-21","CH","quantile","0.025",1.2947875644757
"2022-01-13","10 day R","2021-11-21","CH","quantile","0.975",1.9402775899919
"2022-01-13","10 day R","2021-11-22","CH","point","NA",1.62040886398332
"2022-01-13","10 day R","2021-11-22","CH","quantile","0.025",1.29537759300931
"2022-01-13","10 day R","2021-11-22","CH","quantile","0.975",1.9442523476886
"2022-01-13","10 day R","2021-11-23","CH","point","NA",1.60885849233523
"2022-01-13","10 day R","2021-11-23","CH","quantile","0.025",1.28361512263168
"2022-01-13","10 day R","2021-11-23","CH","quantile","0.975",1.93044240570582
"2022-01-13","10 day R","2021-11-24","CH","point","NA",1.59137108927556
"2022-01-13","10 day R","2021-11-24","CH","quantile","0.025",1.26817278380154
"2022-01-13","10 day R","2021-11-24","CH","quantile","0.975",1.9160921636032
"2022-01-13","10 day R","2021-11-25","CH","point","NA",1.57191937965207
"2022-01-13","10 day R","2021-11-25","CH","quantile","0.025",1.25212646177005
"2022-01-13","10 day R","2021-11-25","CH","quantile","0.975",1.89736293896062
"2022-01-13","10 day R","2021-11-26","CH","point","NA",1.55437241632055
"2022-01-13","10 day R","2021-11-26","CH","quantile","0.025",1.22892454989845
"2022-01-13","10 day R","2021-11-26","CH","quantile","0.975",1.87777998979035
"2022-01-13","10 day R","2021-11-27","CH","point","NA",1.53611523008254
"2022-01-13","10 day R","2021-11-27","CH","quantile","0.025",1.21865011849392
"2022-01-13","10 day R","2021-11-27","CH","quantile","0.975",1.85558282124536
"2022-01-13","10 day R","2021-11-28","CH","point","NA",1.52236816462371
"2022-01-13","10 day R","2021-11-28","CH","quantile","0.025",1.2004953382407
"2022-01-13","10 day R","2021-11-28","CH","quantile","0.975",1.8467650014622
"2022-01-13","10 day R","2021-11-29","CH","point","NA",1.5097120034019
"2022-01-13","10 day R","2021-11-29","CH","quantile","0.025",1.18782746614133
"2022-01-13","10 day R","2021-11-29","CH","quantile","0.975",1.83644530872277
"2022-01-13","10 day R","2021-11-30","CH","point","NA",1.49141898804716
"2022-01-13","10 day R","2021-11-30","CH","quantile","0.025",1.16709759904036
"2022-01-13","10 day R","2021-11-30","CH","quantile","0.975",1.81805708526635
"2022-01-13","10 day R","2021-12-01","CH","point","NA",1.4693917879158
"2022-01-13","10 day R","2021-12-01","CH","quantile","0.025",1.14278167588416
"2022-01-13","10 day R","2021-12-01","CH","quantile","0.975",1.79753692353966
"2022-01-13","10 day R","2021-12-02","CH","point","NA",1.44914600059975
"2022-01-13","10 day R","2021-12-02","CH","quantile","0.025",1.12399743175323
"2022-01-13","10 day R","2021-12-02","CH","quantile","0.975",1.77453685130524
"2022-01-13","10 day R","2021-12-03","CH","point","NA",1.43441691390358
"2022-01-13","10 day R","2021-12-03","CH","quantile","0.025",1.10929851855618
"2022-01-13","10 day R","2021-12-03","CH","quantile","0.975",1.75512145235631
"2022-01-13","10 day R","2021-12-04","CH","point","NA",1.41552833790533
"2022-01-13","10 day R","2021-12-04","CH","quantile","0.025",1.09254033894193
"2022-01-13","10 day R","2021-12-04","CH","quantile","0.975",1.7398817669456
"2022-01-13","10 day R","2021-12-05","CH","point","NA",1.39659474271968
"2022-01-13","10 day R","2021-12-05","CH","quantile","0.025",1.07272761260447
"2022-01-13","10 day R","2021-12-05","CH","quantile","0.975",1.71643590675548
"2022-01-13","10 day R","2021-12-06","CH","point","NA",1.37599718337372
"2022-01-13","10 day R","2021-12-06","CH","quantile","0.025",1.05213635991826
"2022-01-13","10 day R","2021-12-06","CH","quantile","0.975",1.70109270921266
"2022-01-13","10 day R","2021-12-07","CH","point","NA",1.35001966125466
"2022-01-13","10 day R","2021-12-07","CH","quantile","0.025",1.02991346049501
"2022-01-13","10 day R","2021-12-07","CH","quantile","0.975",1.6740162488144
"2022-01-13","10 day R","2021-12-08","CH","point","NA",1.32112344947184
"2022-01-13","10 day R","2021-12-08","CH","quantile","0.025",0.999506921439247
"2022-01-13","10 day R","2021-12-08","CH","quantile","0.975",1.64717058378781
"2022-01-13","10 day R","2021-12-09","CH","point","NA",1.29325169523117
"2022-01-13","10 day R","2021-12-09","CH","quantile","0.025",0.968462424546418
"2022-01-13","10 day R","2021-12-09","CH","quantile","0.975",1.61690256815522
"2022-01-13","10 day R","2021-12-10","CH","point","NA",1.26844730663896
"2022-01-13","10 day R","2021-12-10","CH","quantile","0.025",0.942963324629581
"2022-01-13","10 day R","2021-12-10","CH","quantile","0.975",1.59146799276392
"2022-01-13","10 day R","2021-12-11","CH","point","NA",1.2419837763822
"2022-01-13","10 day R","2021-12-11","CH","quantile","0.025",0.920801940271664
"2022-01-13","10 day R","2021-12-11","CH","quantile","0.975",1.56566307717702
"2022-01-13","10 day R","2021-12-12","CH","point","NA",1.20793136863767
"2022-01-13","10 day R","2021-12-12","CH","quantile","0.025",0.884872574398232
"2022-01-13","10 day R","2021-12-12","CH","quantile","0.975",1.53257872448004
"2022-01-13","10 day R","2021-12-13","CH","point","NA",1.16986914675024
"2022-01-13","10 day R","2021-12-13","CH","quantile","0.025",0.843475245139636
"2022-01-13","10 day R","2021-12-13","CH","quantile","0.975",1.49102723965508
"2022-01-13","10 day R","2021-12-14","CH","point","NA",1.14979546900744
"2022-01-13","10 day R","2021-12-14","CH","quantile","0.025",0.828993142917174
"2022-01-13","10 day R","2021-12-14","CH","quantile","0.975",1.47355189679976
"2022-01-13","10 day R","2021-12-15","CH","point","NA",1.14207993931149
"2022-01-13","10 day R","2021-12-15","CH","quantile","0.025",0.821587885900585
"2022-01-13","10 day R","2021-12-15","CH","quantile","0.975",1.46379753557915
"2022-01-13","10 day R","2021-12-16","CH","point","NA",1.14107718422849
"2022-01-13","10 day R","2021-12-16","CH","quantile","0.025",0.817510098994814
"2022-01-13","10 day R","2021-12-16","CH","quantile","0.975",1.46022726546106
"2022-01-13","10 day R","2021-12-17","CH","point","NA",1.14412374809393
"2022-01-13","10 day R","2021-12-17","CH","quantile","0.025",0.820998070393305
"2022-01-13","10 day R","2021-12-17","CH","quantile","0.975",1.46656914767094
"2022-01-13","10 day R","2021-12-18","CH","point","NA",1.134909787925
"2022-01-13","10 day R","2021-12-18","CH","quantile","0.025",0.811637874565864
"2022-01-13","10 day R","2021-12-18","CH","quantile","0.975",1.45877392123715
"2022-01-13","10 day R","2021-12-19","CH","point","NA",1.11324289927689
"2022-01-13","10 day R","2021-12-19","CH","quantile","0.025",0.786922596194944
"2022-01-13","10 day R","2021-12-19","CH","quantile","0.975",1.44118500165065
"2022-01-13","10 day R","2021-12-20","CH","point","NA",1.08400092072977
"2022-01-13","10 day R","2021-12-20","CH","quantile","0.025",0.753189401760318
"2022-01-13","10 day R","2021-12-20","CH","quantile","0.975",1.40845655752354
"2022-01-13","10 day R","2021-12-21","CH","point","NA",1.10129857734148
"2022-01-13","10 day R","2021-12-21","CH","quantile","0.025",0.773178735013747
"2022-01-13","10 day R","2021-12-21","CH","quantile","0.975",1.43088843617054
"2022-01-13","10 day R","2021-12-22","CH","point","NA",1.12741228595834
"2022-01-13","10 day R","2021-12-22","CH","quantile","0.025",0.797905556376936
"2022-01-13","10 day R","2021-12-22","CH","quantile","0.975",1.45239834074969
"2022-01-13","10 day R","2021-12-23","CH","point","NA",1.16024196755274
"2022-01-13","10 day R","2021-12-23","CH","quantile","0.025",0.832043565698992
"2022-01-13","10 day R","2021-12-23","CH","quantile","0.975",1.48491781471593
"2022-01-13","10 day R","2021-12-24","CH","point","NA",1.20386442118995
"2022-01-13","10 day R","2021-12-24","CH","quantile","0.025",0.879090535851812
"2022-01-13","10 day R","2021-12-24","CH","quantile","0.975",1.52671729114149
"2022-01-13","10 day R","2021-12-25","CH","point","NA",1.29773950831747
"2022-01-13","10 day R","2021-12-25","CH","quantile","0.025",0.971636017971125
"2022-01-13","10 day R","2021-12-25","CH","quantile","0.975",1.62078349611618
"2022-01-13","10 day R","2021-12-26","CH","point","NA",1.39276530941161
"2022-01-13","10 day R","2021-12-26","CH","quantile","0.025",1.07242568057613
"2022-01-13","10 day R","2021-12-26","CH","quantile","0.975",1.71753248745539
"2022-01-13","10 day R","2021-12-27","CH","point","NA",1.48214352569451
"2022-01-13","10 day R","2021-12-27","CH","quantile","0.025",1.1548969050366
"2022-01-13","10 day R","2021-12-27","CH","quantile","0.975",1.80909176951572
"2022-01-13","10 day R","2021-12-28","CH","point","NA",1.5023515396084
"2022-01-13","10 day R","2021-12-28","CH","quantile","0.025",1.17840795266483
"2022-01-13","10 day R","2021-12-28","CH","quantile","0.975",1.83010170315754
"2022-01-13","10 day R","2021-12-29","CH","point","NA",1.5136864181759
"2022-01-13","10 day R","2021-12-29","CH","quantile","0.025",1.19127963085625
"2022-01-13","10 day R","2021-12-29","CH","quantile","0.975",1.8387568533527
"2022-01-13","10 day R","2021-12-30","CH","point","NA",1.52983778748341
"2022-01-13","10 day R","2021-12-30","CH","quantile","0.025",1.20323910093069
"2022-01-13","10 day R","2021-12-30","CH","quantile","0.975",1.85587531883776
"2022-01-13","10 day R","2021-12-31","CH","point","NA",1.54632285197206
"2022-01-13","10 day R","2021-12-31","CH","quantile","0.025",1.22217571818589
"2022-01-13","10 day R","2021-12-31","CH","quantile","0.975",1.87593843657742
"2022-01-13","10 day R","2022-01-01","CH","point","NA",1.54668740942642
"2022-01-13","10 day R","2022-01-01","CH","quantile","0.025",1.21710461239325
"2022-01-13","10 day R","2022-01-01","CH","quantile","0.975",1.87794677062811
"2022-01-13","10 day R","2022-01-02","CH","point","NA",1.55163574051725
"2022-01-13","10 day R","2022-01-02","CH","quantile","0.025",1.22056657604075
"2022-01-13","10 day R","2022-01-02","CH","quantile","0.975",1.88053678887929
"2022-01-13","10 day R","2022-01-03","CH","point","NA",1.56314199468861
"2022-01-13","10 day R","2022-01-03","CH","quantile","0.025",1.23435470662361
"2022-01-13","10 day R","2022-01-03","CH","quantile","0.975",1.88739058506275
"2022-01-13","10 day R","2022-01-04","CH","point","NA",1.59755482472722
"2022-01-13","10 day R","2022-01-04","CH","quantile","0.025",1.26659852023497
"2022-01-13","10 day R","2022-01-04","CH","quantile","0.975",1.92821854820336
"2022-01-13","10 day R","2022-01-05","CH","point","NA",1.62266111604447
"2022-01-13","10 day R","2022-01-05","CH","quantile","0.025",1.29159941434324
"2022-01-13","10 day R","2022-01-05","CH","quantile","0.975",1.95400600004028
"2022-01-13","10 day R","2022-01-06","CH","point","NA",1.63132454893751
"2022-01-13","10 day R","2022-01-06","CH","quantile","0.025",1.29732816776081
"2022-01-13","10 day R","2022-01-06","CH","quantile","0.975",1.96207890658513
"2022-01-13","10 day R","2022-01-07","CH","point","NA",1.62345280299201
"2022-01-13","10 day R","2022-01-07","CH","quantile","0.025",1.2857755606923
"2022-01-13","10 day R","2022-01-07","CH","quantile","0.975",1.96501464141478
"2022-01-13","10 day R","2022-01-08","CH","point","NA",1.60680780334603
"2022-01-13","10 day R","2022-01-08","CH","quantile","0.025",1.24943792177476
"2022-01-13","10 day R","2022-01-08","CH","quantile","0.975",1.96169546610022
"2022-01-13","10 day R","2022-01-09","CH","point","NA",1.59408454901158
"2022-01-13","10 day R","2022-01-09","CH","quantile","0.025",1.21826590070789
"2022-01-13","10 day R","2022-01-09","CH","quantile","0.975",1.97193348902736
"2022-01-13","10 day R","2022-01-10","CH","point","NA",1.58857472421843
"2022-01-13","10 day R","2022-01-10","CH","quantile","0.025",1.18296636054342
"2022-01-13","10 day R","2022-01-10","CH","quantile","0.975",2.00079008328646
"2022-01-13","10 day R","2022-01-11","CH","point","NA",1.5817597089902
"2022-01-13","10 day R","2022-01-11","CH","quantile","0.025",1.12991950779549
"2022-01-13","10 day R","2022-01-11","CH","quantile","0.975",2.03849309961472
