data_version,target,date,location,quantile,type,value
2021-04-05,7 day R,2020-03-06,DE,NA,point,2.34
2021-04-05,7 day R,2020-03-07,DE,NA,point,2.56
2021-04-05,7 day R,2020-03-08,DE,NA,point,2.93
2021-04-05,7 day R,2020-03-09,DE,NA,point,3.13
2021-04-05,7 day R,2020-03-10,DE,NA,point,3.22
2021-04-05,7 day R,2020-03-11,DE,NA,point,3.12
2021-04-05,7 day R,2020-03-12,DE,NA,point,2.84
2021-04-05,7 day R,2020-03-13,DE,NA,point,2.5
2021-04-05,7 day R,2020-03-14,DE,NA,point,2.18
2021-04-05,7 day R,2020-03-15,DE,NA,point,1.99
2021-04-05,7 day R,2020-03-16,DE,NA,point,1.74
2021-04-05,7 day R,2020-03-17,DE,NA,point,1.56
2021-04-05,7 day R,2020-03-18,DE,NA,point,1.39
2021-04-05,7 day R,2020-03-19,DE,NA,point,1.24
2021-04-05,7 day R,2020-03-20,DE,NA,point,1.13
2021-04-05,7 day R,2020-03-21,DE,NA,point,1.04
2021-04-05,7 day R,2020-03-22,DE,NA,point,0.98
2021-04-05,7 day R,2020-03-23,DE,NA,point,0.92
2021-04-05,7 day R,2020-03-24,DE,NA,point,0.9
2021-04-05,7 day R,2020-03-25,DE,NA,point,0.9
2021-04-05,7 day R,2020-03-26,DE,NA,point,0.88
2021-04-05,7 day R,2020-03-27,DE,NA,point,0.9
2021-04-05,7 day R,2020-03-28,DE,NA,point,0.9
2021-04-05,7 day R,2020-03-29,DE,NA,point,0.9
2021-04-05,7 day R,2020-03-30,DE,NA,point,0.92
2021-04-05,7 day R,2020-03-31,DE,NA,point,0.93
2021-04-05,7 day R,2020-04-01,DE,NA,point,0.93
2021-04-05,7 day R,2020-04-02,DE,NA,point,0.95
2021-04-05,7 day R,2020-04-03,DE,NA,point,0.93
2021-04-05,7 day R,2020-04-04,DE,NA,point,0.92
2021-04-05,7 day R,2020-04-05,DE,NA,point,0.89
2021-04-05,7 day R,2020-04-06,DE,NA,point,0.89
2021-04-05,7 day R,2020-04-07,DE,NA,point,0.87
2021-04-05,7 day R,2020-04-08,DE,NA,point,0.85
2021-04-05,7 day R,2020-04-09,DE,NA,point,0.83
2021-04-05,7 day R,2020-04-10,DE,NA,point,0.81
2021-04-05,7 day R,2020-04-11,DE,NA,point,0.81
2021-04-05,7 day R,2020-04-12,DE,NA,point,0.79
2021-04-05,7 day R,2020-04-13,DE,NA,point,0.79
2021-04-05,7 day R,2020-04-14,DE,NA,point,0.78
2021-04-05,7 day R,2020-04-15,DE,NA,point,0.76
2021-04-05,7 day R,2020-04-16,DE,NA,point,0.78
2021-04-05,7 day R,2020-04-17,DE,NA,point,0.8
2021-04-05,7 day R,2020-04-18,DE,NA,point,0.81
2021-04-05,7 day R,2020-04-19,DE,NA,point,0.84
2021-04-05,7 day R,2020-04-20,DE,NA,point,0.84
2021-04-05,7 day R,2020-04-21,DE,NA,point,0.82
2021-04-05,7 day R,2020-04-22,DE,NA,point,0.83
2021-04-05,7 day R,2020-04-23,DE,NA,point,0.81
2021-04-05,7 day R,2020-04-24,DE,NA,point,0.81
2021-04-05,7 day R,2020-04-25,DE,NA,point,0.83
2021-04-05,7 day R,2020-04-26,DE,NA,point,0.82
2021-04-05,7 day R,2020-04-27,DE,NA,point,0.82
2021-04-05,7 day R,2020-04-28,DE,NA,point,0.81
2021-04-05,7 day R,2020-04-29,DE,NA,point,0.81
2021-04-05,7 day R,2020-04-30,DE,NA,point,0.81
2021-04-05,7 day R,2020-05-01,DE,NA,point,0.82
2021-04-05,7 day R,2020-05-02,DE,NA,point,0.85
2021-04-05,7 day R,2020-05-03,DE,NA,point,0.86
2021-04-05,7 day R,2020-05-04,DE,NA,point,0.89
2021-04-05,7 day R,2020-05-05,DE,NA,point,0.9
2021-04-05,7 day R,2020-05-06,DE,NA,point,0.89
2021-04-05,7 day R,2020-05-07,DE,NA,point,0.9
2021-04-05,7 day R,2020-05-08,DE,NA,point,0.89
2021-04-05,7 day R,2020-05-09,DE,NA,point,0.87
2021-04-05,7 day R,2020-05-10,DE,NA,point,0.87
2021-04-05,7 day R,2020-05-11,DE,NA,point,0.85
2021-04-05,7 day R,2020-05-12,DE,NA,point,0.85
2021-04-05,7 day R,2020-05-13,DE,NA,point,0.85
2021-04-05,7 day R,2020-05-14,DE,NA,point,0.89
2021-04-05,7 day R,2020-05-15,DE,NA,point,0.92
2021-04-05,7 day R,2020-05-16,DE,NA,point,0.93
2021-04-05,7 day R,2020-05-17,DE,NA,point,0.96
2021-04-05,7 day R,2020-05-18,DE,NA,point,0.92
2021-04-05,7 day R,2020-05-19,DE,NA,point,0.92
2021-04-05,7 day R,2020-05-20,DE,NA,point,0.91
2021-04-05,7 day R,2020-05-21,DE,NA,point,0.85
2021-04-05,7 day R,2020-05-22,DE,NA,point,0.83
2021-04-05,7 day R,2020-05-23,DE,NA,point,0.82
2021-04-05,7 day R,2020-05-24,DE,NA,point,0.81
2021-04-05,7 day R,2020-05-25,DE,NA,point,0.87
2021-04-05,7 day R,2020-05-26,DE,NA,point,0.89
2021-04-05,7 day R,2020-05-27,DE,NA,point,0.91
2021-04-05,7 day R,2020-05-28,DE,NA,point,0.94
2021-04-05,7 day R,2020-05-29,DE,NA,point,0.92
2021-04-05,7 day R,2020-05-30,DE,NA,point,0.92
2021-04-05,7 day R,2020-05-31,DE,NA,point,0.87
2021-04-05,7 day R,2020-06-01,DE,NA,point,0.89
2021-04-05,7 day R,2020-06-02,DE,NA,point,0.89
2021-04-05,7 day R,2020-06-03,DE,NA,point,0.91
2021-04-05,7 day R,2020-06-04,DE,NA,point,0.95
2021-04-05,7 day R,2020-06-05,DE,NA,point,0.96
2021-04-05,7 day R,2020-06-06,DE,NA,point,0.96
2021-04-05,7 day R,2020-06-07,DE,NA,point,1.01
2021-04-05,7 day R,2020-06-08,DE,NA,point,1.03
2021-04-05,7 day R,2020-06-09,DE,NA,point,1.04
2021-04-05,7 day R,2020-06-10,DE,NA,point,1.06
2021-04-05,7 day R,2020-06-11,DE,NA,point,1.05
2021-04-05,7 day R,2020-06-12,DE,NA,point,1.07
2021-04-05,7 day R,2020-06-13,DE,NA,point,1.11
2021-04-05,7 day R,2020-06-14,DE,NA,point,1.19
2021-04-05,7 day R,2020-06-15,DE,NA,point,1.43
2021-04-05,7 day R,2020-06-16,DE,NA,point,1.48
2021-04-05,7 day R,2020-06-17,DE,NA,point,1.47
2021-04-05,7 day R,2020-06-18,DE,NA,point,1.42
2021-04-05,7 day R,2020-06-19,DE,NA,point,1.19
2021-04-05,7 day R,2020-06-20,DE,NA,point,1.13
2021-04-05,7 day R,2020-06-21,DE,NA,point,1.04
2021-04-05,7 day R,2020-06-22,DE,NA,point,0.83
2021-04-05,7 day R,2020-06-23,DE,NA,point,0.76
2021-04-05,7 day R,2020-06-24,DE,NA,point,0.73
2021-04-05,7 day R,2020-06-25,DE,NA,point,0.73
2021-04-05,7 day R,2020-06-26,DE,NA,point,0.83
2021-04-05,7 day R,2020-06-27,DE,NA,point,0.87
2021-04-05,7 day R,2020-06-28,DE,NA,point,0.89
2021-04-05,7 day R,2020-06-29,DE,NA,point,0.93
2021-04-05,7 day R,2020-06-30,DE,NA,point,0.95
2021-04-05,7 day R,2020-07-01,DE,NA,point,0.94
2021-04-05,7 day R,2020-07-02,DE,NA,point,0.93
2021-04-05,7 day R,2020-07-03,DE,NA,point,0.9
2021-04-05,7 day R,2020-07-04,DE,NA,point,0.92
2021-04-05,7 day R,2020-07-05,DE,NA,point,0.92
2021-04-05,7 day R,2020-07-06,DE,NA,point,0.93
2021-04-05,7 day R,2020-07-07,DE,NA,point,0.93
2021-04-05,7 day R,2020-07-08,DE,NA,point,0.95
2021-04-05,7 day R,2020-07-09,DE,NA,point,1.01
2021-04-05,7 day R,2020-07-10,DE,NA,point,1.07
2021-04-05,7 day R,2020-07-11,DE,NA,point,1.12
2021-04-05,7 day R,2020-07-12,DE,NA,point,1.17
2021-04-05,7 day R,2020-07-13,DE,NA,point,1.19
2021-04-05,7 day R,2020-07-14,DE,NA,point,1.23
2021-04-05,7 day R,2020-07-15,DE,NA,point,1.23
2021-04-05,7 day R,2020-07-16,DE,NA,point,1.19
2021-04-05,7 day R,2020-07-17,DE,NA,point,1.17
2021-04-05,7 day R,2020-07-18,DE,NA,point,1.14
2021-04-05,7 day R,2020-07-19,DE,NA,point,1.16
2021-04-05,7 day R,2020-07-20,DE,NA,point,1.17
2021-04-05,7 day R,2020-07-21,DE,NA,point,1.19
2021-04-05,7 day R,2020-07-22,DE,NA,point,1.2
2021-04-05,7 day R,2020-07-23,DE,NA,point,1.19
2021-04-05,7 day R,2020-07-24,DE,NA,point,1.17
2021-04-05,7 day R,2020-07-25,DE,NA,point,1.14
2021-04-05,7 day R,2020-07-26,DE,NA,point,1.12
2021-04-05,7 day R,2020-07-27,DE,NA,point,1.09
2021-04-05,7 day R,2020-07-28,DE,NA,point,1.06
2021-04-05,7 day R,2020-07-29,DE,NA,point,1.06
2021-04-05,7 day R,2020-07-30,DE,NA,point,1.05
2021-04-05,7 day R,2020-07-31,DE,NA,point,1.08
2021-04-05,7 day R,2020-08-01,DE,NA,point,1.13
2021-04-05,7 day R,2020-08-02,DE,NA,point,1.17
2021-04-05,7 day R,2020-08-03,DE,NA,point,1.19
2021-04-05,7 day R,2020-08-04,DE,NA,point,1.19
2021-04-05,7 day R,2020-08-05,DE,NA,point,1.17
2021-04-05,7 day R,2020-08-06,DE,NA,point,1.17
2021-04-05,7 day R,2020-08-07,DE,NA,point,1.16
2021-04-05,7 day R,2020-08-08,DE,NA,point,1.13
2021-04-05,7 day R,2020-08-09,DE,NA,point,1.14
2021-04-05,7 day R,2020-08-10,DE,NA,point,1.14
2021-04-05,7 day R,2020-08-11,DE,NA,point,1.16
2021-04-05,7 day R,2020-08-12,DE,NA,point,1.18
2021-04-05,7 day R,2020-08-13,DE,NA,point,1.17
2021-04-05,7 day R,2020-08-14,DE,NA,point,1.15
2021-04-05,7 day R,2020-08-15,DE,NA,point,1.12
2021-04-05,7 day R,2020-08-16,DE,NA,point,1.07
2021-04-05,7 day R,2020-08-17,DE,NA,point,1.06
2021-04-05,7 day R,2020-08-18,DE,NA,point,1.03
2021-04-05,7 day R,2020-08-19,DE,NA,point,0.99
2021-04-05,7 day R,2020-08-20,DE,NA,point,0.97
2021-04-05,7 day R,2020-08-21,DE,NA,point,0.95
2021-04-05,7 day R,2020-08-22,DE,NA,point,0.95
2021-04-05,7 day R,2020-08-23,DE,NA,point,0.97
2021-04-05,7 day R,2020-08-24,DE,NA,point,0.98
2021-04-05,7 day R,2020-08-25,DE,NA,point,0.98
2021-04-05,7 day R,2020-08-26,DE,NA,point,0.98
2021-04-05,7 day R,2020-08-27,DE,NA,point,0.98
2021-04-05,7 day R,2020-08-28,DE,NA,point,0.98
2021-04-05,7 day R,2020-08-29,DE,NA,point,0.97
2021-04-05,7 day R,2020-08-30,DE,NA,point,0.96
2021-04-05,7 day R,2020-08-31,DE,NA,point,0.98
2021-04-05,7 day R,2020-09-01,DE,NA,point,1.01
2021-04-05,7 day R,2020-09-02,DE,NA,point,1.03
2021-04-05,7 day R,2020-09-03,DE,NA,point,1.06
2021-04-05,7 day R,2020-09-04,DE,NA,point,1.06
2021-04-05,7 day R,2020-09-05,DE,NA,point,1.08
2021-04-05,7 day R,2020-09-06,DE,NA,point,1.1
2021-04-05,7 day R,2020-09-07,DE,NA,point,1.09
2021-04-05,7 day R,2020-09-08,DE,NA,point,1.1
2021-04-05,7 day R,2020-09-09,DE,NA,point,1.11
2021-04-05,7 day R,2020-09-10,DE,NA,point,1.12
2021-04-05,7 day R,2020-09-11,DE,NA,point,1.15
2021-04-05,7 day R,2020-09-12,DE,NA,point,1.14
2021-04-05,7 day R,2020-09-13,DE,NA,point,1.15
2021-04-05,7 day R,2020-09-14,DE,NA,point,1.15
2021-04-05,7 day R,2020-09-15,DE,NA,point,1.14
2021-04-05,7 day R,2020-09-16,DE,NA,point,1.12
2021-04-05,7 day R,2020-09-17,DE,NA,point,1.07
2021-04-05,7 day R,2020-09-18,DE,NA,point,1.03
2021-04-05,7 day R,2020-09-19,DE,NA,point,1.01
2021-04-05,7 day R,2020-09-20,DE,NA,point,1.01
2021-04-05,7 day R,2020-09-21,DE,NA,point,1.02
2021-04-05,7 day R,2020-09-22,DE,NA,point,1.04
2021-04-05,7 day R,2020-09-23,DE,NA,point,1.06
2021-04-05,7 day R,2020-09-24,DE,NA,point,1.09
2021-04-05,7 day R,2020-09-25,DE,NA,point,1.11
2021-04-05,7 day R,2020-09-26,DE,NA,point,1.12
2021-04-05,7 day R,2020-09-27,DE,NA,point,1.12
2021-04-05,7 day R,2020-09-28,DE,NA,point,1.13
2021-04-05,7 day R,2020-09-29,DE,NA,point,1.15
2021-04-05,7 day R,2020-09-30,DE,NA,point,1.19
2021-04-05,7 day R,2020-10-01,DE,NA,point,1.23
2021-04-05,7 day R,2020-10-02,DE,NA,point,1.28
2021-04-05,7 day R,2020-10-03,DE,NA,point,1.31
2021-04-05,7 day R,2020-10-04,DE,NA,point,1.36
2021-04-05,7 day R,2020-10-05,DE,NA,point,1.38
2021-04-05,7 day R,2020-10-06,DE,NA,point,1.39
2021-04-05,7 day R,2020-10-07,DE,NA,point,1.38
2021-04-05,7 day R,2020-10-08,DE,NA,point,1.35
2021-04-05,7 day R,2020-10-09,DE,NA,point,1.32
2021-04-05,7 day R,2020-10-10,DE,NA,point,1.29
2021-04-05,7 day R,2020-10-11,DE,NA,point,1.3
2021-04-05,7 day R,2020-10-12,DE,NA,point,1.31
2021-04-05,7 day R,2020-10-13,DE,NA,point,1.34
2021-04-05,7 day R,2020-10-14,DE,NA,point,1.37
2021-04-05,7 day R,2020-10-15,DE,NA,point,1.38
2021-04-05,7 day R,2020-10-16,DE,NA,point,1.37
2021-04-05,7 day R,2020-10-17,DE,NA,point,1.38
2021-04-05,7 day R,2020-10-18,DE,NA,point,1.4
2021-04-05,7 day R,2020-10-19,DE,NA,point,1.42
2021-04-05,7 day R,2020-10-20,DE,NA,point,1.44
2021-04-05,7 day R,2020-10-21,DE,NA,point,1.43
2021-04-05,7 day R,2020-10-22,DE,NA,point,1.39
2021-04-05,7 day R,2020-10-23,DE,NA,point,1.34
2021-04-05,7 day R,2020-10-24,DE,NA,point,1.29
2021-04-05,7 day R,2020-10-25,DE,NA,point,1.26
2021-04-05,7 day R,2020-10-26,DE,NA,point,1.21
2021-04-05,7 day R,2020-10-27,DE,NA,point,1.17
2021-04-05,7 day R,2020-10-28,DE,NA,point,1.13
2021-04-05,7 day R,2020-10-29,DE,NA,point,1.09
2021-04-05,7 day R,2020-10-30,DE,NA,point,1.06
2021-04-05,7 day R,2020-10-31,DE,NA,point,1.04
2021-04-05,7 day R,2020-11-01,DE,NA,point,1.04
2021-04-05,7 day R,2020-11-02,DE,NA,point,1.03
2021-04-05,7 day R,2020-11-03,DE,NA,point,1.03
2021-04-05,7 day R,2020-11-04,DE,NA,point,1.02
2021-04-05,7 day R,2020-11-05,DE,NA,point,0.99
2021-04-05,7 day R,2020-11-06,DE,NA,point,0.98
2021-04-05,7 day R,2020-11-07,DE,NA,point,0.97
2021-04-05,7 day R,2020-11-08,DE,NA,point,0.96
2021-04-05,7 day R,2020-11-09,DE,NA,point,0.96
2021-04-05,7 day R,2020-11-10,DE,NA,point,0.97
2021-04-05,7 day R,2020-11-11,DE,NA,point,0.99
2021-04-05,7 day R,2020-11-12,DE,NA,point,1.02
2021-04-05,7 day R,2020-11-13,DE,NA,point,1.04
2021-04-05,7 day R,2020-11-14,DE,NA,point,1.05
2021-04-05,7 day R,2020-11-15,DE,NA,point,1.05
2021-04-05,7 day R,2020-11-16,DE,NA,point,1.04
2021-04-05,7 day R,2020-11-17,DE,NA,point,1.04
2021-04-05,7 day R,2020-11-18,DE,NA,point,1.02
2021-04-05,7 day R,2020-11-19,DE,NA,point,1.0
2021-04-05,7 day R,2020-11-20,DE,NA,point,0.98
2021-04-05,7 day R,2020-11-21,DE,NA,point,0.95
2021-04-05,7 day R,2020-11-22,DE,NA,point,0.94
2021-04-05,7 day R,2020-11-23,DE,NA,point,0.94
2021-04-05,7 day R,2020-11-24,DE,NA,point,0.94
2021-04-05,7 day R,2020-11-25,DE,NA,point,0.94
2021-04-05,7 day R,2020-11-26,DE,NA,point,0.96
2021-04-05,7 day R,2020-11-27,DE,NA,point,0.98
2021-04-05,7 day R,2020-11-28,DE,NA,point,1.0
2021-04-05,7 day R,2020-11-29,DE,NA,point,1.03
2021-04-05,7 day R,2020-11-30,DE,NA,point,1.07
2021-04-05,7 day R,2020-12-01,DE,NA,point,1.09
2021-04-05,7 day R,2020-12-02,DE,NA,point,1.12
2021-04-05,7 day R,2020-12-03,DE,NA,point,1.14
2021-04-05,7 day R,2020-12-04,DE,NA,point,1.15
2021-04-05,7 day R,2020-12-05,DE,NA,point,1.16
2021-04-05,7 day R,2020-12-06,DE,NA,point,1.16
2021-04-05,7 day R,2020-12-07,DE,NA,point,1.15
2021-04-05,7 day R,2020-12-08,DE,NA,point,1.15
2021-04-05,7 day R,2020-12-09,DE,NA,point,1.13
2021-04-05,7 day R,2020-12-10,DE,NA,point,1.11
2021-04-05,7 day R,2020-12-11,DE,NA,point,1.09
2021-04-05,7 day R,2020-12-12,DE,NA,point,1.07
2021-04-05,7 day R,2020-12-13,DE,NA,point,1.05
2021-04-05,7 day R,2020-12-14,DE,NA,point,1.04
2021-04-05,7 day R,2020-12-15,DE,NA,point,1.03
2021-04-05,7 day R,2020-12-16,DE,NA,point,1.01
2021-04-05,7 day R,2020-12-17,DE,NA,point,0.99
2021-04-05,7 day R,2020-12-18,DE,NA,point,0.97
2021-04-05,7 day R,2020-12-19,DE,NA,point,0.96
2021-04-05,7 day R,2020-12-20,DE,NA,point,0.94
2021-04-05,7 day R,2020-12-21,DE,NA,point,0.91
2021-04-05,7 day R,2020-12-22,DE,NA,point,0.88
2021-04-05,7 day R,2020-12-23,DE,NA,point,0.85
2021-04-05,7 day R,2020-12-24,DE,NA,point,0.83
2021-04-05,7 day R,2020-12-25,DE,NA,point,0.83
2021-04-05,7 day R,2020-12-26,DE,NA,point,0.86
2021-04-05,7 day R,2020-12-27,DE,NA,point,0.89
2021-04-05,7 day R,2020-12-28,DE,NA,point,0.93
2021-04-05,7 day R,2020-12-29,DE,NA,point,0.95
2021-04-05,7 day R,2020-12-30,DE,NA,point,0.95
2021-04-05,7 day R,2020-12-31,DE,NA,point,0.95
2021-04-05,7 day R,2021-01-01,DE,NA,point,0.97
2021-04-05,7 day R,2021-01-02,DE,NA,point,0.98
2021-04-05,7 day R,2021-01-03,DE,NA,point,0.99
2021-04-05,7 day R,2021-01-04,DE,NA,point,0.99
2021-04-05,7 day R,2021-01-05,DE,NA,point,1.0
2021-04-05,7 day R,2021-01-06,DE,NA,point,1.01
2021-04-05,7 day R,2021-01-07,DE,NA,point,1.02
2021-04-05,7 day R,2021-01-08,DE,NA,point,1.0
2021-04-05,7 day R,2021-01-09,DE,NA,point,0.96
2021-04-05,7 day R,2021-01-10,DE,NA,point,0.91
2021-04-05,7 day R,2021-01-11,DE,NA,point,0.88
2021-04-05,7 day R,2021-01-12,DE,NA,point,0.88
2021-04-05,7 day R,2021-01-13,DE,NA,point,0.88
2021-04-05,7 day R,2021-01-14,DE,NA,point,0.9
2021-04-05,7 day R,2021-01-15,DE,NA,point,0.92
2021-04-05,7 day R,2021-01-16,DE,NA,point,0.93
2021-04-05,7 day R,2021-01-17,DE,NA,point,0.94
2021-04-05,7 day R,2021-01-18,DE,NA,point,0.94
2021-04-05,7 day R,2021-01-19,DE,NA,point,0.94
2021-04-05,7 day R,2021-01-20,DE,NA,point,0.94
2021-04-05,7 day R,2021-01-21,DE,NA,point,0.93
2021-04-05,7 day R,2021-01-22,DE,NA,point,0.93
2021-04-05,7 day R,2021-01-23,DE,NA,point,0.92
2021-04-05,7 day R,2021-01-24,DE,NA,point,0.91
2021-04-05,7 day R,2021-01-25,DE,NA,point,0.9
2021-04-05,7 day R,2021-01-26,DE,NA,point,0.88
2021-04-05,7 day R,2021-01-27,DE,NA,point,0.88
2021-04-05,7 day R,2021-01-28,DE,NA,point,0.89
2021-04-05,7 day R,2021-01-29,DE,NA,point,0.89
2021-04-05,7 day R,2021-01-30,DE,NA,point,0.9
2021-04-05,7 day R,2021-01-31,DE,NA,point,0.89
2021-04-05,7 day R,2021-02-01,DE,NA,point,0.89
2021-04-05,7 day R,2021-02-02,DE,NA,point,0.9
2021-04-05,7 day R,2021-02-03,DE,NA,point,0.89
2021-04-05,7 day R,2021-02-04,DE,NA,point,0.89
2021-04-05,7 day R,2021-02-05,DE,NA,point,0.89
2021-04-05,7 day R,2021-02-06,DE,NA,point,0.89
2021-04-05,7 day R,2021-02-07,DE,NA,point,0.88
2021-04-05,7 day R,2021-02-08,DE,NA,point,0.88
2021-04-05,7 day R,2021-02-09,DE,NA,point,0.88
2021-04-05,7 day R,2021-02-10,DE,NA,point,0.89
2021-04-05,7 day R,2021-02-11,DE,NA,point,0.91
2021-04-05,7 day R,2021-02-12,DE,NA,point,0.94
2021-04-05,7 day R,2021-02-13,DE,NA,point,0.97
2021-04-05,7 day R,2021-02-14,DE,NA,point,0.99
2021-04-05,7 day R,2021-02-15,DE,NA,point,1.02
2021-04-05,7 day R,2021-02-16,DE,NA,point,1.03
2021-04-05,7 day R,2021-02-17,DE,NA,point,1.05
2021-04-05,7 day R,2021-02-18,DE,NA,point,1.06
2021-04-05,7 day R,2021-02-19,DE,NA,point,1.07
2021-04-05,7 day R,2021-02-20,DE,NA,point,1.06
2021-04-05,7 day R,2021-02-21,DE,NA,point,1.05
2021-04-05,7 day R,2021-02-22,DE,NA,point,1.04
2021-04-05,7 day R,2021-02-23,DE,NA,point,1.02
2021-04-05,7 day R,2021-02-24,DE,NA,point,1.01
2021-04-05,7 day R,2021-02-25,DE,NA,point,1.01
2021-04-05,7 day R,2021-02-26,DE,NA,point,1.0
2021-04-05,7 day R,2021-02-27,DE,NA,point,1.0
2021-04-05,7 day R,2021-02-28,DE,NA,point,1.02
2021-04-05,7 day R,2021-03-01,DE,NA,point,1.02
2021-04-05,7 day R,2021-03-02,DE,NA,point,1.04
2021-04-05,7 day R,2021-03-03,DE,NA,point,1.05
2021-04-05,7 day R,2021-03-04,DE,NA,point,1.06
2021-04-05,7 day R,2021-03-05,DE,NA,point,1.08
2021-04-05,7 day R,2021-03-06,DE,NA,point,1.1
2021-04-05,7 day R,2021-03-07,DE,NA,point,1.12
2021-04-05,7 day R,2021-03-08,DE,NA,point,1.14
2021-04-05,7 day R,2021-03-09,DE,NA,point,1.15
2021-04-05,7 day R,2021-03-10,DE,NA,point,1.16
2021-04-05,7 day R,2021-03-11,DE,NA,point,1.17
2021-04-05,7 day R,2021-03-12,DE,NA,point,1.17
2021-04-05,7 day R,2021-03-13,DE,NA,point,1.17
2021-04-05,7 day R,2021-03-14,DE,NA,point,1.17
2021-04-05,7 day R,2021-03-15,DE,NA,point,1.17
2021-04-05,7 day R,2021-03-16,DE,NA,point,1.17
2021-04-05,7 day R,2021-03-17,DE,NA,point,1.16
2021-04-05,7 day R,2021-03-18,DE,NA,point,1.14
2021-04-05,7 day R,2021-03-19,DE,NA,point,1.13
2021-04-05,7 day R,2021-03-20,DE,NA,point,1.13
2021-04-05,7 day R,2021-03-21,DE,NA,point,1.13
2021-04-05,7 day R,2021-03-22,DE,NA,point,1.14
2021-04-05,7 day R,2021-03-23,DE,NA,point,1.13
2021-04-05,7 day R,2021-03-24,DE,NA,point,1.12
2021-04-05,7 day R,2021-03-25,DE,NA,point,1.09
2021-04-05,7 day R,2021-03-26,DE,NA,point,1.06
2021-04-05,7 day R,2021-03-27,DE,NA,point,1.03
2021-04-05,7 day R,2021-03-28,DE,NA,point,1.0
2021-04-05,7 day R,2021-03-29,DE,NA,point,0.97
2021-04-05,7 day R,2021-03-30,DE,NA,point,0.94
2021-04-05,7 day R,2021-03-31,DE,NA,point,0.9
2021-04-05,7 day R,2020-03-06,DE,0.025,quantile,2.28
2021-04-05,7 day R,2020-03-07,DE,0.025,quantile,2.51
2021-04-05,7 day R,2020-03-08,DE,0.025,quantile,2.88
2021-04-05,7 day R,2020-03-09,DE,0.025,quantile,3.08
2021-04-05,7 day R,2020-03-10,DE,0.025,quantile,3.18
2021-04-05,7 day R,2020-03-11,DE,0.025,quantile,3.08
2021-04-05,7 day R,2020-03-12,DE,0.025,quantile,2.82
2021-04-05,7 day R,2020-03-13,DE,0.025,quantile,2.48
2021-04-05,7 day R,2020-03-14,DE,0.025,quantile,2.17
2021-04-05,7 day R,2020-03-15,DE,0.025,quantile,1.98
2021-04-05,7 day R,2020-03-16,DE,0.025,quantile,1.73
2021-04-05,7 day R,2020-03-17,DE,0.025,quantile,1.55
2021-04-05,7 day R,2020-03-18,DE,0.025,quantile,1.39
2021-04-05,7 day R,2020-03-19,DE,0.025,quantile,1.23
2021-04-05,7 day R,2020-03-20,DE,0.025,quantile,1.13
2021-04-05,7 day R,2020-03-21,DE,0.025,quantile,1.03
2021-04-05,7 day R,2020-03-22,DE,0.025,quantile,0.97
2021-04-05,7 day R,2020-03-23,DE,0.025,quantile,0.92
2021-04-05,7 day R,2020-03-24,DE,0.025,quantile,0.89
2021-04-05,7 day R,2020-03-25,DE,0.025,quantile,0.89
2021-04-05,7 day R,2020-03-26,DE,0.025,quantile,0.88
2021-04-05,7 day R,2020-03-27,DE,0.025,quantile,0.89
2021-04-05,7 day R,2020-03-28,DE,0.025,quantile,0.9
2021-04-05,7 day R,2020-03-29,DE,0.025,quantile,0.9
2021-04-05,7 day R,2020-03-30,DE,0.025,quantile,0.92
2021-04-05,7 day R,2020-03-31,DE,0.025,quantile,0.92
2021-04-05,7 day R,2020-04-01,DE,0.025,quantile,0.93
2021-04-05,7 day R,2020-04-02,DE,0.025,quantile,0.94
2021-04-05,7 day R,2020-04-03,DE,0.025,quantile,0.92
2021-04-05,7 day R,2020-04-04,DE,0.025,quantile,0.92
2021-04-05,7 day R,2020-04-05,DE,0.025,quantile,0.89
2021-04-05,7 day R,2020-04-06,DE,0.025,quantile,0.88
2021-04-05,7 day R,2020-04-07,DE,0.025,quantile,0.87
2021-04-05,7 day R,2020-04-08,DE,0.025,quantile,0.84
2021-04-05,7 day R,2020-04-09,DE,0.025,quantile,0.82
2021-04-05,7 day R,2020-04-10,DE,0.025,quantile,0.8
2021-04-05,7 day R,2020-04-11,DE,0.025,quantile,0.81
2021-04-05,7 day R,2020-04-12,DE,0.025,quantile,0.78
2021-04-05,7 day R,2020-04-13,DE,0.025,quantile,0.78
2021-04-05,7 day R,2020-04-14,DE,0.025,quantile,0.77
2021-04-05,7 day R,2020-04-15,DE,0.025,quantile,0.75
2021-04-05,7 day R,2020-04-16,DE,0.025,quantile,0.78
2021-04-05,7 day R,2020-04-17,DE,0.025,quantile,0.79
2021-04-05,7 day R,2020-04-18,DE,0.025,quantile,0.8
2021-04-05,7 day R,2020-04-19,DE,0.025,quantile,0.83
2021-04-05,7 day R,2020-04-20,DE,0.025,quantile,0.83
2021-04-05,7 day R,2020-04-21,DE,0.025,quantile,0.82
2021-04-05,7 day R,2020-04-22,DE,0.025,quantile,0.82
2021-04-05,7 day R,2020-04-23,DE,0.025,quantile,0.8
2021-04-05,7 day R,2020-04-24,DE,0.025,quantile,0.8
2021-04-05,7 day R,2020-04-25,DE,0.025,quantile,0.81
2021-04-05,7 day R,2020-04-26,DE,0.025,quantile,0.81
2021-04-05,7 day R,2020-04-27,DE,0.025,quantile,0.81
2021-04-05,7 day R,2020-04-28,DE,0.025,quantile,0.8
2021-04-05,7 day R,2020-04-29,DE,0.025,quantile,0.8
2021-04-05,7 day R,2020-04-30,DE,0.025,quantile,0.8
2021-04-05,7 day R,2020-05-01,DE,0.025,quantile,0.81
2021-04-05,7 day R,2020-05-02,DE,0.025,quantile,0.84
2021-04-05,7 day R,2020-05-03,DE,0.025,quantile,0.85
2021-04-05,7 day R,2020-05-04,DE,0.025,quantile,0.87
2021-04-05,7 day R,2020-05-05,DE,0.025,quantile,0.89
2021-04-05,7 day R,2020-05-06,DE,0.025,quantile,0.87
2021-04-05,7 day R,2020-05-07,DE,0.025,quantile,0.88
2021-04-05,7 day R,2020-05-08,DE,0.025,quantile,0.88
2021-04-05,7 day R,2020-05-09,DE,0.025,quantile,0.86
2021-04-05,7 day R,2020-05-10,DE,0.025,quantile,0.85
2021-04-05,7 day R,2020-05-11,DE,0.025,quantile,0.84
2021-04-05,7 day R,2020-05-12,DE,0.025,quantile,0.84
2021-04-05,7 day R,2020-05-13,DE,0.025,quantile,0.83
2021-04-05,7 day R,2020-05-14,DE,0.025,quantile,0.87
2021-04-05,7 day R,2020-05-15,DE,0.025,quantile,0.91
2021-04-05,7 day R,2020-05-16,DE,0.025,quantile,0.91
2021-04-05,7 day R,2020-05-17,DE,0.025,quantile,0.94
2021-04-05,7 day R,2020-05-18,DE,0.025,quantile,0.9
2021-04-05,7 day R,2020-05-19,DE,0.025,quantile,0.9
2021-04-05,7 day R,2020-05-20,DE,0.025,quantile,0.89
2021-04-05,7 day R,2020-05-21,DE,0.025,quantile,0.83
2021-04-05,7 day R,2020-05-22,DE,0.025,quantile,0.82
2021-04-05,7 day R,2020-05-23,DE,0.025,quantile,0.8
2021-04-05,7 day R,2020-05-24,DE,0.025,quantile,0.79
2021-04-05,7 day R,2020-05-25,DE,0.025,quantile,0.85
2021-04-05,7 day R,2020-05-26,DE,0.025,quantile,0.87
2021-04-05,7 day R,2020-05-27,DE,0.025,quantile,0.89
2021-04-05,7 day R,2020-05-28,DE,0.025,quantile,0.92
2021-04-05,7 day R,2020-05-29,DE,0.025,quantile,0.9
2021-04-05,7 day R,2020-05-30,DE,0.025,quantile,0.9
2021-04-05,7 day R,2020-05-31,DE,0.025,quantile,0.85
2021-04-05,7 day R,2020-06-01,DE,0.025,quantile,0.86
2021-04-05,7 day R,2020-06-02,DE,0.025,quantile,0.87
2021-04-05,7 day R,2020-06-03,DE,0.025,quantile,0.89
2021-04-05,7 day R,2020-06-04,DE,0.025,quantile,0.93
2021-04-05,7 day R,2020-06-05,DE,0.025,quantile,0.93
2021-04-05,7 day R,2020-06-06,DE,0.025,quantile,0.94
2021-04-05,7 day R,2020-06-07,DE,0.025,quantile,0.98
2021-04-05,7 day R,2020-06-08,DE,0.025,quantile,1.0
2021-04-05,7 day R,2020-06-09,DE,0.025,quantile,1.01
2021-04-05,7 day R,2020-06-10,DE,0.025,quantile,1.03
2021-04-05,7 day R,2020-06-11,DE,0.025,quantile,1.02
2021-04-05,7 day R,2020-06-12,DE,0.025,quantile,1.05
2021-04-05,7 day R,2020-06-13,DE,0.025,quantile,1.09
2021-04-05,7 day R,2020-06-14,DE,0.025,quantile,1.16
2021-04-05,7 day R,2020-06-15,DE,0.025,quantile,1.39
2021-04-05,7 day R,2020-06-16,DE,0.025,quantile,1.44
2021-04-05,7 day R,2020-06-17,DE,0.025,quantile,1.44
2021-04-05,7 day R,2020-06-18,DE,0.025,quantile,1.39
2021-04-05,7 day R,2020-06-19,DE,0.025,quantile,1.17
2021-04-05,7 day R,2020-06-20,DE,0.025,quantile,1.1
2021-04-05,7 day R,2020-06-21,DE,0.025,quantile,1.01
2021-04-05,7 day R,2020-06-22,DE,0.025,quantile,0.81
2021-04-05,7 day R,2020-06-23,DE,0.025,quantile,0.75
2021-04-05,7 day R,2020-06-24,DE,0.025,quantile,0.71
2021-04-05,7 day R,2020-06-25,DE,0.025,quantile,0.71
2021-04-05,7 day R,2020-06-26,DE,0.025,quantile,0.82
2021-04-05,7 day R,2020-06-27,DE,0.025,quantile,0.85
2021-04-05,7 day R,2020-06-28,DE,0.025,quantile,0.87
2021-04-05,7 day R,2020-06-29,DE,0.025,quantile,0.91
2021-04-05,7 day R,2020-06-30,DE,0.025,quantile,0.92
2021-04-05,7 day R,2020-07-01,DE,0.025,quantile,0.92
2021-04-05,7 day R,2020-07-02,DE,0.025,quantile,0.9
2021-04-05,7 day R,2020-07-03,DE,0.025,quantile,0.88
2021-04-05,7 day R,2020-07-04,DE,0.025,quantile,0.9
2021-04-05,7 day R,2020-07-05,DE,0.025,quantile,0.9
2021-04-05,7 day R,2020-07-06,DE,0.025,quantile,0.91
2021-04-05,7 day R,2020-07-07,DE,0.025,quantile,0.91
2021-04-05,7 day R,2020-07-08,DE,0.025,quantile,0.93
2021-04-05,7 day R,2020-07-09,DE,0.025,quantile,0.98
2021-04-05,7 day R,2020-07-10,DE,0.025,quantile,1.03
2021-04-05,7 day R,2020-07-11,DE,0.025,quantile,1.09
2021-04-05,7 day R,2020-07-12,DE,0.025,quantile,1.14
2021-04-05,7 day R,2020-07-13,DE,0.025,quantile,1.16
2021-04-05,7 day R,2020-07-14,DE,0.025,quantile,1.2
2021-04-05,7 day R,2020-07-15,DE,0.025,quantile,1.2
2021-04-05,7 day R,2020-07-16,DE,0.025,quantile,1.16
2021-04-05,7 day R,2020-07-17,DE,0.025,quantile,1.14
2021-04-05,7 day R,2020-07-18,DE,0.025,quantile,1.12
2021-04-05,7 day R,2020-07-19,DE,0.025,quantile,1.13
2021-04-05,7 day R,2020-07-20,DE,0.025,quantile,1.15
2021-04-05,7 day R,2020-07-21,DE,0.025,quantile,1.17
2021-04-05,7 day R,2020-07-22,DE,0.025,quantile,1.17
2021-04-05,7 day R,2020-07-23,DE,0.025,quantile,1.17
2021-04-05,7 day R,2020-07-24,DE,0.025,quantile,1.15
2021-04-05,7 day R,2020-07-25,DE,0.025,quantile,1.12
2021-04-05,7 day R,2020-07-26,DE,0.025,quantile,1.1
2021-04-05,7 day R,2020-07-27,DE,0.025,quantile,1.07
2021-04-05,7 day R,2020-07-28,DE,0.025,quantile,1.05
2021-04-05,7 day R,2020-07-29,DE,0.025,quantile,1.04
2021-04-05,7 day R,2020-07-30,DE,0.025,quantile,1.03
2021-04-05,7 day R,2020-07-31,DE,0.025,quantile,1.06
2021-04-05,7 day R,2020-08-01,DE,0.025,quantile,1.11
2021-04-05,7 day R,2020-08-02,DE,0.025,quantile,1.15
2021-04-05,7 day R,2020-08-03,DE,0.025,quantile,1.17
2021-04-05,7 day R,2020-08-04,DE,0.025,quantile,1.17
2021-04-05,7 day R,2020-08-05,DE,0.025,quantile,1.16
2021-04-05,7 day R,2020-08-06,DE,0.025,quantile,1.15
2021-04-05,7 day R,2020-08-07,DE,0.025,quantile,1.14
2021-04-05,7 day R,2020-08-08,DE,0.025,quantile,1.12
2021-04-05,7 day R,2020-08-09,DE,0.025,quantile,1.12
2021-04-05,7 day R,2020-08-10,DE,0.025,quantile,1.12
2021-04-05,7 day R,2020-08-11,DE,0.025,quantile,1.14
2021-04-05,7 day R,2020-08-12,DE,0.025,quantile,1.17
2021-04-05,7 day R,2020-08-13,DE,0.025,quantile,1.15
2021-04-05,7 day R,2020-08-14,DE,0.025,quantile,1.13
2021-04-05,7 day R,2020-08-15,DE,0.025,quantile,1.1
2021-04-05,7 day R,2020-08-16,DE,0.025,quantile,1.06
2021-04-05,7 day R,2020-08-17,DE,0.025,quantile,1.04
2021-04-05,7 day R,2020-08-18,DE,0.025,quantile,1.01
2021-04-05,7 day R,2020-08-19,DE,0.025,quantile,0.98
2021-04-05,7 day R,2020-08-20,DE,0.025,quantile,0.96
2021-04-05,7 day R,2020-08-21,DE,0.025,quantile,0.93
2021-04-05,7 day R,2020-08-22,DE,0.025,quantile,0.93
2021-04-05,7 day R,2020-08-23,DE,0.025,quantile,0.96
2021-04-05,7 day R,2020-08-24,DE,0.025,quantile,0.96
2021-04-05,7 day R,2020-08-25,DE,0.025,quantile,0.96
2021-04-05,7 day R,2020-08-26,DE,0.025,quantile,0.97
2021-04-05,7 day R,2020-08-27,DE,0.025,quantile,0.97
2021-04-05,7 day R,2020-08-28,DE,0.025,quantile,0.96
2021-04-05,7 day R,2020-08-29,DE,0.025,quantile,0.95
2021-04-05,7 day R,2020-08-30,DE,0.025,quantile,0.94
2021-04-05,7 day R,2020-08-31,DE,0.025,quantile,0.96
2021-04-05,7 day R,2020-09-01,DE,0.025,quantile,0.99
2021-04-05,7 day R,2020-09-02,DE,0.025,quantile,1.02
2021-04-05,7 day R,2020-09-03,DE,0.025,quantile,1.04
2021-04-05,7 day R,2020-09-04,DE,0.025,quantile,1.05
2021-04-05,7 day R,2020-09-05,DE,0.025,quantile,1.06
2021-04-05,7 day R,2020-09-06,DE,0.025,quantile,1.08
2021-04-05,7 day R,2020-09-07,DE,0.025,quantile,1.08
2021-04-05,7 day R,2020-09-08,DE,0.025,quantile,1.08
2021-04-05,7 day R,2020-09-09,DE,0.025,quantile,1.09
2021-04-05,7 day R,2020-09-10,DE,0.025,quantile,1.1
2021-04-05,7 day R,2020-09-11,DE,0.025,quantile,1.13
2021-04-05,7 day R,2020-09-12,DE,0.025,quantile,1.13
2021-04-05,7 day R,2020-09-13,DE,0.025,quantile,1.14
2021-04-05,7 day R,2020-09-14,DE,0.025,quantile,1.14
2021-04-05,7 day R,2020-09-15,DE,0.025,quantile,1.12
2021-04-05,7 day R,2020-09-16,DE,0.025,quantile,1.1
2021-04-05,7 day R,2020-09-17,DE,0.025,quantile,1.06
2021-04-05,7 day R,2020-09-18,DE,0.025,quantile,1.02
2021-04-05,7 day R,2020-09-19,DE,0.025,quantile,1.01
2021-04-05,7 day R,2020-09-20,DE,0.025,quantile,1.0
2021-04-05,7 day R,2020-09-21,DE,0.025,quantile,1.01
2021-04-05,7 day R,2020-09-22,DE,0.025,quantile,1.03
2021-04-05,7 day R,2020-09-23,DE,0.025,quantile,1.05
2021-04-05,7 day R,2020-09-24,DE,0.025,quantile,1.08
2021-04-05,7 day R,2020-09-25,DE,0.025,quantile,1.1
2021-04-05,7 day R,2020-09-26,DE,0.025,quantile,1.11
2021-04-05,7 day R,2020-09-27,DE,0.025,quantile,1.11
2021-04-05,7 day R,2020-09-28,DE,0.025,quantile,1.12
2021-04-05,7 day R,2020-09-29,DE,0.025,quantile,1.13
2021-04-05,7 day R,2020-09-30,DE,0.025,quantile,1.17
2021-04-05,7 day R,2020-10-01,DE,0.025,quantile,1.22
2021-04-05,7 day R,2020-10-02,DE,0.025,quantile,1.26
2021-04-05,7 day R,2020-10-03,DE,0.025,quantile,1.3
2021-04-05,7 day R,2020-10-04,DE,0.025,quantile,1.35
2021-04-05,7 day R,2020-10-05,DE,0.025,quantile,1.37
2021-04-05,7 day R,2020-10-06,DE,0.025,quantile,1.38
2021-04-05,7 day R,2020-10-07,DE,0.025,quantile,1.37
2021-04-05,7 day R,2020-10-08,DE,0.025,quantile,1.34
2021-04-05,7 day R,2020-10-09,DE,0.025,quantile,1.31
2021-04-05,7 day R,2020-10-10,DE,0.025,quantile,1.28
2021-04-05,7 day R,2020-10-11,DE,0.025,quantile,1.29
2021-04-05,7 day R,2020-10-12,DE,0.025,quantile,1.3
2021-04-05,7 day R,2020-10-13,DE,0.025,quantile,1.33
2021-04-05,7 day R,2020-10-14,DE,0.025,quantile,1.35
2021-04-05,7 day R,2020-10-15,DE,0.025,quantile,1.37
2021-04-05,7 day R,2020-10-16,DE,0.025,quantile,1.36
2021-04-05,7 day R,2020-10-17,DE,0.025,quantile,1.37
2021-04-05,7 day R,2020-10-18,DE,0.025,quantile,1.39
2021-04-05,7 day R,2020-10-19,DE,0.025,quantile,1.41
2021-04-05,7 day R,2020-10-20,DE,0.025,quantile,1.44
2021-04-05,7 day R,2020-10-21,DE,0.025,quantile,1.42
2021-04-05,7 day R,2020-10-22,DE,0.025,quantile,1.38
2021-04-05,7 day R,2020-10-23,DE,0.025,quantile,1.33
2021-04-05,7 day R,2020-10-24,DE,0.025,quantile,1.28
2021-04-05,7 day R,2020-10-25,DE,0.025,quantile,1.25
2021-04-05,7 day R,2020-10-26,DE,0.025,quantile,1.2
2021-04-05,7 day R,2020-10-27,DE,0.025,quantile,1.16
2021-04-05,7 day R,2020-10-28,DE,0.025,quantile,1.12
2021-04-05,7 day R,2020-10-29,DE,0.025,quantile,1.08
2021-04-05,7 day R,2020-10-30,DE,0.025,quantile,1.05
2021-04-05,7 day R,2020-10-31,DE,0.025,quantile,1.04
2021-04-05,7 day R,2020-11-01,DE,0.025,quantile,1.03
2021-04-05,7 day R,2020-11-02,DE,0.025,quantile,1.03
2021-04-05,7 day R,2020-11-03,DE,0.025,quantile,1.02
2021-04-05,7 day R,2020-11-04,DE,0.025,quantile,1.01
2021-04-05,7 day R,2020-11-05,DE,0.025,quantile,0.99
2021-04-05,7 day R,2020-11-06,DE,0.025,quantile,0.98
2021-04-05,7 day R,2020-11-07,DE,0.025,quantile,0.97
2021-04-05,7 day R,2020-11-08,DE,0.025,quantile,0.95
2021-04-05,7 day R,2020-11-09,DE,0.025,quantile,0.96
2021-04-05,7 day R,2020-11-10,DE,0.025,quantile,0.96
2021-04-05,7 day R,2020-11-11,DE,0.025,quantile,0.98
2021-04-05,7 day R,2020-11-12,DE,0.025,quantile,1.02
2021-04-05,7 day R,2020-11-13,DE,0.025,quantile,1.03
2021-04-05,7 day R,2020-11-14,DE,0.025,quantile,1.05
2021-04-05,7 day R,2020-11-15,DE,0.025,quantile,1.05
2021-04-05,7 day R,2020-11-16,DE,0.025,quantile,1.04
2021-04-05,7 day R,2020-11-17,DE,0.025,quantile,1.03
2021-04-05,7 day R,2020-11-18,DE,0.025,quantile,1.02
2021-04-05,7 day R,2020-11-19,DE,0.025,quantile,0.99
2021-04-05,7 day R,2020-11-20,DE,0.025,quantile,0.97
2021-04-05,7 day R,2020-11-21,DE,0.025,quantile,0.95
2021-04-05,7 day R,2020-11-22,DE,0.025,quantile,0.94
2021-04-05,7 day R,2020-11-23,DE,0.025,quantile,0.93
2021-04-05,7 day R,2020-11-24,DE,0.025,quantile,0.93
2021-04-05,7 day R,2020-11-25,DE,0.025,quantile,0.94
2021-04-05,7 day R,2020-11-26,DE,0.025,quantile,0.95
2021-04-05,7 day R,2020-11-27,DE,0.025,quantile,0.98
2021-04-05,7 day R,2020-11-28,DE,0.025,quantile,1.0
2021-04-05,7 day R,2020-11-29,DE,0.025,quantile,1.03
2021-04-05,7 day R,2020-11-30,DE,0.025,quantile,1.06
2021-04-05,7 day R,2020-12-01,DE,0.025,quantile,1.08
2021-04-05,7 day R,2020-12-02,DE,0.025,quantile,1.12
2021-04-05,7 day R,2020-12-03,DE,0.025,quantile,1.14
2021-04-05,7 day R,2020-12-04,DE,0.025,quantile,1.15
2021-04-05,7 day R,2020-12-05,DE,0.025,quantile,1.16
2021-04-05,7 day R,2020-12-06,DE,0.025,quantile,1.16
2021-04-05,7 day R,2020-12-07,DE,0.025,quantile,1.15
2021-04-05,7 day R,2020-12-08,DE,0.025,quantile,1.14
2021-04-05,7 day R,2020-12-09,DE,0.025,quantile,1.13
2021-04-05,7 day R,2020-12-10,DE,0.025,quantile,1.1
2021-04-05,7 day R,2020-12-11,DE,0.025,quantile,1.08
2021-04-05,7 day R,2020-12-12,DE,0.025,quantile,1.06
2021-04-05,7 day R,2020-12-13,DE,0.025,quantile,1.05
2021-04-05,7 day R,2020-12-14,DE,0.025,quantile,1.04
2021-04-05,7 day R,2020-12-15,DE,0.025,quantile,1.02
2021-04-05,7 day R,2020-12-16,DE,0.025,quantile,1.01
2021-04-05,7 day R,2020-12-17,DE,0.025,quantile,0.99
2021-04-05,7 day R,2020-12-18,DE,0.025,quantile,0.97
2021-04-05,7 day R,2020-12-19,DE,0.025,quantile,0.96
2021-04-05,7 day R,2020-12-20,DE,0.025,quantile,0.93
2021-04-05,7 day R,2020-12-21,DE,0.025,quantile,0.91
2021-04-05,7 day R,2020-12-22,DE,0.025,quantile,0.88
2021-04-05,7 day R,2020-12-23,DE,0.025,quantile,0.85
2021-04-05,7 day R,2020-12-24,DE,0.025,quantile,0.82
2021-04-05,7 day R,2020-12-25,DE,0.025,quantile,0.83
2021-04-05,7 day R,2020-12-26,DE,0.025,quantile,0.85
2021-04-05,7 day R,2020-12-27,DE,0.025,quantile,0.89
2021-04-05,7 day R,2020-12-28,DE,0.025,quantile,0.93
2021-04-05,7 day R,2020-12-29,DE,0.025,quantile,0.94
2021-04-05,7 day R,2020-12-30,DE,0.025,quantile,0.94
2021-04-05,7 day R,2020-12-31,DE,0.025,quantile,0.95
2021-04-05,7 day R,2021-01-01,DE,0.025,quantile,0.96
2021-04-05,7 day R,2021-01-02,DE,0.025,quantile,0.98
2021-04-05,7 day R,2021-01-03,DE,0.025,quantile,0.98
2021-04-05,7 day R,2021-01-04,DE,0.025,quantile,0.99
2021-04-05,7 day R,2021-01-05,DE,0.025,quantile,0.99
2021-04-05,7 day R,2021-01-06,DE,0.025,quantile,1.01
2021-04-05,7 day R,2021-01-07,DE,0.025,quantile,1.02
2021-04-05,7 day R,2021-01-08,DE,0.025,quantile,0.99
2021-04-05,7 day R,2021-01-09,DE,0.025,quantile,0.96
2021-04-05,7 day R,2021-01-10,DE,0.025,quantile,0.91
2021-04-05,7 day R,2021-01-11,DE,0.025,quantile,0.87
2021-04-05,7 day R,2021-01-12,DE,0.025,quantile,0.87
2021-04-05,7 day R,2021-01-13,DE,0.025,quantile,0.88
2021-04-05,7 day R,2021-01-14,DE,0.025,quantile,0.9
2021-04-05,7 day R,2021-01-15,DE,0.025,quantile,0.92
2021-04-05,7 day R,2021-01-16,DE,0.025,quantile,0.92
2021-04-05,7 day R,2021-01-17,DE,0.025,quantile,0.93
2021-04-05,7 day R,2021-01-18,DE,0.025,quantile,0.94
2021-04-05,7 day R,2021-01-19,DE,0.025,quantile,0.94
2021-04-05,7 day R,2021-01-20,DE,0.025,quantile,0.94
2021-04-05,7 day R,2021-01-21,DE,0.025,quantile,0.93
2021-04-05,7 day R,2021-01-22,DE,0.025,quantile,0.92
2021-04-05,7 day R,2021-01-23,DE,0.025,quantile,0.92
2021-04-05,7 day R,2021-01-24,DE,0.025,quantile,0.9
2021-04-05,7 day R,2021-01-25,DE,0.025,quantile,0.89
2021-04-05,7 day R,2021-01-26,DE,0.025,quantile,0.88
2021-04-05,7 day R,2021-01-27,DE,0.025,quantile,0.88
2021-04-05,7 day R,2021-01-28,DE,0.025,quantile,0.88
2021-04-05,7 day R,2021-01-29,DE,0.025,quantile,0.89
2021-04-05,7 day R,2021-01-30,DE,0.025,quantile,0.9
2021-04-05,7 day R,2021-01-31,DE,0.025,quantile,0.89
2021-04-05,7 day R,2021-02-01,DE,0.025,quantile,0.89
2021-04-05,7 day R,2021-02-02,DE,0.025,quantile,0.89
2021-04-05,7 day R,2021-02-03,DE,0.025,quantile,0.89
2021-04-05,7 day R,2021-02-04,DE,0.025,quantile,0.89
2021-04-05,7 day R,2021-02-05,DE,0.025,quantile,0.89
2021-04-05,7 day R,2021-02-06,DE,0.025,quantile,0.89
2021-04-05,7 day R,2021-02-07,DE,0.025,quantile,0.88
2021-04-05,7 day R,2021-02-08,DE,0.025,quantile,0.88
2021-04-05,7 day R,2021-02-09,DE,0.025,quantile,0.88
2021-04-05,7 day R,2021-02-10,DE,0.025,quantile,0.89
2021-04-05,7 day R,2021-02-11,DE,0.025,quantile,0.91
2021-04-05,7 day R,2021-02-12,DE,0.025,quantile,0.93
2021-04-05,7 day R,2021-02-13,DE,0.025,quantile,0.96
2021-04-05,7 day R,2021-02-14,DE,0.025,quantile,0.99
2021-04-05,7 day R,2021-02-15,DE,0.025,quantile,1.01
2021-04-05,7 day R,2021-02-16,DE,0.025,quantile,1.03
2021-04-05,7 day R,2021-02-17,DE,0.025,quantile,1.05
2021-04-05,7 day R,2021-02-18,DE,0.025,quantile,1.05
2021-04-05,7 day R,2021-02-19,DE,0.025,quantile,1.06
2021-04-05,7 day R,2021-02-20,DE,0.025,quantile,1.06
2021-04-05,7 day R,2021-02-21,DE,0.025,quantile,1.04
2021-04-05,7 day R,2021-02-22,DE,0.025,quantile,1.04
2021-04-05,7 day R,2021-02-23,DE,0.025,quantile,1.02
2021-04-05,7 day R,2021-02-24,DE,0.025,quantile,1.01
2021-04-05,7 day R,2021-02-25,DE,0.025,quantile,1.01
2021-04-05,7 day R,2021-02-26,DE,0.025,quantile,0.99
2021-04-05,7 day R,2021-02-27,DE,0.025,quantile,1.0
2021-04-05,7 day R,2021-02-28,DE,0.025,quantile,1.01
2021-04-05,7 day R,2021-03-01,DE,0.025,quantile,1.01
2021-04-05,7 day R,2021-03-02,DE,0.025,quantile,1.03
2021-04-05,7 day R,2021-03-03,DE,0.025,quantile,1.05
2021-04-05,7 day R,2021-03-04,DE,0.025,quantile,1.06
2021-04-05,7 day R,2021-03-05,DE,0.025,quantile,1.08
2021-04-05,7 day R,2021-03-06,DE,0.025,quantile,1.09
2021-04-05,7 day R,2021-03-07,DE,0.025,quantile,1.11
2021-04-05,7 day R,2021-03-08,DE,0.025,quantile,1.13
2021-04-05,7 day R,2021-03-09,DE,0.025,quantile,1.14
2021-04-05,7 day R,2021-03-10,DE,0.025,quantile,1.16
2021-04-05,7 day R,2021-03-11,DE,0.025,quantile,1.16
2021-04-05,7 day R,2021-03-12,DE,0.025,quantile,1.16
2021-04-05,7 day R,2021-03-13,DE,0.025,quantile,1.16
2021-04-05,7 day R,2021-03-14,DE,0.025,quantile,1.17
2021-04-05,7 day R,2021-03-15,DE,0.025,quantile,1.16
2021-04-05,7 day R,2021-03-16,DE,0.025,quantile,1.16
2021-04-05,7 day R,2021-03-17,DE,0.025,quantile,1.15
2021-04-05,7 day R,2021-03-18,DE,0.025,quantile,1.13
2021-04-05,7 day R,2021-03-19,DE,0.025,quantile,1.12
2021-04-05,7 day R,2021-03-20,DE,0.025,quantile,1.12
2021-04-05,7 day R,2021-03-21,DE,0.025,quantile,1.12
2021-04-05,7 day R,2021-03-22,DE,0.025,quantile,1.13
2021-04-05,7 day R,2021-03-23,DE,0.025,quantile,1.12
2021-04-05,7 day R,2021-03-24,DE,0.025,quantile,1.1
2021-04-05,7 day R,2021-03-25,DE,0.025,quantile,1.07
2021-04-05,7 day R,2021-03-26,DE,0.025,quantile,1.03
2021-04-05,7 day R,2021-03-27,DE,0.025,quantile,1.0
2021-04-05,7 day R,2021-03-28,DE,0.025,quantile,0.97
2021-04-05,7 day R,2021-03-29,DE,0.025,quantile,0.93
2021-04-05,7 day R,2021-03-30,DE,0.025,quantile,0.89
2021-04-05,7 day R,2021-03-31,DE,0.025,quantile,0.84
2021-04-05,7 day R,2020-03-06,DE,0.975,quantile,2.39
2021-04-05,7 day R,2020-03-07,DE,0.975,quantile,2.61
2021-04-05,7 day R,2020-03-08,DE,0.975,quantile,2.98
2021-04-05,7 day R,2020-03-09,DE,0.975,quantile,3.18
2021-04-05,7 day R,2020-03-10,DE,0.975,quantile,3.26
2021-04-05,7 day R,2020-03-11,DE,0.975,quantile,3.16
2021-04-05,7 day R,2020-03-12,DE,0.975,quantile,2.87
2021-04-05,7 day R,2020-03-13,DE,0.975,quantile,2.52
2021-04-05,7 day R,2020-03-14,DE,0.975,quantile,2.2
2021-04-05,7 day R,2020-03-15,DE,0.975,quantile,2.0
2021-04-05,7 day R,2020-03-16,DE,0.975,quantile,1.75
2021-04-05,7 day R,2020-03-17,DE,0.975,quantile,1.57
2021-04-05,7 day R,2020-03-18,DE,0.975,quantile,1.4
2021-04-05,7 day R,2020-03-19,DE,0.975,quantile,1.24
2021-04-05,7 day R,2020-03-20,DE,0.975,quantile,1.14
2021-04-05,7 day R,2020-03-21,DE,0.975,quantile,1.04
2021-04-05,7 day R,2020-03-22,DE,0.975,quantile,0.98
2021-04-05,7 day R,2020-03-23,DE,0.975,quantile,0.92
2021-04-05,7 day R,2020-03-24,DE,0.975,quantile,0.9
2021-04-05,7 day R,2020-03-25,DE,0.975,quantile,0.9
2021-04-05,7 day R,2020-03-26,DE,0.975,quantile,0.89
2021-04-05,7 day R,2020-03-27,DE,0.975,quantile,0.9
2021-04-05,7 day R,2020-03-28,DE,0.975,quantile,0.91
2021-04-05,7 day R,2020-03-29,DE,0.975,quantile,0.91
2021-04-05,7 day R,2020-03-30,DE,0.975,quantile,0.93
2021-04-05,7 day R,2020-03-31,DE,0.975,quantile,0.93
2021-04-05,7 day R,2020-04-01,DE,0.975,quantile,0.94
2021-04-05,7 day R,2020-04-02,DE,0.975,quantile,0.95
2021-04-05,7 day R,2020-04-03,DE,0.975,quantile,0.94
2021-04-05,7 day R,2020-04-04,DE,0.975,quantile,0.93
2021-04-05,7 day R,2020-04-05,DE,0.975,quantile,0.9
2021-04-05,7 day R,2020-04-06,DE,0.975,quantile,0.89
2021-04-05,7 day R,2020-04-07,DE,0.975,quantile,0.88
2021-04-05,7 day R,2020-04-08,DE,0.975,quantile,0.86
2021-04-05,7 day R,2020-04-09,DE,0.975,quantile,0.84
2021-04-05,7 day R,2020-04-10,DE,0.975,quantile,0.81
2021-04-05,7 day R,2020-04-11,DE,0.975,quantile,0.82
2021-04-05,7 day R,2020-04-12,DE,0.975,quantile,0.79
2021-04-05,7 day R,2020-04-13,DE,0.975,quantile,0.79
2021-04-05,7 day R,2020-04-14,DE,0.975,quantile,0.78
2021-04-05,7 day R,2020-04-15,DE,0.975,quantile,0.76
2021-04-05,7 day R,2020-04-16,DE,0.975,quantile,0.79
2021-04-05,7 day R,2020-04-17,DE,0.975,quantile,0.81
2021-04-05,7 day R,2020-04-18,DE,0.975,quantile,0.82
2021-04-05,7 day R,2020-04-19,DE,0.975,quantile,0.85
2021-04-05,7 day R,2020-04-20,DE,0.975,quantile,0.85
2021-04-05,7 day R,2020-04-21,DE,0.975,quantile,0.83
2021-04-05,7 day R,2020-04-22,DE,0.975,quantile,0.84
2021-04-05,7 day R,2020-04-23,DE,0.975,quantile,0.82
2021-04-05,7 day R,2020-04-24,DE,0.975,quantile,0.82
2021-04-05,7 day R,2020-04-25,DE,0.975,quantile,0.84
2021-04-05,7 day R,2020-04-26,DE,0.975,quantile,0.83
2021-04-05,7 day R,2020-04-27,DE,0.975,quantile,0.83
2021-04-05,7 day R,2020-04-28,DE,0.975,quantile,0.82
2021-04-05,7 day R,2020-04-29,DE,0.975,quantile,0.82
2021-04-05,7 day R,2020-04-30,DE,0.975,quantile,0.83
2021-04-05,7 day R,2020-05-01,DE,0.975,quantile,0.84
2021-04-05,7 day R,2020-05-02,DE,0.975,quantile,0.87
2021-04-05,7 day R,2020-05-03,DE,0.975,quantile,0.88
2021-04-05,7 day R,2020-05-04,DE,0.975,quantile,0.9
2021-04-05,7 day R,2020-05-05,DE,0.975,quantile,0.92
2021-04-05,7 day R,2020-05-06,DE,0.975,quantile,0.9
2021-04-05,7 day R,2020-05-07,DE,0.975,quantile,0.91
2021-04-05,7 day R,2020-05-08,DE,0.975,quantile,0.9
2021-04-05,7 day R,2020-05-09,DE,0.975,quantile,0.88
2021-04-05,7 day R,2020-05-10,DE,0.975,quantile,0.88
2021-04-05,7 day R,2020-05-11,DE,0.975,quantile,0.86
2021-04-05,7 day R,2020-05-12,DE,0.975,quantile,0.86
2021-04-05,7 day R,2020-05-13,DE,0.975,quantile,0.86
2021-04-05,7 day R,2020-05-14,DE,0.975,quantile,0.91
2021-04-05,7 day R,2020-05-15,DE,0.975,quantile,0.94
2021-04-05,7 day R,2020-05-16,DE,0.975,quantile,0.95
2021-04-05,7 day R,2020-05-17,DE,0.975,quantile,0.97
2021-04-05,7 day R,2020-05-18,DE,0.975,quantile,0.94
2021-04-05,7 day R,2020-05-19,DE,0.975,quantile,0.93
2021-04-05,7 day R,2020-05-20,DE,0.975,quantile,0.93
2021-04-05,7 day R,2020-05-21,DE,0.975,quantile,0.86
2021-04-05,7 day R,2020-05-22,DE,0.975,quantile,0.85
2021-04-05,7 day R,2020-05-23,DE,0.975,quantile,0.84
2021-04-05,7 day R,2020-05-24,DE,0.975,quantile,0.83
2021-04-05,7 day R,2020-05-25,DE,0.975,quantile,0.89
2021-04-05,7 day R,2020-05-26,DE,0.975,quantile,0.91
2021-04-05,7 day R,2020-05-27,DE,0.975,quantile,0.93
2021-04-05,7 day R,2020-05-28,DE,0.975,quantile,0.96
2021-04-05,7 day R,2020-05-29,DE,0.975,quantile,0.94
2021-04-05,7 day R,2020-05-30,DE,0.975,quantile,0.94
2021-04-05,7 day R,2020-05-31,DE,0.975,quantile,0.89
2021-04-05,7 day R,2020-06-01,DE,0.975,quantile,0.91
2021-04-05,7 day R,2020-06-02,DE,0.975,quantile,0.91
2021-04-05,7 day R,2020-06-03,DE,0.975,quantile,0.94
2021-04-05,7 day R,2020-06-04,DE,0.975,quantile,0.98
2021-04-05,7 day R,2020-06-05,DE,0.975,quantile,0.98
2021-04-05,7 day R,2020-06-06,DE,0.975,quantile,0.99
2021-04-05,7 day R,2020-06-07,DE,0.975,quantile,1.03
2021-04-05,7 day R,2020-06-08,DE,0.975,quantile,1.05
2021-04-05,7 day R,2020-06-09,DE,0.975,quantile,1.06
2021-04-05,7 day R,2020-06-10,DE,0.975,quantile,1.09
2021-04-05,7 day R,2020-06-11,DE,0.975,quantile,1.07
2021-04-05,7 day R,2020-06-12,DE,0.975,quantile,1.1
2021-04-05,7 day R,2020-06-13,DE,0.975,quantile,1.14
2021-04-05,7 day R,2020-06-14,DE,0.975,quantile,1.22
2021-04-05,7 day R,2020-06-15,DE,0.975,quantile,1.46
2021-04-05,7 day R,2020-06-16,DE,0.975,quantile,1.51
2021-04-05,7 day R,2020-06-17,DE,0.975,quantile,1.5
2021-04-05,7 day R,2020-06-18,DE,0.975,quantile,1.45
2021-04-05,7 day R,2020-06-19,DE,0.975,quantile,1.22
2021-04-05,7 day R,2020-06-20,DE,0.975,quantile,1.15
2021-04-05,7 day R,2020-06-21,DE,0.975,quantile,1.06
2021-04-05,7 day R,2020-06-22,DE,0.975,quantile,0.84
2021-04-05,7 day R,2020-06-23,DE,0.975,quantile,0.78
2021-04-05,7 day R,2020-06-24,DE,0.975,quantile,0.74
2021-04-05,7 day R,2020-06-25,DE,0.975,quantile,0.74
2021-04-05,7 day R,2020-06-26,DE,0.975,quantile,0.86
2021-04-05,7 day R,2020-06-27,DE,0.975,quantile,0.89
2021-04-05,7 day R,2020-06-28,DE,0.975,quantile,0.91
2021-04-05,7 day R,2020-06-29,DE,0.975,quantile,0.95
2021-04-05,7 day R,2020-06-30,DE,0.975,quantile,0.97
2021-04-05,7 day R,2020-07-01,DE,0.975,quantile,0.96
2021-04-05,7 day R,2020-07-02,DE,0.975,quantile,0.95
2021-04-05,7 day R,2020-07-03,DE,0.975,quantile,0.93
2021-04-05,7 day R,2020-07-04,DE,0.975,quantile,0.94
2021-04-05,7 day R,2020-07-05,DE,0.975,quantile,0.95
2021-04-05,7 day R,2020-07-06,DE,0.975,quantile,0.96
2021-04-05,7 day R,2020-07-07,DE,0.975,quantile,0.95
2021-04-05,7 day R,2020-07-08,DE,0.975,quantile,0.97
2021-04-05,7 day R,2020-07-09,DE,0.975,quantile,1.03
2021-04-05,7 day R,2020-07-10,DE,0.975,quantile,1.1
2021-04-05,7 day R,2020-07-11,DE,0.975,quantile,1.14
2021-04-05,7 day R,2020-07-12,DE,0.975,quantile,1.2
2021-04-05,7 day R,2020-07-13,DE,0.975,quantile,1.21
2021-04-05,7 day R,2020-07-14,DE,0.975,quantile,1.25
2021-04-05,7 day R,2020-07-15,DE,0.975,quantile,1.26
2021-04-05,7 day R,2020-07-16,DE,0.975,quantile,1.22
2021-04-05,7 day R,2020-07-17,DE,0.975,quantile,1.19
2021-04-05,7 day R,2020-07-18,DE,0.975,quantile,1.17
2021-04-05,7 day R,2020-07-19,DE,0.975,quantile,1.18
2021-04-05,7 day R,2020-07-20,DE,0.975,quantile,1.2
2021-04-05,7 day R,2020-07-21,DE,0.975,quantile,1.22
2021-04-05,7 day R,2020-07-22,DE,0.975,quantile,1.22
2021-04-05,7 day R,2020-07-23,DE,0.975,quantile,1.21
2021-04-05,7 day R,2020-07-24,DE,0.975,quantile,1.19
2021-04-05,7 day R,2020-07-25,DE,0.975,quantile,1.16
2021-04-05,7 day R,2020-07-26,DE,0.975,quantile,1.14
2021-04-05,7 day R,2020-07-27,DE,0.975,quantile,1.11
2021-04-05,7 day R,2020-07-28,DE,0.975,quantile,1.08
2021-04-05,7 day R,2020-07-29,DE,0.975,quantile,1.08
2021-04-05,7 day R,2020-07-30,DE,0.975,quantile,1.07
2021-04-05,7 day R,2020-07-31,DE,0.975,quantile,1.1
2021-04-05,7 day R,2020-08-01,DE,0.975,quantile,1.15
2021-04-05,7 day R,2020-08-02,DE,0.975,quantile,1.18
2021-04-05,7 day R,2020-08-03,DE,0.975,quantile,1.21
2021-04-05,7 day R,2020-08-04,DE,0.975,quantile,1.21
2021-04-05,7 day R,2020-08-05,DE,0.975,quantile,1.2
2021-04-05,7 day R,2020-08-06,DE,0.975,quantile,1.19
2021-04-05,7 day R,2020-08-07,DE,0.975,quantile,1.18
2021-04-05,7 day R,2020-08-08,DE,0.975,quantile,1.15
2021-04-05,7 day R,2020-08-09,DE,0.975,quantile,1.16
2021-04-05,7 day R,2020-08-10,DE,0.975,quantile,1.16
2021-04-05,7 day R,2020-08-11,DE,0.975,quantile,1.18
2021-04-05,7 day R,2020-08-12,DE,0.975,quantile,1.2
2021-04-05,7 day R,2020-08-13,DE,0.975,quantile,1.19
2021-04-05,7 day R,2020-08-14,DE,0.975,quantile,1.16
2021-04-05,7 day R,2020-08-15,DE,0.975,quantile,1.13
2021-04-05,7 day R,2020-08-16,DE,0.975,quantile,1.09
2021-04-05,7 day R,2020-08-17,DE,0.975,quantile,1.07
2021-04-05,7 day R,2020-08-18,DE,0.975,quantile,1.04
2021-04-05,7 day R,2020-08-19,DE,0.975,quantile,1.01
2021-04-05,7 day R,2020-08-20,DE,0.975,quantile,0.99
2021-04-05,7 day R,2020-08-21,DE,0.975,quantile,0.96
2021-04-05,7 day R,2020-08-22,DE,0.975,quantile,0.96
2021-04-05,7 day R,2020-08-23,DE,0.975,quantile,0.99
2021-04-05,7 day R,2020-08-24,DE,0.975,quantile,0.99
2021-04-05,7 day R,2020-08-25,DE,0.975,quantile,0.99
2021-04-05,7 day R,2020-08-26,DE,0.975,quantile,1.0
2021-04-05,7 day R,2020-08-27,DE,0.975,quantile,0.99
2021-04-05,7 day R,2020-08-28,DE,0.975,quantile,0.99
2021-04-05,7 day R,2020-08-29,DE,0.975,quantile,0.99
2021-04-05,7 day R,2020-08-30,DE,0.975,quantile,0.97
2021-04-05,7 day R,2020-08-31,DE,0.975,quantile,0.99
2021-04-05,7 day R,2020-09-01,DE,0.975,quantile,1.02
2021-04-05,7 day R,2020-09-02,DE,0.975,quantile,1.04
2021-04-05,7 day R,2020-09-03,DE,0.975,quantile,1.07
2021-04-05,7 day R,2020-09-04,DE,0.975,quantile,1.08
2021-04-05,7 day R,2020-09-05,DE,0.975,quantile,1.09
2021-04-05,7 day R,2020-09-06,DE,0.975,quantile,1.11
2021-04-05,7 day R,2020-09-07,DE,0.975,quantile,1.11
2021-04-05,7 day R,2020-09-08,DE,0.975,quantile,1.11
2021-04-05,7 day R,2020-09-09,DE,0.975,quantile,1.12
2021-04-05,7 day R,2020-09-10,DE,0.975,quantile,1.13
2021-04-05,7 day R,2020-09-11,DE,0.975,quantile,1.16
2021-04-05,7 day R,2020-09-12,DE,0.975,quantile,1.16
2021-04-05,7 day R,2020-09-13,DE,0.975,quantile,1.17
2021-04-05,7 day R,2020-09-14,DE,0.975,quantile,1.16
2021-04-05,7 day R,2020-09-15,DE,0.975,quantile,1.15
2021-04-05,7 day R,2020-09-16,DE,0.975,quantile,1.13
2021-04-05,7 day R,2020-09-17,DE,0.975,quantile,1.08
2021-04-05,7 day R,2020-09-18,DE,0.975,quantile,1.05
2021-04-05,7 day R,2020-09-19,DE,0.975,quantile,1.02
2021-04-05,7 day R,2020-09-20,DE,0.975,quantile,1.02
2021-04-05,7 day R,2020-09-21,DE,0.975,quantile,1.03
2021-04-05,7 day R,2020-09-22,DE,0.975,quantile,1.05
2021-04-05,7 day R,2020-09-23,DE,0.975,quantile,1.07
2021-04-05,7 day R,2020-09-24,DE,0.975,quantile,1.1
2021-04-05,7 day R,2020-09-25,DE,0.975,quantile,1.12
2021-04-05,7 day R,2020-09-26,DE,0.975,quantile,1.13
2021-04-05,7 day R,2020-09-27,DE,0.975,quantile,1.13
2021-04-05,7 day R,2020-09-28,DE,0.975,quantile,1.14
2021-04-05,7 day R,2020-09-29,DE,0.975,quantile,1.16
2021-04-05,7 day R,2020-09-30,DE,0.975,quantile,1.2
2021-04-05,7 day R,2020-10-01,DE,0.975,quantile,1.24
2021-04-05,7 day R,2020-10-02,DE,0.975,quantile,1.29
2021-04-05,7 day R,2020-10-03,DE,0.975,quantile,1.33
2021-04-05,7 day R,2020-10-04,DE,0.975,quantile,1.37
2021-04-05,7 day R,2020-10-05,DE,0.975,quantile,1.39
2021-04-05,7 day R,2020-10-06,DE,0.975,quantile,1.4
2021-04-05,7 day R,2020-10-07,DE,0.975,quantile,1.4
2021-04-05,7 day R,2020-10-08,DE,0.975,quantile,1.36
2021-04-05,7 day R,2020-10-09,DE,0.975,quantile,1.32
2021-04-05,7 day R,2020-10-10,DE,0.975,quantile,1.3
2021-04-05,7 day R,2020-10-11,DE,0.975,quantile,1.3
2021-04-05,7 day R,2020-10-12,DE,0.975,quantile,1.32
2021-04-05,7 day R,2020-10-13,DE,0.975,quantile,1.35
2021-04-05,7 day R,2020-10-14,DE,0.975,quantile,1.37
2021-04-05,7 day R,2020-10-15,DE,0.975,quantile,1.39
2021-04-05,7 day R,2020-10-16,DE,0.975,quantile,1.38
2021-04-05,7 day R,2020-10-17,DE,0.975,quantile,1.38
2021-04-05,7 day R,2020-10-18,DE,0.975,quantile,1.41
2021-04-05,7 day R,2020-10-19,DE,0.975,quantile,1.43
2021-04-05,7 day R,2020-10-20,DE,0.975,quantile,1.45
2021-04-05,7 day R,2020-10-21,DE,0.975,quantile,1.44
2021-04-05,7 day R,2020-10-22,DE,0.975,quantile,1.4
2021-04-05,7 day R,2020-10-23,DE,0.975,quantile,1.34
2021-04-05,7 day R,2020-10-24,DE,0.975,quantile,1.29
2021-04-05,7 day R,2020-10-25,DE,0.975,quantile,1.26
2021-04-05,7 day R,2020-10-26,DE,0.975,quantile,1.21
2021-04-05,7 day R,2020-10-27,DE,0.975,quantile,1.17
2021-04-05,7 day R,2020-10-28,DE,0.975,quantile,1.13
2021-04-05,7 day R,2020-10-29,DE,0.975,quantile,1.09
2021-04-05,7 day R,2020-10-30,DE,0.975,quantile,1.06
2021-04-05,7 day R,2020-10-31,DE,0.975,quantile,1.04
2021-04-05,7 day R,2020-11-01,DE,0.975,quantile,1.04
2021-04-05,7 day R,2020-11-02,DE,0.975,quantile,1.04
2021-04-05,7 day R,2020-11-03,DE,0.975,quantile,1.03
2021-04-05,7 day R,2020-11-04,DE,0.975,quantile,1.02
2021-04-05,7 day R,2020-11-05,DE,0.975,quantile,1.0
2021-04-05,7 day R,2020-11-06,DE,0.975,quantile,0.99
2021-04-05,7 day R,2020-11-07,DE,0.975,quantile,0.98
2021-04-05,7 day R,2020-11-08,DE,0.975,quantile,0.96
2021-04-05,7 day R,2020-11-09,DE,0.975,quantile,0.97
2021-04-05,7 day R,2020-11-10,DE,0.975,quantile,0.97
2021-04-05,7 day R,2020-11-11,DE,0.975,quantile,0.99
2021-04-05,7 day R,2020-11-12,DE,0.975,quantile,1.03
2021-04-05,7 day R,2020-11-13,DE,0.975,quantile,1.04
2021-04-05,7 day R,2020-11-14,DE,0.975,quantile,1.05
2021-04-05,7 day R,2020-11-15,DE,0.975,quantile,1.06
2021-04-05,7 day R,2020-11-16,DE,0.975,quantile,1.05
2021-04-05,7 day R,2020-11-17,DE,0.975,quantile,1.04
2021-04-05,7 day R,2020-11-18,DE,0.975,quantile,1.03
2021-04-05,7 day R,2020-11-19,DE,0.975,quantile,1.0
2021-04-05,7 day R,2020-11-20,DE,0.975,quantile,0.98
2021-04-05,7 day R,2020-11-21,DE,0.975,quantile,0.96
2021-04-05,7 day R,2020-11-22,DE,0.975,quantile,0.94
2021-04-05,7 day R,2020-11-23,DE,0.975,quantile,0.94
2021-04-05,7 day R,2020-11-24,DE,0.975,quantile,0.94
2021-04-05,7 day R,2020-11-25,DE,0.975,quantile,0.95
2021-04-05,7 day R,2020-11-26,DE,0.975,quantile,0.96
2021-04-05,7 day R,2020-11-27,DE,0.975,quantile,0.98
2021-04-05,7 day R,2020-11-28,DE,0.975,quantile,1.01
2021-04-05,7 day R,2020-11-29,DE,0.975,quantile,1.04
2021-04-05,7 day R,2020-11-30,DE,0.975,quantile,1.07
2021-04-05,7 day R,2020-12-01,DE,0.975,quantile,1.09
2021-04-05,7 day R,2020-12-02,DE,0.975,quantile,1.13
2021-04-05,7 day R,2020-12-03,DE,0.975,quantile,1.15
2021-04-05,7 day R,2020-12-04,DE,0.975,quantile,1.16
2021-04-05,7 day R,2020-12-05,DE,0.975,quantile,1.17
2021-04-05,7 day R,2020-12-06,DE,0.975,quantile,1.16
2021-04-05,7 day R,2020-12-07,DE,0.975,quantile,1.16
2021-04-05,7 day R,2020-12-08,DE,0.975,quantile,1.15
2021-04-05,7 day R,2020-12-09,DE,0.975,quantile,1.13
2021-04-05,7 day R,2020-12-10,DE,0.975,quantile,1.11
2021-04-05,7 day R,2020-12-11,DE,0.975,quantile,1.09
2021-04-05,7 day R,2020-12-12,DE,0.975,quantile,1.07
2021-04-05,7 day R,2020-12-13,DE,0.975,quantile,1.06
2021-04-05,7 day R,2020-12-14,DE,0.975,quantile,1.04
2021-04-05,7 day R,2020-12-15,DE,0.975,quantile,1.03
2021-04-05,7 day R,2020-12-16,DE,0.975,quantile,1.01
2021-04-05,7 day R,2020-12-17,DE,0.975,quantile,1.0
2021-04-05,7 day R,2020-12-18,DE,0.975,quantile,0.98
2021-04-05,7 day R,2020-12-19,DE,0.975,quantile,0.96
2021-04-05,7 day R,2020-12-20,DE,0.975,quantile,0.94
2021-04-05,7 day R,2020-12-21,DE,0.975,quantile,0.91
2021-04-05,7 day R,2020-12-22,DE,0.975,quantile,0.88
2021-04-05,7 day R,2020-12-23,DE,0.975,quantile,0.85
2021-04-05,7 day R,2020-12-24,DE,0.975,quantile,0.83
2021-04-05,7 day R,2020-12-25,DE,0.975,quantile,0.83
2021-04-05,7 day R,2020-12-26,DE,0.975,quantile,0.86
2021-04-05,7 day R,2020-12-27,DE,0.975,quantile,0.9
2021-04-05,7 day R,2020-12-28,DE,0.975,quantile,0.94
2021-04-05,7 day R,2020-12-29,DE,0.975,quantile,0.95
2021-04-05,7 day R,2020-12-30,DE,0.975,quantile,0.95
2021-04-05,7 day R,2020-12-31,DE,0.975,quantile,0.96
2021-04-05,7 day R,2021-01-01,DE,0.975,quantile,0.97
2021-04-05,7 day R,2021-01-02,DE,0.975,quantile,0.98
2021-04-05,7 day R,2021-01-03,DE,0.975,quantile,0.99
2021-04-05,7 day R,2021-01-04,DE,0.975,quantile,0.99
2021-04-05,7 day R,2021-01-05,DE,0.975,quantile,1.0
2021-04-05,7 day R,2021-01-06,DE,0.975,quantile,1.02
2021-04-05,7 day R,2021-01-07,DE,0.975,quantile,1.03
2021-04-05,7 day R,2021-01-08,DE,0.975,quantile,1.0
2021-04-05,7 day R,2021-01-09,DE,0.975,quantile,0.96
2021-04-05,7 day R,2021-01-10,DE,0.975,quantile,0.92
2021-04-05,7 day R,2021-01-11,DE,0.975,quantile,0.88
2021-04-05,7 day R,2021-01-12,DE,0.975,quantile,0.88
2021-04-05,7 day R,2021-01-13,DE,0.975,quantile,0.89
2021-04-05,7 day R,2021-01-14,DE,0.975,quantile,0.91
2021-04-05,7 day R,2021-01-15,DE,0.975,quantile,0.93
2021-04-05,7 day R,2021-01-16,DE,0.975,quantile,0.93
2021-04-05,7 day R,2021-01-17,DE,0.975,quantile,0.94
2021-04-05,7 day R,2021-01-18,DE,0.975,quantile,0.94
2021-04-05,7 day R,2021-01-19,DE,0.975,quantile,0.94
2021-04-05,7 day R,2021-01-20,DE,0.975,quantile,0.94
2021-04-05,7 day R,2021-01-21,DE,0.975,quantile,0.94
2021-04-05,7 day R,2021-01-22,DE,0.975,quantile,0.93
2021-04-05,7 day R,2021-01-23,DE,0.975,quantile,0.92
2021-04-05,7 day R,2021-01-24,DE,0.975,quantile,0.91
2021-04-05,7 day R,2021-01-25,DE,0.975,quantile,0.9
2021-04-05,7 day R,2021-01-26,DE,0.975,quantile,0.88
2021-04-05,7 day R,2021-01-27,DE,0.975,quantile,0.88
2021-04-05,7 day R,2021-01-28,DE,0.975,quantile,0.89
2021-04-05,7 day R,2021-01-29,DE,0.975,quantile,0.89
2021-04-05,7 day R,2021-01-30,DE,0.975,quantile,0.9
2021-04-05,7 day R,2021-01-31,DE,0.975,quantile,0.9
2021-04-05,7 day R,2021-02-01,DE,0.975,quantile,0.9
2021-04-05,7 day R,2021-02-02,DE,0.975,quantile,0.9
2021-04-05,7 day R,2021-02-03,DE,0.975,quantile,0.9
2021-04-05,7 day R,2021-02-04,DE,0.975,quantile,0.9
2021-04-05,7 day R,2021-02-05,DE,0.975,quantile,0.9
2021-04-05,7 day R,2021-02-06,DE,0.975,quantile,0.9
2021-04-05,7 day R,2021-02-07,DE,0.975,quantile,0.89
2021-04-05,7 day R,2021-02-08,DE,0.975,quantile,0.89
2021-04-05,7 day R,2021-02-09,DE,0.975,quantile,0.89
2021-04-05,7 day R,2021-02-10,DE,0.975,quantile,0.89
2021-04-05,7 day R,2021-02-11,DE,0.975,quantile,0.92
2021-04-05,7 day R,2021-02-12,DE,0.975,quantile,0.94
2021-04-05,7 day R,2021-02-13,DE,0.975,quantile,0.97
2021-04-05,7 day R,2021-02-14,DE,0.975,quantile,1.0
2021-04-05,7 day R,2021-02-15,DE,0.975,quantile,1.02
2021-04-05,7 day R,2021-02-16,DE,0.975,quantile,1.04
2021-04-05,7 day R,2021-02-17,DE,0.975,quantile,1.06
2021-04-05,7 day R,2021-02-18,DE,0.975,quantile,1.06
2021-04-05,7 day R,2021-02-19,DE,0.975,quantile,1.07
2021-04-05,7 day R,2021-02-20,DE,0.975,quantile,1.07
2021-04-05,7 day R,2021-02-21,DE,0.975,quantile,1.05
2021-04-05,7 day R,2021-02-22,DE,0.975,quantile,1.05
2021-04-05,7 day R,2021-02-23,DE,0.975,quantile,1.03
2021-04-05,7 day R,2021-02-24,DE,0.975,quantile,1.02
2021-04-05,7 day R,2021-02-25,DE,0.975,quantile,1.02
2021-04-05,7 day R,2021-02-26,DE,0.975,quantile,1.01
2021-04-05,7 day R,2021-02-27,DE,0.975,quantile,1.01
2021-04-05,7 day R,2021-02-28,DE,0.975,quantile,1.02
2021-04-05,7 day R,2021-03-01,DE,0.975,quantile,1.02
2021-04-05,7 day R,2021-03-02,DE,0.975,quantile,1.04
2021-04-05,7 day R,2021-03-03,DE,0.975,quantile,1.06
2021-04-05,7 day R,2021-03-04,DE,0.975,quantile,1.07
2021-04-05,7 day R,2021-03-05,DE,0.975,quantile,1.09
2021-04-05,7 day R,2021-03-06,DE,0.975,quantile,1.1
2021-04-05,7 day R,2021-03-07,DE,0.975,quantile,1.12
2021-04-05,7 day R,2021-03-08,DE,0.975,quantile,1.14
2021-04-05,7 day R,2021-03-09,DE,0.975,quantile,1.16
2021-04-05,7 day R,2021-03-10,DE,0.975,quantile,1.17
2021-04-05,7 day R,2021-03-11,DE,0.975,quantile,1.18
2021-04-05,7 day R,2021-03-12,DE,0.975,quantile,1.18
2021-04-05,7 day R,2021-03-13,DE,0.975,quantile,1.17
2021-04-05,7 day R,2021-03-14,DE,0.975,quantile,1.18
2021-04-05,7 day R,2021-03-15,DE,0.975,quantile,1.18
2021-04-05,7 day R,2021-03-16,DE,0.975,quantile,1.18
2021-04-05,7 day R,2021-03-17,DE,0.975,quantile,1.17
2021-04-05,7 day R,2021-03-18,DE,0.975,quantile,1.15
2021-04-05,7 day R,2021-03-19,DE,0.975,quantile,1.14
2021-04-05,7 day R,2021-03-20,DE,0.975,quantile,1.14
2021-04-05,7 day R,2021-03-21,DE,0.975,quantile,1.15
2021-04-05,7 day R,2021-03-22,DE,0.975,quantile,1.15
2021-04-05,7 day R,2021-03-23,DE,0.975,quantile,1.15
2021-04-05,7 day R,2021-03-24,DE,0.975,quantile,1.13
2021-04-05,7 day R,2021-03-25,DE,0.975,quantile,1.11
2021-04-05,7 day R,2021-03-26,DE,0.975,quantile,1.08
2021-04-05,7 day R,2021-03-27,DE,0.975,quantile,1.06
2021-04-05,7 day R,2021-03-28,DE,0.975,quantile,1.03
2021-04-05,7 day R,2021-03-29,DE,0.975,quantile,1.01
2021-04-05,7 day R,2021-03-30,DE,0.975,quantile,0.99
2021-04-05,7 day R,2021-03-31,DE,0.975,quantile,0.95
