data_version,target,date,location,label,type,quantile,value
2021-02-02,? day R,2020-02-20,DE,estimate,quantile,0.025,1.939
2021-02-02,? day R,2020-02-21,DE,estimate,quantile,0.025,1.95
2021-02-02,? day R,2020-02-22,DE,estimate,quantile,0.025,1.954
2021-02-02,? day R,2020-02-23,DE,estimate,quantile,0.025,1.963
2021-02-02,? day R,2020-02-24,DE,estimate,quantile,0.025,1.962
2021-02-02,? day R,2020-02-25,DE,estimate,quantile,0.025,1.946
2021-02-02,? day R,2020-02-26,DE,estimate,quantile,0.025,1.936
2021-02-02,? day R,2020-02-27,DE,estimate,quantile,0.025,1.901
2021-02-02,? day R,2020-02-28,DE,estimate,quantile,0.025,1.872
2021-02-02,? day R,2020-02-29,DE,estimate,quantile,0.025,1.838
2021-02-02,? day R,2020-03-01,DE,estimate,quantile,0.025,1.806
2021-02-02,? day R,2020-03-02,DE,estimate,quantile,0.025,1.762
2021-02-02,? day R,2020-03-03,DE,estimate,quantile,0.025,1.694
2021-02-02,? day R,2020-03-04,DE,estimate,quantile,0.025,1.649
2021-02-02,? day R,2020-03-05,DE,estimate,quantile,0.025,1.584
2021-02-02,? day R,2020-03-06,DE,estimate,quantile,0.025,1.524
2021-02-02,? day R,2020-03-07,DE,estimate,quantile,0.025,1.469
2021-02-02,? day R,2020-03-08,DE,estimate,quantile,0.025,1.401
2021-02-02,? day R,2020-03-09,DE,estimate,quantile,0.025,1.342
2021-02-02,? day R,2020-03-10,DE,estimate,quantile,0.025,1.278
2021-02-02,? day R,2020-03-11,DE,estimate,quantile,0.025,1.213
2021-02-02,? day R,2020-03-12,DE,estimate,quantile,0.025,1.163
2021-02-02,? day R,2020-03-13,DE,estimate,quantile,0.025,1.108
2021-02-02,? day R,2020-03-14,DE,estimate,quantile,0.025,1.054
2021-02-02,? day R,2020-03-15,DE,estimate,quantile,0.025,1.004
2021-02-02,? day R,2020-03-16,DE,estimate,quantile,0.025,0.959
2021-02-02,? day R,2020-03-17,DE,estimate,quantile,0.025,0.927
2021-02-02,? day R,2020-03-18,DE,estimate,quantile,0.025,0.89
2021-02-02,? day R,2020-03-19,DE,estimate,quantile,0.025,0.853
2021-02-02,? day R,2020-03-20,DE,estimate,quantile,0.025,0.821
2021-02-02,? day R,2020-03-21,DE,estimate,quantile,0.025,0.794
2021-02-02,? day R,2020-03-22,DE,estimate,quantile,0.025,0.768
2021-02-02,? day R,2020-03-23,DE,estimate,quantile,0.025,0.745
2021-02-02,? day R,2020-03-24,DE,estimate,quantile,0.025,0.726
2021-02-02,? day R,2020-03-25,DE,estimate,quantile,0.025,0.712
2021-02-02,? day R,2020-03-26,DE,estimate,quantile,0.025,0.696
2021-02-02,? day R,2020-03-27,DE,estimate,quantile,0.025,0.68
2021-02-02,? day R,2020-03-28,DE,estimate,quantile,0.025,0.664
2021-02-02,? day R,2020-03-29,DE,estimate,quantile,0.025,0.656
2021-02-02,? day R,2020-03-30,DE,estimate,quantile,0.025,0.644
2021-02-02,? day R,2020-03-31,DE,estimate,quantile,0.025,0.635
2021-02-02,? day R,2020-04-01,DE,estimate,quantile,0.025,0.626
2021-02-02,? day R,2020-04-02,DE,estimate,quantile,0.025,0.623
2021-02-02,? day R,2020-04-03,DE,estimate,quantile,0.025,0.618
2021-02-02,? day R,2020-04-04,DE,estimate,quantile,0.025,0.613
2021-02-02,? day R,2020-04-05,DE,estimate,quantile,0.025,0.608
2021-02-02,? day R,2020-04-06,DE,estimate,quantile,0.025,0.605
2021-02-02,? day R,2020-04-07,DE,estimate,quantile,0.025,0.605
2021-02-02,? day R,2020-04-08,DE,estimate,quantile,0.025,0.6
2021-02-02,? day R,2020-04-09,DE,estimate,quantile,0.025,0.603
2021-02-02,? day R,2020-04-10,DE,estimate,quantile,0.025,0.605
2021-02-02,? day R,2020-04-11,DE,estimate,quantile,0.025,0.604
2021-02-02,? day R,2020-04-12,DE,estimate,quantile,0.025,0.601
2021-02-02,? day R,2020-04-13,DE,estimate,quantile,0.025,0.608
2021-02-02,? day R,2020-04-14,DE,estimate,quantile,0.025,0.609
2021-02-02,? day R,2020-04-15,DE,estimate,quantile,0.025,0.625
2021-02-02,? day R,2020-04-16,DE,estimate,quantile,0.025,0.624
2021-02-02,? day R,2020-04-17,DE,estimate,quantile,0.025,0.628
2021-02-02,? day R,2020-04-18,DE,estimate,quantile,0.025,0.633
2021-02-02,? day R,2020-04-19,DE,estimate,quantile,0.025,0.645
2021-02-02,? day R,2020-04-20,DE,estimate,quantile,0.025,0.642
2021-02-02,? day R,2020-04-21,DE,estimate,quantile,0.025,0.652
2021-02-02,? day R,2020-04-22,DE,estimate,quantile,0.025,0.662
2021-02-02,? day R,2020-04-23,DE,estimate,quantile,0.025,0.667
2021-02-02,? day R,2020-04-24,DE,estimate,quantile,0.025,0.676
2021-02-02,? day R,2020-04-25,DE,estimate,quantile,0.025,0.678
2021-02-02,? day R,2020-04-26,DE,estimate,quantile,0.025,0.683
2021-02-02,? day R,2020-04-27,DE,estimate,quantile,0.025,0.688
2021-02-02,? day R,2020-04-28,DE,estimate,quantile,0.025,0.696
2021-02-02,? day R,2020-04-29,DE,estimate,quantile,0.025,0.707
2021-02-02,? day R,2020-04-30,DE,estimate,quantile,0.025,0.717
2021-02-02,? day R,2020-05-01,DE,estimate,quantile,0.025,0.727
2021-02-02,? day R,2020-05-02,DE,estimate,quantile,0.025,0.736
2021-02-02,? day R,2020-05-03,DE,estimate,quantile,0.025,0.748
2021-02-02,? day R,2020-05-04,DE,estimate,quantile,0.025,0.758
2021-02-02,? day R,2020-05-05,DE,estimate,quantile,0.025,0.761
2021-02-02,? day R,2020-05-06,DE,estimate,quantile,0.025,0.768
2021-02-02,? day R,2020-05-07,DE,estimate,quantile,0.025,0.779
2021-02-02,? day R,2020-05-08,DE,estimate,quantile,0.025,0.778
2021-02-02,? day R,2020-05-09,DE,estimate,quantile,0.025,0.789
2021-02-02,? day R,2020-05-10,DE,estimate,quantile,0.025,0.799
2021-02-02,? day R,2020-05-11,DE,estimate,quantile,0.025,0.807
2021-02-02,? day R,2020-05-12,DE,estimate,quantile,0.025,0.817
2021-02-02,? day R,2020-05-13,DE,estimate,quantile,0.025,0.818
2021-02-02,? day R,2020-05-14,DE,estimate,quantile,0.025,0.828
2021-02-02,? day R,2020-05-15,DE,estimate,quantile,0.025,0.835
2021-02-02,? day R,2020-05-16,DE,estimate,quantile,0.025,0.849
2021-02-02,? day R,2020-05-17,DE,estimate,quantile,0.025,0.856
2021-02-02,? day R,2020-05-18,DE,estimate,quantile,0.025,0.866
2021-02-02,? day R,2020-05-19,DE,estimate,quantile,0.025,0.861
2021-02-02,? day R,2020-05-20,DE,estimate,quantile,0.025,0.877
2021-02-02,? day R,2020-05-21,DE,estimate,quantile,0.025,0.876
2021-02-02,? day R,2020-05-22,DE,estimate,quantile,0.025,0.883
2021-02-02,? day R,2020-05-23,DE,estimate,quantile,0.025,0.888
2021-02-02,? day R,2020-05-24,DE,estimate,quantile,0.025,0.894
2021-02-02,? day R,2020-05-25,DE,estimate,quantile,0.025,0.901
2021-02-02,? day R,2020-05-26,DE,estimate,quantile,0.025,0.899
2021-02-02,? day R,2020-05-27,DE,estimate,quantile,0.025,0.904
2021-02-02,? day R,2020-05-28,DE,estimate,quantile,0.025,0.907
2021-02-02,? day R,2020-05-29,DE,estimate,quantile,0.025,0.909
2021-02-02,? day R,2020-05-30,DE,estimate,quantile,0.025,0.905
2021-02-02,? day R,2020-05-31,DE,estimate,quantile,0.025,0.901
2021-02-02,? day R,2020-06-01,DE,estimate,quantile,0.025,0.901
2021-02-02,? day R,2020-06-02,DE,estimate,quantile,0.025,0.9
2021-02-02,? day R,2020-06-03,DE,estimate,quantile,0.025,0.88
2021-02-02,? day R,2020-06-04,DE,estimate,quantile,0.025,0.875
2021-02-02,? day R,2020-06-05,DE,estimate,quantile,0.025,0.866
2021-02-02,? day R,2020-06-06,DE,estimate,quantile,0.025,0.858
2021-02-02,? day R,2020-06-07,DE,estimate,quantile,0.025,0.853
2021-02-02,? day R,2020-06-08,DE,estimate,quantile,0.025,0.846
2021-02-02,? day R,2020-06-09,DE,estimate,quantile,0.025,0.839
2021-02-02,? day R,2020-06-10,DE,estimate,quantile,0.025,0.834
2021-02-02,? day R,2020-06-11,DE,estimate,quantile,0.025,0.824
2021-02-02,? day R,2020-06-12,DE,estimate,quantile,0.025,0.82
2021-02-02,? day R,2020-06-13,DE,estimate,quantile,0.025,0.805
2021-02-02,? day R,2020-06-14,DE,estimate,quantile,0.025,0.816
2021-02-02,? day R,2020-06-15,DE,estimate,quantile,0.025,0.813
2021-02-02,? day R,2020-06-16,DE,estimate,quantile,0.025,0.809
2021-02-02,? day R,2020-06-17,DE,estimate,quantile,0.025,0.811
2021-02-02,? day R,2020-06-18,DE,estimate,quantile,0.025,0.82
2021-02-02,? day R,2020-06-19,DE,estimate,quantile,0.025,0.834
2021-02-02,? day R,2020-06-20,DE,estimate,quantile,0.025,0.837
2021-02-02,? day R,2020-06-21,DE,estimate,quantile,0.025,0.854
2021-02-02,? day R,2020-06-22,DE,estimate,quantile,0.025,0.856
2021-02-02,? day R,2020-06-23,DE,estimate,quantile,0.025,0.864
2021-02-02,? day R,2020-06-24,DE,estimate,quantile,0.025,0.869
2021-02-02,? day R,2020-06-25,DE,estimate,quantile,0.025,0.878
2021-02-02,? day R,2020-06-26,DE,estimate,quantile,0.025,0.88
2021-02-02,? day R,2020-06-27,DE,estimate,quantile,0.025,0.899
2021-02-02,? day R,2020-06-28,DE,estimate,quantile,0.025,0.911
2021-02-02,? day R,2020-06-29,DE,estimate,quantile,0.025,0.924
2021-02-02,? day R,2020-06-30,DE,estimate,quantile,0.025,0.935
2021-02-02,? day R,2020-07-01,DE,estimate,quantile,0.025,0.944
2021-02-02,? day R,2020-07-02,DE,estimate,quantile,0.025,0.953
2021-02-02,? day R,2020-07-03,DE,estimate,quantile,0.025,0.964
2021-02-02,? day R,2020-07-04,DE,estimate,quantile,0.025,0.979
2021-02-02,? day R,2020-07-05,DE,estimate,quantile,0.025,0.98
2021-02-02,? day R,2020-07-06,DE,estimate,quantile,0.025,0.987
2021-02-02,? day R,2020-07-07,DE,estimate,quantile,0.025,1.005
2021-02-02,? day R,2020-07-08,DE,estimate,quantile,0.025,1.013
2021-02-02,? day R,2020-07-09,DE,estimate,quantile,0.025,1.012
2021-02-02,? day R,2020-07-10,DE,estimate,quantile,0.025,1.014
2021-02-02,? day R,2020-07-11,DE,estimate,quantile,0.025,1.016
2021-02-02,? day R,2020-07-12,DE,estimate,quantile,0.025,1.011
2021-02-02,? day R,2020-07-13,DE,estimate,quantile,0.025,1.014
2021-02-02,? day R,2020-07-14,DE,estimate,quantile,0.025,1.011
2021-02-02,? day R,2020-07-15,DE,estimate,quantile,0.025,1.013
2021-02-02,? day R,2020-07-16,DE,estimate,quantile,0.025,1.013
2021-02-02,? day R,2020-07-17,DE,estimate,quantile,0.025,1.015
2021-02-02,? day R,2020-07-18,DE,estimate,quantile,0.025,1.02
2021-02-02,? day R,2020-07-19,DE,estimate,quantile,0.025,1.003
2021-02-02,? day R,2020-07-20,DE,estimate,quantile,0.025,1.001
2021-02-02,? day R,2020-07-21,DE,estimate,quantile,0.025,0.994
2021-02-02,? day R,2020-07-22,DE,estimate,quantile,0.025,0.987
2021-02-02,? day R,2020-07-23,DE,estimate,quantile,0.025,0.985
2021-02-02,? day R,2020-07-24,DE,estimate,quantile,0.025,0.972
2021-02-02,? day R,2020-07-25,DE,estimate,quantile,0.025,0.971
2021-02-02,? day R,2020-07-26,DE,estimate,quantile,0.025,0.959
2021-02-02,? day R,2020-07-27,DE,estimate,quantile,0.025,0.948
2021-02-02,? day R,2020-07-28,DE,estimate,quantile,0.025,0.943
2021-02-02,? day R,2020-07-29,DE,estimate,quantile,0.025,0.937
2021-02-02,? day R,2020-07-30,DE,estimate,quantile,0.025,0.928
2021-02-02,? day R,2020-07-31,DE,estimate,quantile,0.025,0.934
2021-02-02,? day R,2020-08-01,DE,estimate,quantile,0.025,0.937
2021-02-02,? day R,2020-08-02,DE,estimate,quantile,0.025,0.925
2021-02-02,? day R,2020-08-03,DE,estimate,quantile,0.025,0.913
2021-02-02,? day R,2020-08-04,DE,estimate,quantile,0.025,0.907
2021-02-02,? day R,2020-08-05,DE,estimate,quantile,0.025,0.908
2021-02-02,? day R,2020-08-06,DE,estimate,quantile,0.025,0.901
2021-02-02,? day R,2020-08-07,DE,estimate,quantile,0.025,0.906
2021-02-02,? day R,2020-08-08,DE,estimate,quantile,0.025,0.901
2021-02-02,? day R,2020-08-09,DE,estimate,quantile,0.025,0.892
2021-02-02,? day R,2020-08-10,DE,estimate,quantile,0.025,0.888
2021-02-02,? day R,2020-08-11,DE,estimate,quantile,0.025,0.89
2021-02-02,? day R,2020-08-12,DE,estimate,quantile,0.025,0.893
2021-02-02,? day R,2020-08-13,DE,estimate,quantile,0.025,0.893
2021-02-02,? day R,2020-08-14,DE,estimate,quantile,0.025,0.897
2021-02-02,? day R,2020-08-15,DE,estimate,quantile,0.025,0.9
2021-02-02,? day R,2020-08-16,DE,estimate,quantile,0.025,0.905
2021-02-02,? day R,2020-08-17,DE,estimate,quantile,0.025,0.903
2021-02-02,? day R,2020-08-18,DE,estimate,quantile,0.025,0.909
2021-02-02,? day R,2020-08-19,DE,estimate,quantile,0.025,0.918
2021-02-02,? day R,2020-08-20,DE,estimate,quantile,0.025,0.926
2021-02-02,? day R,2020-08-21,DE,estimate,quantile,0.025,0.922
2021-02-02,? day R,2020-08-22,DE,estimate,quantile,0.025,0.922
2021-02-02,? day R,2020-08-23,DE,estimate,quantile,0.025,0.938
2021-02-02,? day R,2020-08-24,DE,estimate,quantile,0.025,0.944
2021-02-02,? day R,2020-08-25,DE,estimate,quantile,0.025,0.947
2021-02-02,? day R,2020-08-26,DE,estimate,quantile,0.025,0.952
2021-02-02,? day R,2020-08-27,DE,estimate,quantile,0.025,0.966
2021-02-02,? day R,2020-08-28,DE,estimate,quantile,0.025,0.964
2021-02-02,? day R,2020-08-29,DE,estimate,quantile,0.025,0.963
2021-02-02,? day R,2020-08-30,DE,estimate,quantile,0.025,0.975
2021-02-02,? day R,2020-08-31,DE,estimate,quantile,0.025,0.971
2021-02-02,? day R,2020-09-01,DE,estimate,quantile,0.025,0.982
2021-02-02,? day R,2020-09-02,DE,estimate,quantile,0.025,0.983
2021-02-02,? day R,2020-09-03,DE,estimate,quantile,0.025,0.994
2021-02-02,? day R,2020-09-04,DE,estimate,quantile,0.025,0.99
2021-02-02,? day R,2020-09-05,DE,estimate,quantile,0.025,1.007
2021-02-02,? day R,2020-09-06,DE,estimate,quantile,0.025,1.017
2021-02-02,? day R,2020-09-07,DE,estimate,quantile,0.025,1.026
2021-02-02,? day R,2020-09-08,DE,estimate,quantile,0.025,1.02
2021-02-02,? day R,2020-09-09,DE,estimate,quantile,0.025,1.021
2021-02-02,? day R,2020-09-10,DE,estimate,quantile,0.025,1.028
2021-02-02,? day R,2020-09-11,DE,estimate,quantile,0.025,1.048
2021-02-02,? day R,2020-09-12,DE,estimate,quantile,0.025,1.051
2021-02-02,? day R,2020-09-13,DE,estimate,quantile,0.025,1.061
2021-02-02,? day R,2020-09-14,DE,estimate,quantile,0.025,1.083
2021-02-02,? day R,2020-09-15,DE,estimate,quantile,0.025,1.083
2021-02-02,? day R,2020-09-16,DE,estimate,quantile,0.025,1.098
2021-02-02,? day R,2020-09-17,DE,estimate,quantile,0.025,1.106
2021-02-02,? day R,2020-09-18,DE,estimate,quantile,0.025,1.11
2021-02-02,? day R,2020-09-19,DE,estimate,quantile,0.025,1.121
2021-02-02,? day R,2020-09-20,DE,estimate,quantile,0.025,1.126
2021-02-02,? day R,2020-09-21,DE,estimate,quantile,0.025,1.145
2021-02-02,? day R,2020-09-22,DE,estimate,quantile,0.025,1.149
2021-02-02,? day R,2020-09-23,DE,estimate,quantile,0.025,1.163
2021-02-02,? day R,2020-09-24,DE,estimate,quantile,0.025,1.168
2021-02-02,? day R,2020-09-25,DE,estimate,quantile,0.025,1.18
2021-02-02,? day R,2020-09-26,DE,estimate,quantile,0.025,1.173
2021-02-02,? day R,2020-09-27,DE,estimate,quantile,0.025,1.181
2021-02-02,? day R,2020-09-28,DE,estimate,quantile,0.025,1.19
2021-02-02,? day R,2020-09-29,DE,estimate,quantile,0.025,1.196
2021-02-02,? day R,2020-09-30,DE,estimate,quantile,0.025,1.191
2021-02-02,? day R,2020-10-01,DE,estimate,quantile,0.025,1.194
2021-02-02,? day R,2020-10-02,DE,estimate,quantile,0.025,1.189
2021-02-02,? day R,2020-10-03,DE,estimate,quantile,0.025,1.185
2021-02-02,? day R,2020-10-04,DE,estimate,quantile,0.025,1.174
2021-02-02,? day R,2020-10-05,DE,estimate,quantile,0.025,1.158
2021-02-02,? day R,2020-10-06,DE,estimate,quantile,0.025,1.17
2021-02-02,? day R,2020-10-07,DE,estimate,quantile,0.025,1.157
2021-02-02,? day R,2020-10-08,DE,estimate,quantile,0.025,1.143
2021-02-02,? day R,2020-10-09,DE,estimate,quantile,0.025,1.143
2021-02-02,? day R,2020-10-10,DE,estimate,quantile,0.025,1.138
2021-02-02,? day R,2020-10-11,DE,estimate,quantile,0.025,1.127
2021-02-02,? day R,2020-10-12,DE,estimate,quantile,0.025,1.114
2021-02-02,? day R,2020-10-13,DE,estimate,quantile,0.025,1.1
2021-02-02,? day R,2020-10-14,DE,estimate,quantile,0.025,1.083
2021-02-02,? day R,2020-10-15,DE,estimate,quantile,0.025,1.086
2021-02-02,? day R,2020-10-16,DE,estimate,quantile,0.025,1.074
2021-02-02,? day R,2020-10-17,DE,estimate,quantile,0.025,1.058
2021-02-02,? day R,2020-10-18,DE,estimate,quantile,0.025,1.05
2021-02-02,? day R,2020-10-19,DE,estimate,quantile,0.025,1.04
2021-02-02,? day R,2020-10-20,DE,estimate,quantile,0.025,1.025
2021-02-02,? day R,2020-10-21,DE,estimate,quantile,0.025,1.009
2021-02-02,? day R,2020-10-22,DE,estimate,quantile,0.025,1.005
2021-02-02,? day R,2020-10-23,DE,estimate,quantile,0.025,0.995
2021-02-02,? day R,2020-10-24,DE,estimate,quantile,0.025,0.981
2021-02-02,? day R,2020-10-25,DE,estimate,quantile,0.025,0.971
2021-02-02,? day R,2020-10-26,DE,estimate,quantile,0.025,0.961
2021-02-02,? day R,2020-10-27,DE,estimate,quantile,0.025,0.955
2021-02-02,? day R,2020-10-28,DE,estimate,quantile,0.025,0.95
2021-02-02,? day R,2020-10-29,DE,estimate,quantile,0.025,0.945
2021-02-02,? day R,2020-10-30,DE,estimate,quantile,0.025,0.937
2021-02-02,? day R,2020-10-31,DE,estimate,quantile,0.025,0.931
2021-02-02,? day R,2020-11-01,DE,estimate,quantile,0.025,0.924
2021-02-02,? day R,2020-11-02,DE,estimate,quantile,0.025,0.912
2021-02-02,? day R,2020-11-03,DE,estimate,quantile,0.025,0.917
2021-02-02,? day R,2020-11-04,DE,estimate,quantile,0.025,0.911
2021-02-02,? day R,2020-11-05,DE,estimate,quantile,0.025,0.908
2021-02-02,? day R,2020-11-06,DE,estimate,quantile,0.025,0.912
2021-02-02,? day R,2020-11-07,DE,estimate,quantile,0.025,0.913
2021-02-02,? day R,2020-11-08,DE,estimate,quantile,0.025,0.91
2021-02-02,? day R,2020-11-09,DE,estimate,quantile,0.025,0.904
2021-02-02,? day R,2020-11-10,DE,estimate,quantile,0.025,0.907
2021-02-02,? day R,2020-11-11,DE,estimate,quantile,0.025,0.904
2021-02-02,? day R,2020-11-12,DE,estimate,quantile,0.025,0.913
2021-02-02,? day R,2020-11-13,DE,estimate,quantile,0.025,0.918
2021-02-02,? day R,2020-11-14,DE,estimate,quantile,0.025,0.914
2021-02-02,? day R,2020-11-15,DE,estimate,quantile,0.025,0.922
2021-02-02,? day R,2020-11-16,DE,estimate,quantile,0.025,0.918
2021-02-02,? day R,2020-11-17,DE,estimate,quantile,0.025,0.926
2021-02-02,? day R,2020-11-18,DE,estimate,quantile,0.025,0.929
2021-02-02,? day R,2020-11-19,DE,estimate,quantile,0.025,0.925
2021-02-02,? day R,2020-11-20,DE,estimate,quantile,0.025,0.923
2021-02-02,? day R,2020-11-21,DE,estimate,quantile,0.025,0.929
2021-02-02,? day R,2020-11-22,DE,estimate,quantile,0.025,0.927
2021-02-02,? day R,2020-11-23,DE,estimate,quantile,0.025,0.929
2021-02-02,? day R,2020-11-24,DE,estimate,quantile,0.025,0.932
2021-02-02,? day R,2020-11-25,DE,estimate,quantile,0.025,0.932
2021-02-02,? day R,2020-11-26,DE,estimate,quantile,0.025,0.928
2021-02-02,? day R,2020-11-27,DE,estimate,quantile,0.025,0.934
2021-02-02,? day R,2020-11-28,DE,estimate,quantile,0.025,0.929
2021-02-02,? day R,2020-11-29,DE,estimate,quantile,0.025,0.933
2021-02-02,? day R,2020-11-30,DE,estimate,quantile,0.025,0.927
2021-02-02,? day R,2020-12-01,DE,estimate,quantile,0.025,0.928
2021-02-02,? day R,2020-12-02,DE,estimate,quantile,0.025,0.922
2021-02-02,? day R,2020-12-03,DE,estimate,quantile,0.025,0.931
2021-02-02,? day R,2020-12-04,DE,estimate,quantile,0.025,0.939
2021-02-02,? day R,2020-12-05,DE,estimate,quantile,0.025,0.93
2021-02-02,? day R,2020-12-06,DE,estimate,quantile,0.025,0.934
2021-02-02,? day R,2020-12-07,DE,estimate,quantile,0.025,0.934
2021-02-02,? day R,2020-12-08,DE,estimate,quantile,0.025,0.928
2021-02-02,? day R,2020-12-09,DE,estimate,quantile,0.025,0.923
2021-02-02,? day R,2020-12-10,DE,estimate,quantile,0.025,0.912
2021-02-02,? day R,2020-12-11,DE,estimate,quantile,0.025,0.913
2021-02-02,? day R,2020-12-12,DE,estimate,quantile,0.025,0.902
2021-02-02,? day R,2020-12-13,DE,estimate,quantile,0.025,0.902
2021-02-02,? day R,2020-12-14,DE,estimate,quantile,0.025,0.894
2021-02-02,? day R,2020-12-15,DE,estimate,quantile,0.025,0.886
2021-02-02,? day R,2020-12-16,DE,estimate,quantile,0.025,0.88
2021-02-02,? day R,2020-12-17,DE,estimate,quantile,0.025,0.873
2021-02-02,? day R,2020-12-18,DE,estimate,quantile,0.025,0.86
2021-02-02,? day R,2020-12-19,DE,estimate,quantile,0.025,0.855
2021-02-02,? day R,2020-12-20,DE,estimate,quantile,0.025,0.844
2021-02-02,? day R,2020-12-21,DE,estimate,quantile,0.025,0.833
2021-02-02,? day R,2020-12-22,DE,estimate,quantile,0.025,0.816
2021-02-02,? day R,2020-12-23,DE,estimate,quantile,0.025,0.814
2021-02-02,? day R,2020-12-24,DE,estimate,quantile,0.025,0.814
2021-02-02,? day R,2020-12-25,DE,estimate,quantile,0.025,0.811
2021-02-02,? day R,2020-12-26,DE,estimate,quantile,0.025,0.8
2021-02-02,? day R,2020-12-27,DE,estimate,quantile,0.025,0.796
2021-02-02,? day R,2020-12-28,DE,estimate,quantile,0.025,0.79
2021-02-02,? day R,2020-12-29,DE,estimate,quantile,0.025,0.785
2021-02-02,? day R,2020-12-30,DE,estimate,quantile,0.025,0.774
2021-02-02,? day R,2020-12-31,DE,estimate,quantile,0.025,0.781
2021-02-02,? day R,2021-01-01,DE,estimate,quantile,0.025,0.777
2021-02-02,? day R,2021-01-02,DE,estimate,quantile,0.025,0.767
2021-02-02,? day R,2021-01-03,DE,estimate,quantile,0.025,0.765
2021-02-02,? day R,2021-01-04,DE,estimate,quantile,0.025,0.76
2021-02-02,? day R,2021-01-05,DE,estimate,quantile,0.025,0.77
2021-02-02,? day R,2021-01-06,DE,estimate,quantile,0.025,0.763
2021-02-02,? day R,2021-01-07,DE,estimate,quantile,0.025,0.759
2021-02-02,? day R,2021-01-08,DE,estimate,quantile,0.025,0.753
2021-02-02,? day R,2021-01-09,DE,estimate,quantile,0.025,0.751
2021-02-02,? day R,2021-01-10,DE,estimate,quantile,0.025,0.745
2021-02-02,? day R,2021-01-11,DE,estimate,quantile,0.025,0.764
2021-02-02,? day R,2021-01-12,DE,estimate,quantile,0.025,0.748
2021-02-02,? day R,2021-01-13,DE,estimate,quantile,0.025,0.736
2021-02-02,? day R,2021-01-14,DE,estimate,quantile,0.025,0.738
2021-02-02,? day R,2021-01-15,DE,estimate,quantile,0.025,0.725
2021-02-02,? day R,2021-01-16,DE,estimate,quantile,0.025,0.717
2021-02-02,? day R,2021-01-17,DE,estimate,quantile,0.025,0.722
2021-02-02,? day R,2021-01-18,DE,estimate,quantile,0.025,0.72
2021-02-02,? day R,2021-01-19,DE,estimate,quantile,0.025,0.706
2021-02-02,? day R,2021-01-20,DE,estimate,quantile,0.025,0.692
2021-02-02,? day R,2021-01-21,DE,estimate,quantile,0.025,0.689
2021-02-02,? day R,2021-01-22,DE,estimate,quantile,0.025,0.687
2021-02-02,? day R,2021-01-23,DE,estimate,quantile,0.025,0.694
2021-02-02,? day R,2021-01-24,DE,estimate,quantile,0.025,0.673
2021-02-02,? day R,2021-01-25,DE,estimate,quantile,0.025,0.665
2021-02-02,? day R,2021-01-26,DE,estimate,quantile,0.025,0.662
2021-02-02,? day R,2021-01-27,DE,estimate,quantile,0.025,0.66
2021-02-02,? day R,2021-01-28,DE,estimate,quantile,0.025,0.663
2021-02-02,? day R,2021-01-29,DE,estimate,quantile,0.025,0.655
2021-02-02,? day R,2021-01-30,DE,estimate,quantile,0.025,0.652
2021-02-02,? day R,2021-01-31,DE,estimate,quantile,0.025,0.641
2021-02-02,? day R,2021-02-01,DE,estimate,quantile,0.025,0.63
2021-02-02,? day R,2021-02-02,DE,estimate,quantile,0.025,0.631
2021-02-02,? day R,2021-02-03,DE,estimate,quantile,0.025,0.628
2021-02-02,? day R,2021-02-04,DE,estimate,quantile,0.025,0.628
2021-02-02,? day R,2021-02-05,DE,estimate,quantile,0.025,0.619
2021-02-02,? day R,2021-02-06,DE,estimate,quantile,0.025,0.617
2021-02-02,? day R,2021-02-07,DE,estimate,quantile,0.025,0.616
2021-02-02,? day R,2021-02-08,DE,estimate,quantile,0.025,0.617
2021-02-02,? day R,2021-02-09,DE,estimate,quantile,0.025,0.613
2021-02-02,? day R,2021-02-10,DE,estimate,quantile,0.025,0.606
2021-02-02,? day R,2020-02-20,DE,estimate,quantile,0.25,2.221
2021-02-02,? day R,2020-02-21,DE,estimate,quantile,0.25,2.221
2021-02-02,? day R,2020-02-22,DE,estimate,quantile,0.25,2.219
2021-02-02,? day R,2020-02-23,DE,estimate,quantile,0.25,2.211
2021-02-02,? day R,2020-02-24,DE,estimate,quantile,0.25,2.206
2021-02-02,? day R,2020-02-25,DE,estimate,quantile,0.25,2.191
2021-02-02,? day R,2020-02-26,DE,estimate,quantile,0.25,2.156
2021-02-02,? day R,2020-02-27,DE,estimate,quantile,0.25,2.123
2021-02-02,? day R,2020-02-28,DE,estimate,quantile,0.25,2.087
2021-02-02,? day R,2020-02-29,DE,estimate,quantile,0.25,2.031
2021-02-02,? day R,2020-03-01,DE,estimate,quantile,0.25,1.984
2021-02-02,? day R,2020-03-02,DE,estimate,quantile,0.25,1.92
2021-02-02,? day R,2020-03-03,DE,estimate,quantile,0.25,1.857
2021-02-02,? day R,2020-03-04,DE,estimate,quantile,0.25,1.794
2021-02-02,? day R,2020-03-05,DE,estimate,quantile,0.25,1.721
2021-02-02,? day R,2020-03-06,DE,estimate,quantile,0.25,1.655
2021-02-02,? day R,2020-03-07,DE,estimate,quantile,0.25,1.578
2021-02-02,? day R,2020-03-08,DE,estimate,quantile,0.25,1.504
2021-02-02,? day R,2020-03-09,DE,estimate,quantile,0.25,1.433
2021-02-02,? day R,2020-03-10,DE,estimate,quantile,0.25,1.373
2021-02-02,? day R,2020-03-11,DE,estimate,quantile,0.25,1.309
2021-02-02,? day R,2020-03-12,DE,estimate,quantile,0.25,1.25
2021-02-02,? day R,2020-03-13,DE,estimate,quantile,0.25,1.197
2021-02-02,? day R,2020-03-14,DE,estimate,quantile,0.25,1.146
2021-02-02,? day R,2020-03-15,DE,estimate,quantile,0.25,1.097
2021-02-02,? day R,2020-03-16,DE,estimate,quantile,0.25,1.043
2021-02-02,? day R,2020-03-17,DE,estimate,quantile,0.25,0.999
2021-02-02,? day R,2020-03-18,DE,estimate,quantile,0.25,0.962
2021-02-02,? day R,2020-03-19,DE,estimate,quantile,0.25,0.927
2021-02-02,? day R,2020-03-20,DE,estimate,quantile,0.25,0.892
2021-02-02,? day R,2020-03-21,DE,estimate,quantile,0.25,0.866
2021-02-02,? day R,2020-03-22,DE,estimate,quantile,0.25,0.837
2021-02-02,? day R,2020-03-23,DE,estimate,quantile,0.25,0.814
2021-02-02,? day R,2020-03-24,DE,estimate,quantile,0.25,0.789
2021-02-02,? day R,2020-03-25,DE,estimate,quantile,0.25,0.772
2021-02-02,? day R,2020-03-26,DE,estimate,quantile,0.25,0.753
2021-02-02,? day R,2020-03-27,DE,estimate,quantile,0.25,0.741
2021-02-02,? day R,2020-03-28,DE,estimate,quantile,0.25,0.725
2021-02-02,? day R,2020-03-29,DE,estimate,quantile,0.25,0.717
2021-02-02,? day R,2020-03-30,DE,estimate,quantile,0.25,0.702
2021-02-02,? day R,2020-03-31,DE,estimate,quantile,0.25,0.691
2021-02-02,? day R,2020-04-01,DE,estimate,quantile,0.25,0.682
2021-02-02,? day R,2020-04-02,DE,estimate,quantile,0.25,0.675
2021-02-02,? day R,2020-04-03,DE,estimate,quantile,0.25,0.668
2021-02-02,? day R,2020-04-04,DE,estimate,quantile,0.25,0.663
2021-02-02,? day R,2020-04-05,DE,estimate,quantile,0.25,0.66
2021-02-02,? day R,2020-04-06,DE,estimate,quantile,0.25,0.658
2021-02-02,? day R,2020-04-07,DE,estimate,quantile,0.25,0.656
2021-02-02,? day R,2020-04-08,DE,estimate,quantile,0.25,0.655
2021-02-02,? day R,2020-04-09,DE,estimate,quantile,0.25,0.658
2021-02-02,? day R,2020-04-10,DE,estimate,quantile,0.25,0.658
2021-02-02,? day R,2020-04-11,DE,estimate,quantile,0.25,0.658
2021-02-02,? day R,2020-04-12,DE,estimate,quantile,0.25,0.66
2021-02-02,? day R,2020-04-13,DE,estimate,quantile,0.25,0.661
2021-02-02,? day R,2020-04-14,DE,estimate,quantile,0.25,0.667
2021-02-02,? day R,2020-04-15,DE,estimate,quantile,0.25,0.669
2021-02-02,? day R,2020-04-16,DE,estimate,quantile,0.25,0.674
2021-02-02,? day R,2020-04-17,DE,estimate,quantile,0.25,0.678
2021-02-02,? day R,2020-04-18,DE,estimate,quantile,0.25,0.684
2021-02-02,? day R,2020-04-19,DE,estimate,quantile,0.25,0.69
2021-02-02,? day R,2020-04-20,DE,estimate,quantile,0.25,0.7
2021-02-02,? day R,2020-04-21,DE,estimate,quantile,0.25,0.709
2021-02-02,? day R,2020-04-22,DE,estimate,quantile,0.25,0.716
2021-02-02,? day R,2020-04-23,DE,estimate,quantile,0.25,0.722
2021-02-02,? day R,2020-04-24,DE,estimate,quantile,0.25,0.732
2021-02-02,? day R,2020-04-25,DE,estimate,quantile,0.25,0.738
2021-02-02,? day R,2020-04-26,DE,estimate,quantile,0.25,0.744
2021-02-02,? day R,2020-04-27,DE,estimate,quantile,0.25,0.753
2021-02-02,? day R,2020-04-28,DE,estimate,quantile,0.25,0.762
2021-02-02,? day R,2020-04-29,DE,estimate,quantile,0.25,0.772
2021-02-02,? day R,2020-04-30,DE,estimate,quantile,0.25,0.779
2021-02-02,? day R,2020-05-01,DE,estimate,quantile,0.25,0.79
2021-02-02,? day R,2020-05-02,DE,estimate,quantile,0.25,0.796
2021-02-02,? day R,2020-05-03,DE,estimate,quantile,0.25,0.806
2021-02-02,? day R,2020-05-04,DE,estimate,quantile,0.25,0.815
2021-02-02,? day R,2020-05-05,DE,estimate,quantile,0.25,0.824
2021-02-02,? day R,2020-05-06,DE,estimate,quantile,0.25,0.834
2021-02-02,? day R,2020-05-07,DE,estimate,quantile,0.25,0.841
2021-02-02,? day R,2020-05-08,DE,estimate,quantile,0.25,0.851
2021-02-02,? day R,2020-05-09,DE,estimate,quantile,0.25,0.86
2021-02-02,? day R,2020-05-10,DE,estimate,quantile,0.25,0.867
2021-02-02,? day R,2020-05-11,DE,estimate,quantile,0.25,0.873
2021-02-02,? day R,2020-05-12,DE,estimate,quantile,0.25,0.884
2021-02-02,? day R,2020-05-13,DE,estimate,quantile,0.25,0.891
2021-02-02,? day R,2020-05-14,DE,estimate,quantile,0.25,0.9
2021-02-02,? day R,2020-05-15,DE,estimate,quantile,0.25,0.907
2021-02-02,? day R,2020-05-16,DE,estimate,quantile,0.25,0.918
2021-02-02,? day R,2020-05-17,DE,estimate,quantile,0.25,0.925
2021-02-02,? day R,2020-05-18,DE,estimate,quantile,0.25,0.935
2021-02-02,? day R,2020-05-19,DE,estimate,quantile,0.25,0.946
2021-02-02,? day R,2020-05-20,DE,estimate,quantile,0.25,0.952
2021-02-02,? day R,2020-05-21,DE,estimate,quantile,0.25,0.96
2021-02-02,? day R,2020-05-22,DE,estimate,quantile,0.25,0.963
2021-02-02,? day R,2020-05-23,DE,estimate,quantile,0.25,0.966
2021-02-02,? day R,2020-05-24,DE,estimate,quantile,0.25,0.971
2021-02-02,? day R,2020-05-25,DE,estimate,quantile,0.25,0.975
2021-02-02,? day R,2020-05-26,DE,estimate,quantile,0.25,0.978
2021-02-02,? day R,2020-05-27,DE,estimate,quantile,0.25,0.98
2021-02-02,? day R,2020-05-28,DE,estimate,quantile,0.25,0.976
2021-02-02,? day R,2020-05-29,DE,estimate,quantile,0.25,0.98
2021-02-02,? day R,2020-05-30,DE,estimate,quantile,0.25,0.979
2021-02-02,? day R,2020-05-31,DE,estimate,quantile,0.25,0.977
2021-02-02,? day R,2020-06-01,DE,estimate,quantile,0.25,0.972
2021-02-02,? day R,2020-06-02,DE,estimate,quantile,0.25,0.965
2021-02-02,? day R,2020-06-03,DE,estimate,quantile,0.25,0.961
2021-02-02,? day R,2020-06-04,DE,estimate,quantile,0.25,0.95
2021-02-02,? day R,2020-06-05,DE,estimate,quantile,0.25,0.939
2021-02-02,? day R,2020-06-06,DE,estimate,quantile,0.25,0.93
2021-02-02,? day R,2020-06-07,DE,estimate,quantile,0.25,0.923
2021-02-02,? day R,2020-06-08,DE,estimate,quantile,0.25,0.915
2021-02-02,? day R,2020-06-09,DE,estimate,quantile,0.25,0.904
2021-02-02,? day R,2020-06-10,DE,estimate,quantile,0.25,0.898
2021-02-02,? day R,2020-06-11,DE,estimate,quantile,0.25,0.891
2021-02-02,? day R,2020-06-12,DE,estimate,quantile,0.25,0.887
2021-02-02,? day R,2020-06-13,DE,estimate,quantile,0.25,0.882
2021-02-02,? day R,2020-06-14,DE,estimate,quantile,0.25,0.885
2021-02-02,? day R,2020-06-15,DE,estimate,quantile,0.25,0.886
2021-02-02,? day R,2020-06-16,DE,estimate,quantile,0.25,0.89
2021-02-02,? day R,2020-06-17,DE,estimate,quantile,0.25,0.89
2021-02-02,? day R,2020-06-18,DE,estimate,quantile,0.25,0.894
2021-02-02,? day R,2020-06-19,DE,estimate,quantile,0.25,0.899
2021-02-02,? day R,2020-06-20,DE,estimate,quantile,0.25,0.906
2021-02-02,? day R,2020-06-21,DE,estimate,quantile,0.25,0.912
2021-02-02,? day R,2020-06-22,DE,estimate,quantile,0.25,0.923
2021-02-02,? day R,2020-06-23,DE,estimate,quantile,0.25,0.934
2021-02-02,? day R,2020-06-24,DE,estimate,quantile,0.25,0.943
2021-02-02,? day R,2020-06-25,DE,estimate,quantile,0.25,0.957
2021-02-02,? day R,2020-06-26,DE,estimate,quantile,0.25,0.968
2021-02-02,? day R,2020-06-27,DE,estimate,quantile,0.25,0.982
2021-02-02,? day R,2020-06-28,DE,estimate,quantile,0.25,0.988
2021-02-02,? day R,2020-06-29,DE,estimate,quantile,0.25,1.004
2021-02-02,? day R,2020-06-30,DE,estimate,quantile,0.25,1.016
2021-02-02,? day R,2020-07-01,DE,estimate,quantile,0.25,1.025
2021-02-02,? day R,2020-07-02,DE,estimate,quantile,0.25,1.039
2021-02-02,? day R,2020-07-03,DE,estimate,quantile,0.25,1.048
2021-02-02,? day R,2020-07-04,DE,estimate,quantile,0.25,1.061
2021-02-02,? day R,2020-07-05,DE,estimate,quantile,0.25,1.068
2021-02-02,? day R,2020-07-06,DE,estimate,quantile,0.25,1.074
2021-02-02,? day R,2020-07-07,DE,estimate,quantile,0.25,1.084
2021-02-02,? day R,2020-07-08,DE,estimate,quantile,0.25,1.082
2021-02-02,? day R,2020-07-09,DE,estimate,quantile,0.25,1.093
2021-02-02,? day R,2020-07-10,DE,estimate,quantile,0.25,1.098
2021-02-02,? day R,2020-07-11,DE,estimate,quantile,0.25,1.099
2021-02-02,? day R,2020-07-12,DE,estimate,quantile,0.25,1.099
2021-02-02,? day R,2020-07-13,DE,estimate,quantile,0.25,1.097
2021-02-02,? day R,2020-07-14,DE,estimate,quantile,0.25,1.098
2021-02-02,? day R,2020-07-15,DE,estimate,quantile,0.25,1.096
2021-02-02,? day R,2020-07-16,DE,estimate,quantile,0.25,1.093
2021-02-02,? day R,2020-07-17,DE,estimate,quantile,0.25,1.09
2021-02-02,? day R,2020-07-18,DE,estimate,quantile,0.25,1.087
2021-02-02,? day R,2020-07-19,DE,estimate,quantile,0.25,1.082
2021-02-02,? day R,2020-07-20,DE,estimate,quantile,0.25,1.077
2021-02-02,? day R,2020-07-21,DE,estimate,quantile,0.25,1.068
2021-02-02,? day R,2020-07-22,DE,estimate,quantile,0.25,1.062
2021-02-02,? day R,2020-07-23,DE,estimate,quantile,0.25,1.057
2021-02-02,? day R,2020-07-24,DE,estimate,quantile,0.25,1.048
2021-02-02,? day R,2020-07-25,DE,estimate,quantile,0.25,1.043
2021-02-02,? day R,2020-07-26,DE,estimate,quantile,0.25,1.036
2021-02-02,? day R,2020-07-27,DE,estimate,quantile,0.25,1.034
2021-02-02,? day R,2020-07-28,DE,estimate,quantile,0.25,1.023
2021-02-02,? day R,2020-07-29,DE,estimate,quantile,0.25,1.014
2021-02-02,? day R,2020-07-30,DE,estimate,quantile,0.25,1.006
2021-02-02,? day R,2020-07-31,DE,estimate,quantile,0.25,1.003
2021-02-02,? day R,2020-08-01,DE,estimate,quantile,0.25,1.001
2021-02-02,? day R,2020-08-02,DE,estimate,quantile,0.25,0.995
2021-02-02,? day R,2020-08-03,DE,estimate,quantile,0.25,0.988
2021-02-02,? day R,2020-08-04,DE,estimate,quantile,0.25,0.981
2021-02-02,? day R,2020-08-05,DE,estimate,quantile,0.25,0.977
2021-02-02,? day R,2020-08-06,DE,estimate,quantile,0.25,0.972
2021-02-02,? day R,2020-08-07,DE,estimate,quantile,0.25,0.971
2021-02-02,? day R,2020-08-08,DE,estimate,quantile,0.25,0.966
2021-02-02,? day R,2020-08-09,DE,estimate,quantile,0.25,0.961
2021-02-02,? day R,2020-08-10,DE,estimate,quantile,0.25,0.959
2021-02-02,? day R,2020-08-11,DE,estimate,quantile,0.25,0.961
2021-02-02,? day R,2020-08-12,DE,estimate,quantile,0.25,0.957
2021-02-02,? day R,2020-08-13,DE,estimate,quantile,0.25,0.96
2021-02-02,? day R,2020-08-14,DE,estimate,quantile,0.25,0.963
2021-02-02,? day R,2020-08-15,DE,estimate,quantile,0.25,0.967
2021-02-02,? day R,2020-08-16,DE,estimate,quantile,0.25,0.971
2021-02-02,? day R,2020-08-17,DE,estimate,quantile,0.25,0.975
2021-02-02,? day R,2020-08-18,DE,estimate,quantile,0.25,0.982
2021-02-02,? day R,2020-08-19,DE,estimate,quantile,0.25,0.986
2021-02-02,? day R,2020-08-20,DE,estimate,quantile,0.25,0.991
2021-02-02,? day R,2020-08-21,DE,estimate,quantile,0.25,0.997
2021-02-02,? day R,2020-08-22,DE,estimate,quantile,0.25,1.001
2021-02-02,? day R,2020-08-23,DE,estimate,quantile,0.25,1.008
2021-02-02,? day R,2020-08-24,DE,estimate,quantile,0.25,1.01
2021-02-02,? day R,2020-08-25,DE,estimate,quantile,0.25,1.015
2021-02-02,? day R,2020-08-26,DE,estimate,quantile,0.25,1.024
2021-02-02,? day R,2020-08-27,DE,estimate,quantile,0.25,1.03
2021-02-02,? day R,2020-08-28,DE,estimate,quantile,0.25,1.036
2021-02-02,? day R,2020-08-29,DE,estimate,quantile,0.25,1.043
2021-02-02,? day R,2020-08-30,DE,estimate,quantile,0.25,1.051
2021-02-02,? day R,2020-08-31,DE,estimate,quantile,0.25,1.056
2021-02-02,? day R,2020-09-01,DE,estimate,quantile,0.25,1.067
2021-02-02,? day R,2020-09-02,DE,estimate,quantile,0.25,1.069
2021-02-02,? day R,2020-09-03,DE,estimate,quantile,0.25,1.077
2021-02-02,? day R,2020-09-04,DE,estimate,quantile,0.25,1.082
2021-02-02,? day R,2020-09-05,DE,estimate,quantile,0.25,1.089
2021-02-02,? day R,2020-09-06,DE,estimate,quantile,0.25,1.095
2021-02-02,? day R,2020-09-07,DE,estimate,quantile,0.25,1.098
2021-02-02,? day R,2020-09-08,DE,estimate,quantile,0.25,1.107
2021-02-02,? day R,2020-09-09,DE,estimate,quantile,0.25,1.114
2021-02-02,? day R,2020-09-10,DE,estimate,quantile,0.25,1.124
2021-02-02,? day R,2020-09-11,DE,estimate,quantile,0.25,1.129
2021-02-02,? day R,2020-09-12,DE,estimate,quantile,0.25,1.138
2021-02-02,? day R,2020-09-13,DE,estimate,quantile,0.25,1.147
2021-02-02,? day R,2020-09-14,DE,estimate,quantile,0.25,1.159
2021-02-02,? day R,2020-09-15,DE,estimate,quantile,0.25,1.171
2021-02-02,? day R,2020-09-16,DE,estimate,quantile,0.25,1.18
2021-02-02,? day R,2020-09-17,DE,estimate,quantile,0.25,1.191
2021-02-02,? day R,2020-09-18,DE,estimate,quantile,0.25,1.202
2021-02-02,? day R,2020-09-19,DE,estimate,quantile,0.25,1.209
2021-02-02,? day R,2020-09-20,DE,estimate,quantile,0.25,1.219
2021-02-02,? day R,2020-09-21,DE,estimate,quantile,0.25,1.23
2021-02-02,? day R,2020-09-22,DE,estimate,quantile,0.25,1.238
2021-02-02,? day R,2020-09-23,DE,estimate,quantile,0.25,1.244
2021-02-02,? day R,2020-09-24,DE,estimate,quantile,0.25,1.246
2021-02-02,? day R,2020-09-25,DE,estimate,quantile,0.25,1.255
2021-02-02,? day R,2020-09-26,DE,estimate,quantile,0.25,1.268
2021-02-02,? day R,2020-09-27,DE,estimate,quantile,0.25,1.274
2021-02-02,? day R,2020-09-28,DE,estimate,quantile,0.25,1.28
2021-02-02,? day R,2020-09-29,DE,estimate,quantile,0.25,1.283
2021-02-02,? day R,2020-09-30,DE,estimate,quantile,0.25,1.282
2021-02-02,? day R,2020-10-01,DE,estimate,quantile,0.25,1.277
2021-02-02,? day R,2020-10-02,DE,estimate,quantile,0.25,1.276
2021-02-02,? day R,2020-10-03,DE,estimate,quantile,0.25,1.276
2021-02-02,? day R,2020-10-04,DE,estimate,quantile,0.25,1.273
2021-02-02,? day R,2020-10-05,DE,estimate,quantile,0.25,1.268
2021-02-02,? day R,2020-10-06,DE,estimate,quantile,0.25,1.266
2021-02-02,? day R,2020-10-07,DE,estimate,quantile,0.25,1.261
2021-02-02,? day R,2020-10-08,DE,estimate,quantile,0.25,1.243
2021-02-02,? day R,2020-10-09,DE,estimate,quantile,0.25,1.238
2021-02-02,? day R,2020-10-10,DE,estimate,quantile,0.25,1.223
2021-02-02,? day R,2020-10-11,DE,estimate,quantile,0.25,1.212
2021-02-02,? day R,2020-10-12,DE,estimate,quantile,0.25,1.206
2021-02-02,? day R,2020-10-13,DE,estimate,quantile,0.25,1.191
2021-02-02,? day R,2020-10-14,DE,estimate,quantile,0.25,1.176
2021-02-02,? day R,2020-10-15,DE,estimate,quantile,0.25,1.163
2021-02-02,? day R,2020-10-16,DE,estimate,quantile,0.25,1.154
2021-02-02,? day R,2020-10-17,DE,estimate,quantile,0.25,1.143
2021-02-02,? day R,2020-10-18,DE,estimate,quantile,0.25,1.127
2021-02-02,? day R,2020-10-19,DE,estimate,quantile,0.25,1.119
2021-02-02,? day R,2020-10-20,DE,estimate,quantile,0.25,1.103
2021-02-02,? day R,2020-10-21,DE,estimate,quantile,0.25,1.094
2021-02-02,? day R,2020-10-22,DE,estimate,quantile,0.25,1.082
2021-02-02,? day R,2020-10-23,DE,estimate,quantile,0.25,1.07
2021-02-02,? day R,2020-10-24,DE,estimate,quantile,0.25,1.063
2021-02-02,? day R,2020-10-25,DE,estimate,quantile,0.25,1.05
2021-02-02,? day R,2020-10-26,DE,estimate,quantile,0.25,1.043
2021-02-02,? day R,2020-10-27,DE,estimate,quantile,0.25,1.037
2021-02-02,? day R,2020-10-28,DE,estimate,quantile,0.25,1.028
2021-02-02,? day R,2020-10-29,DE,estimate,quantile,0.25,1.019
2021-02-02,? day R,2020-10-30,DE,estimate,quantile,0.25,1.011
2021-02-02,? day R,2020-10-31,DE,estimate,quantile,0.25,1.004
2021-02-02,? day R,2020-11-01,DE,estimate,quantile,0.25,0.999
2021-02-02,? day R,2020-11-02,DE,estimate,quantile,0.25,0.992
2021-02-02,? day R,2020-11-03,DE,estimate,quantile,0.25,0.984
2021-02-02,? day R,2020-11-04,DE,estimate,quantile,0.25,0.987
2021-02-02,? day R,2020-11-05,DE,estimate,quantile,0.25,0.984
2021-02-02,? day R,2020-11-06,DE,estimate,quantile,0.25,0.979
2021-02-02,? day R,2020-11-07,DE,estimate,quantile,0.25,0.978
2021-02-02,? day R,2020-11-08,DE,estimate,quantile,0.25,0.977
2021-02-02,? day R,2020-11-09,DE,estimate,quantile,0.25,0.979
2021-02-02,? day R,2020-11-10,DE,estimate,quantile,0.25,0.981
2021-02-02,? day R,2020-11-11,DE,estimate,quantile,0.25,0.98
2021-02-02,? day R,2020-11-12,DE,estimate,quantile,0.25,0.979
2021-02-02,? day R,2020-11-13,DE,estimate,quantile,0.25,0.983
2021-02-02,? day R,2020-11-14,DE,estimate,quantile,0.25,0.984
2021-02-02,? day R,2020-11-15,DE,estimate,quantile,0.25,0.985
2021-02-02,? day R,2020-11-16,DE,estimate,quantile,0.25,0.992
2021-02-02,? day R,2020-11-17,DE,estimate,quantile,0.25,0.991
2021-02-02,? day R,2020-11-18,DE,estimate,quantile,0.25,0.993
2021-02-02,? day R,2020-11-19,DE,estimate,quantile,0.25,0.993
2021-02-02,? day R,2020-11-20,DE,estimate,quantile,0.25,0.996
2021-02-02,? day R,2020-11-21,DE,estimate,quantile,0.25,0.997
2021-02-02,? day R,2020-11-22,DE,estimate,quantile,0.25,1.002
2021-02-02,? day R,2020-11-23,DE,estimate,quantile,0.25,1.004
2021-02-02,? day R,2020-11-24,DE,estimate,quantile,0.25,1.006
2021-02-02,? day R,2020-11-25,DE,estimate,quantile,0.25,1.009
2021-02-02,? day R,2020-11-26,DE,estimate,quantile,0.25,1.007
2021-02-02,? day R,2020-11-27,DE,estimate,quantile,0.25,1.012
2021-02-02,? day R,2020-11-28,DE,estimate,quantile,0.25,1.011
2021-02-02,? day R,2020-11-29,DE,estimate,quantile,0.25,1.015
2021-02-02,? day R,2020-11-30,DE,estimate,quantile,0.25,1.011
2021-02-02,? day R,2020-12-01,DE,estimate,quantile,0.25,1.017
2021-02-02,? day R,2020-12-02,DE,estimate,quantile,0.25,1.01
2021-02-02,? day R,2020-12-03,DE,estimate,quantile,0.25,1.01
2021-02-02,? day R,2020-12-04,DE,estimate,quantile,0.25,1.007
2021-02-02,? day R,2020-12-05,DE,estimate,quantile,0.25,1.006
2021-02-02,? day R,2020-12-06,DE,estimate,quantile,0.25,1
2021-02-02,? day R,2020-12-07,DE,estimate,quantile,0.25,0.997
2021-02-02,? day R,2020-12-08,DE,estimate,quantile,0.25,0.995
2021-02-02,? day R,2020-12-09,DE,estimate,quantile,0.25,0.99
2021-02-02,? day R,2020-12-10,DE,estimate,quantile,0.25,0.986
2021-02-02,? day R,2020-12-11,DE,estimate,quantile,0.25,0.981
2021-02-02,? day R,2020-12-12,DE,estimate,quantile,0.25,0.978
2021-02-02,? day R,2020-12-13,DE,estimate,quantile,0.25,0.97
2021-02-02,? day R,2020-12-14,DE,estimate,quantile,0.25,0.965
2021-02-02,? day R,2020-12-15,DE,estimate,quantile,0.25,0.957
2021-02-02,? day R,2020-12-16,DE,estimate,quantile,0.25,0.951
2021-02-02,? day R,2020-12-17,DE,estimate,quantile,0.25,0.942
2021-02-02,? day R,2020-12-18,DE,estimate,quantile,0.25,0.932
2021-02-02,? day R,2020-12-19,DE,estimate,quantile,0.25,0.927
2021-02-02,? day R,2020-12-20,DE,estimate,quantile,0.25,0.914
2021-02-02,? day R,2020-12-21,DE,estimate,quantile,0.25,0.907
2021-02-02,? day R,2020-12-22,DE,estimate,quantile,0.25,0.898
2021-02-02,? day R,2020-12-23,DE,estimate,quantile,0.25,0.891
2021-02-02,? day R,2020-12-24,DE,estimate,quantile,0.25,0.886
2021-02-02,? day R,2020-12-25,DE,estimate,quantile,0.25,0.874
2021-02-02,? day R,2020-12-26,DE,estimate,quantile,0.25,0.87
2021-02-02,? day R,2020-12-27,DE,estimate,quantile,0.25,0.865
2021-02-02,? day R,2020-12-28,DE,estimate,quantile,0.25,0.861
2021-02-02,? day R,2020-12-29,DE,estimate,quantile,0.25,0.855
2021-02-02,? day R,2020-12-30,DE,estimate,quantile,0.25,0.847
2021-02-02,? day R,2020-12-31,DE,estimate,quantile,0.25,0.846
2021-02-02,? day R,2021-01-01,DE,estimate,quantile,0.25,0.846
2021-02-02,? day R,2021-01-02,DE,estimate,quantile,0.25,0.841
2021-02-02,? day R,2021-01-03,DE,estimate,quantile,0.25,0.838
2021-02-02,? day R,2021-01-04,DE,estimate,quantile,0.25,0.838
2021-02-02,? day R,2021-01-05,DE,estimate,quantile,0.25,0.836
2021-02-02,? day R,2021-01-06,DE,estimate,quantile,0.25,0.832
2021-02-02,? day R,2021-01-07,DE,estimate,quantile,0.25,0.834
2021-02-02,? day R,2021-01-08,DE,estimate,quantile,0.25,0.833
2021-02-02,? day R,2021-01-09,DE,estimate,quantile,0.25,0.835
2021-02-02,? day R,2021-01-10,DE,estimate,quantile,0.25,0.832
2021-02-02,? day R,2021-01-11,DE,estimate,quantile,0.25,0.831
2021-02-02,? day R,2021-01-12,DE,estimate,quantile,0.25,0.828
2021-02-02,? day R,2021-01-13,DE,estimate,quantile,0.25,0.823
2021-02-02,? day R,2021-01-14,DE,estimate,quantile,0.25,0.825
2021-02-02,? day R,2021-01-15,DE,estimate,quantile,0.25,0.825
2021-02-02,? day R,2021-01-16,DE,estimate,quantile,0.25,0.818
2021-02-02,? day R,2021-01-17,DE,estimate,quantile,0.25,0.818
2021-02-02,? day R,2021-01-18,DE,estimate,quantile,0.25,0.813
2021-02-02,? day R,2021-01-19,DE,estimate,quantile,0.25,0.809
2021-02-02,? day R,2021-01-20,DE,estimate,quantile,0.25,0.809
2021-02-02,? day R,2021-01-21,DE,estimate,quantile,0.25,0.809
2021-02-02,? day R,2021-01-22,DE,estimate,quantile,0.25,0.807
2021-02-02,? day R,2021-01-23,DE,estimate,quantile,0.25,0.804
2021-02-02,? day R,2021-01-24,DE,estimate,quantile,0.25,0.795
2021-02-02,? day R,2021-01-25,DE,estimate,quantile,0.25,0.796
2021-02-02,? day R,2021-01-26,DE,estimate,quantile,0.25,0.79
2021-02-02,? day R,2021-01-27,DE,estimate,quantile,0.25,0.799
2021-02-02,? day R,2021-01-28,DE,estimate,quantile,0.25,0.794
2021-02-02,? day R,2021-01-29,DE,estimate,quantile,0.25,0.791
2021-02-02,? day R,2021-01-30,DE,estimate,quantile,0.25,0.792
2021-02-02,? day R,2021-01-31,DE,estimate,quantile,0.25,0.794
2021-02-02,? day R,2021-02-01,DE,estimate,quantile,0.25,0.789
2021-02-02,? day R,2021-02-02,DE,estimate,quantile,0.25,0.785
2021-02-02,? day R,2021-02-03,DE,estimate,quantile,0.25,0.774
2021-02-02,? day R,2021-02-04,DE,estimate,quantile,0.25,0.775
2021-02-02,? day R,2021-02-05,DE,estimate,quantile,0.25,0.775
2021-02-02,? day R,2021-02-06,DE,estimate,quantile,0.25,0.772
2021-02-02,? day R,2021-02-07,DE,estimate,quantile,0.25,0.773
2021-02-02,? day R,2021-02-08,DE,estimate,quantile,0.25,0.773
2021-02-02,? day R,2021-02-09,DE,estimate,quantile,0.25,0.775
2021-02-02,? day R,2021-02-10,DE,estimate,quantile,0.25,0.775
2021-02-02,? day R,2020-02-20,DE,estimate,point,0.5,2.392
2021-02-02,? day R,2020-02-21,DE,estimate,point,0.5,2.385
2021-02-02,? day R,2020-02-22,DE,estimate,point,0.5,2.371
2021-02-02,? day R,2020-02-23,DE,estimate,point,0.5,2.355
2021-02-02,? day R,2020-02-24,DE,estimate,point,0.5,2.336
2021-02-02,? day R,2020-02-25,DE,estimate,point,0.5,2.311
2021-02-02,? day R,2020-02-26,DE,estimate,point,0.5,2.277
2021-02-02,? day R,2020-02-27,DE,estimate,point,0.5,2.232
2021-02-02,? day R,2020-02-28,DE,estimate,point,0.5,2.195
2021-02-02,? day R,2020-02-29,DE,estimate,point,0.5,2.146
2021-02-02,? day R,2020-03-01,DE,estimate,point,0.5,2.076
2021-02-02,? day R,2020-03-02,DE,estimate,point,0.5,2.011
2021-02-02,? day R,2020-03-03,DE,estimate,point,0.5,1.941
2021-02-02,? day R,2020-03-04,DE,estimate,point,0.5,1.865
2021-02-02,? day R,2020-03-05,DE,estimate,point,0.5,1.793
2021-02-02,? day R,2020-03-06,DE,estimate,point,0.5,1.716
2021-02-02,? day R,2020-03-07,DE,estimate,point,0.5,1.642
2021-02-02,? day R,2020-03-08,DE,estimate,point,0.5,1.562
2021-02-02,? day R,2020-03-09,DE,estimate,point,0.5,1.496
2021-02-02,? day R,2020-03-10,DE,estimate,point,0.5,1.426
2021-02-02,? day R,2020-03-11,DE,estimate,point,0.5,1.36
2021-02-02,? day R,2020-03-12,DE,estimate,point,0.5,1.3
2021-02-02,? day R,2020-03-13,DE,estimate,point,0.5,1.246
2021-02-02,? day R,2020-03-14,DE,estimate,point,0.5,1.196
2021-02-02,? day R,2020-03-15,DE,estimate,point,0.5,1.141
2021-02-02,? day R,2020-03-16,DE,estimate,point,0.5,1.087
2021-02-02,? day R,2020-03-17,DE,estimate,point,0.5,1.043
2021-02-02,? day R,2020-03-18,DE,estimate,point,0.5,1.003
2021-02-02,? day R,2020-03-19,DE,estimate,point,0.5,0.967
2021-02-02,? day R,2020-03-20,DE,estimate,point,0.5,0.932
2021-02-02,? day R,2020-03-21,DE,estimate,point,0.5,0.903
2021-02-02,? day R,2020-03-22,DE,estimate,point,0.5,0.873
2021-02-02,? day R,2020-03-23,DE,estimate,point,0.5,0.849
2021-02-02,? day R,2020-03-24,DE,estimate,point,0.5,0.826
2021-02-02,? day R,2020-03-25,DE,estimate,point,0.5,0.807
2021-02-02,? day R,2020-03-26,DE,estimate,point,0.5,0.786
2021-02-02,? day R,2020-03-27,DE,estimate,point,0.5,0.771
2021-02-02,? day R,2020-03-28,DE,estimate,point,0.5,0.757
2021-02-02,? day R,2020-03-29,DE,estimate,point,0.5,0.74
2021-02-02,? day R,2020-03-30,DE,estimate,point,0.5,0.733
2021-02-02,? day R,2020-03-31,DE,estimate,point,0.5,0.724
2021-02-02,? day R,2020-04-01,DE,estimate,point,0.5,0.715
2021-02-02,? day R,2020-04-02,DE,estimate,point,0.5,0.705
2021-02-02,? day R,2020-04-03,DE,estimate,point,0.5,0.699
2021-02-02,? day R,2020-04-04,DE,estimate,point,0.5,0.694
2021-02-02,? day R,2020-04-05,DE,estimate,point,0.5,0.69
2021-02-02,? day R,2020-04-06,DE,estimate,point,0.5,0.688
2021-02-02,? day R,2020-04-07,DE,estimate,point,0.5,0.685
2021-02-02,? day R,2020-04-08,DE,estimate,point,0.5,0.686
2021-02-02,? day R,2020-04-09,DE,estimate,point,0.5,0.685
2021-02-02,? day R,2020-04-10,DE,estimate,point,0.5,0.688
2021-02-02,? day R,2020-04-11,DE,estimate,point,0.5,0.686
2021-02-02,? day R,2020-04-12,DE,estimate,point,0.5,0.689
2021-02-02,? day R,2020-04-13,DE,estimate,point,0.5,0.693
2021-02-02,? day R,2020-04-14,DE,estimate,point,0.5,0.697
2021-02-02,? day R,2020-04-15,DE,estimate,point,0.5,0.703
2021-02-02,? day R,2020-04-16,DE,estimate,point,0.5,0.703
2021-02-02,? day R,2020-04-17,DE,estimate,point,0.5,0.713
2021-02-02,? day R,2020-04-18,DE,estimate,point,0.5,0.715
2021-02-02,? day R,2020-04-19,DE,estimate,point,0.5,0.721
2021-02-02,? day R,2020-04-20,DE,estimate,point,0.5,0.731
2021-02-02,? day R,2020-04-21,DE,estimate,point,0.5,0.738
2021-02-02,? day R,2020-04-22,DE,estimate,point,0.5,0.744
2021-02-02,? day R,2020-04-23,DE,estimate,point,0.5,0.755
2021-02-02,? day R,2020-04-24,DE,estimate,point,0.5,0.763
2021-02-02,? day R,2020-04-25,DE,estimate,point,0.5,0.771
2021-02-02,? day R,2020-04-26,DE,estimate,point,0.5,0.779
2021-02-02,? day R,2020-04-27,DE,estimate,point,0.5,0.788
2021-02-02,? day R,2020-04-28,DE,estimate,point,0.5,0.797
2021-02-02,? day R,2020-04-29,DE,estimate,point,0.5,0.804
2021-02-02,? day R,2020-04-30,DE,estimate,point,0.5,0.814
2021-02-02,? day R,2020-05-01,DE,estimate,point,0.5,0.824
2021-02-02,? day R,2020-05-02,DE,estimate,point,0.5,0.83
2021-02-02,? day R,2020-05-03,DE,estimate,point,0.5,0.843
2021-02-02,? day R,2020-05-04,DE,estimate,point,0.5,0.851
2021-02-02,? day R,2020-05-05,DE,estimate,point,0.5,0.859
2021-02-02,? day R,2020-05-06,DE,estimate,point,0.5,0.868
2021-02-02,? day R,2020-05-07,DE,estimate,point,0.5,0.877
2021-02-02,? day R,2020-05-08,DE,estimate,point,0.5,0.884
2021-02-02,? day R,2020-05-09,DE,estimate,point,0.5,0.896
2021-02-02,? day R,2020-05-10,DE,estimate,point,0.5,0.903
2021-02-02,? day R,2020-05-11,DE,estimate,point,0.5,0.911
2021-02-02,? day R,2020-05-12,DE,estimate,point,0.5,0.919
2021-02-02,? day R,2020-05-13,DE,estimate,point,0.5,0.926
2021-02-02,? day R,2020-05-14,DE,estimate,point,0.5,0.935
2021-02-02,? day R,2020-05-15,DE,estimate,point,0.5,0.946
2021-02-02,? day R,2020-05-16,DE,estimate,point,0.5,0.953
2021-02-02,? day R,2020-05-17,DE,estimate,point,0.5,0.966
2021-02-02,? day R,2020-05-18,DE,estimate,point,0.5,0.974
2021-02-02,? day R,2020-05-19,DE,estimate,point,0.5,0.98
2021-02-02,? day R,2020-05-20,DE,estimate,point,0.5,0.994
2021-02-02,? day R,2020-05-21,DE,estimate,point,0.5,0.999
2021-02-02,? day R,2020-05-22,DE,estimate,point,0.5,1.006
2021-02-02,? day R,2020-05-23,DE,estimate,point,0.5,1.007
2021-02-02,? day R,2020-05-24,DE,estimate,point,0.5,1.014
2021-02-02,? day R,2020-05-25,DE,estimate,point,0.5,1.017
2021-02-02,? day R,2020-05-26,DE,estimate,point,0.5,1.021
2021-02-02,? day R,2020-05-27,DE,estimate,point,0.5,1.021
2021-02-02,? day R,2020-05-28,DE,estimate,point,0.5,1.022
2021-02-02,? day R,2020-05-29,DE,estimate,point,0.5,1.023
2021-02-02,? day R,2020-05-30,DE,estimate,point,0.5,1.019
2021-02-02,? day R,2020-05-31,DE,estimate,point,0.5,1.016
2021-02-02,? day R,2020-06-01,DE,estimate,point,0.5,1.013
2021-02-02,? day R,2020-06-02,DE,estimate,point,0.5,1.006
2021-02-02,? day R,2020-06-03,DE,estimate,point,0.5,1.001
2021-02-02,? day R,2020-06-04,DE,estimate,point,0.5,0.994
2021-02-02,? day R,2020-06-05,DE,estimate,point,0.5,0.985
2021-02-02,? day R,2020-06-06,DE,estimate,point,0.5,0.977
2021-02-02,? day R,2020-06-07,DE,estimate,point,0.5,0.965
2021-02-02,? day R,2020-06-08,DE,estimate,point,0.5,0.955
2021-02-02,? day R,2020-06-09,DE,estimate,point,0.5,0.946
2021-02-02,? day R,2020-06-10,DE,estimate,point,0.5,0.938
2021-02-02,? day R,2020-06-11,DE,estimate,point,0.5,0.93
2021-02-02,? day R,2020-06-12,DE,estimate,point,0.5,0.926
2021-02-02,? day R,2020-06-13,DE,estimate,point,0.5,0.922
2021-02-02,? day R,2020-06-14,DE,estimate,point,0.5,0.921
2021-02-02,? day R,2020-06-15,DE,estimate,point,0.5,0.922
2021-02-02,? day R,2020-06-16,DE,estimate,point,0.5,0.925
2021-02-02,? day R,2020-06-17,DE,estimate,point,0.5,0.929
2021-02-02,? day R,2020-06-18,DE,estimate,point,0.5,0.934
2021-02-02,? day R,2020-06-19,DE,estimate,point,0.5,0.938
2021-02-02,? day R,2020-06-20,DE,estimate,point,0.5,0.944
2021-02-02,? day R,2020-06-21,DE,estimate,point,0.5,0.952
2021-02-02,? day R,2020-06-22,DE,estimate,point,0.5,0.964
2021-02-02,? day R,2020-06-23,DE,estimate,point,0.5,0.97
2021-02-02,? day R,2020-06-24,DE,estimate,point,0.5,0.983
2021-02-02,? day R,2020-06-25,DE,estimate,point,0.5,0.996
2021-02-02,? day R,2020-06-26,DE,estimate,point,0.5,1.008
2021-02-02,? day R,2020-06-27,DE,estimate,point,0.5,1.021
2021-02-02,? day R,2020-06-28,DE,estimate,point,0.5,1.036
2021-02-02,? day R,2020-06-29,DE,estimate,point,0.5,1.048
2021-02-02,? day R,2020-06-30,DE,estimate,point,0.5,1.057
2021-02-02,? day R,2020-07-01,DE,estimate,point,0.5,1.068
2021-02-02,? day R,2020-07-02,DE,estimate,point,0.5,1.082
2021-02-02,? day R,2020-07-03,DE,estimate,point,0.5,1.097
2021-02-02,? day R,2020-07-04,DE,estimate,point,0.5,1.11
2021-02-02,? day R,2020-07-05,DE,estimate,point,0.5,1.114
2021-02-02,? day R,2020-07-06,DE,estimate,point,0.5,1.124
2021-02-02,? day R,2020-07-07,DE,estimate,point,0.5,1.129
2021-02-02,? day R,2020-07-08,DE,estimate,point,0.5,1.134
2021-02-02,? day R,2020-07-09,DE,estimate,point,0.5,1.143
2021-02-02,? day R,2020-07-10,DE,estimate,point,0.5,1.145
2021-02-02,? day R,2020-07-11,DE,estimate,point,0.5,1.147
2021-02-02,? day R,2020-07-12,DE,estimate,point,0.5,1.144
2021-02-02,? day R,2020-07-13,DE,estimate,point,0.5,1.148
2021-02-02,? day R,2020-07-14,DE,estimate,point,0.5,1.145
2021-02-02,? day R,2020-07-15,DE,estimate,point,0.5,1.142
2021-02-02,? day R,2020-07-16,DE,estimate,point,0.5,1.14
2021-02-02,? day R,2020-07-17,DE,estimate,point,0.5,1.136
2021-02-02,? day R,2020-07-18,DE,estimate,point,0.5,1.133
2021-02-02,? day R,2020-07-19,DE,estimate,point,0.5,1.128
2021-02-02,? day R,2020-07-20,DE,estimate,point,0.5,1.119
2021-02-02,? day R,2020-07-21,DE,estimate,point,0.5,1.112
2021-02-02,? day R,2020-07-22,DE,estimate,point,0.5,1.108
2021-02-02,? day R,2020-07-23,DE,estimate,point,0.5,1.101
2021-02-02,? day R,2020-07-24,DE,estimate,point,0.5,1.093
2021-02-02,? day R,2020-07-25,DE,estimate,point,0.5,1.086
2021-02-02,? day R,2020-07-26,DE,estimate,point,0.5,1.079
2021-02-02,? day R,2020-07-27,DE,estimate,point,0.5,1.071
2021-02-02,? day R,2020-07-28,DE,estimate,point,0.5,1.071
2021-02-02,? day R,2020-07-29,DE,estimate,point,0.5,1.058
2021-02-02,? day R,2020-07-30,DE,estimate,point,0.5,1.055
2021-02-02,? day R,2020-07-31,DE,estimate,point,0.5,1.047
2021-02-02,? day R,2020-08-01,DE,estimate,point,0.5,1.042
2021-02-02,? day R,2020-08-02,DE,estimate,point,0.5,1.038
2021-02-02,? day R,2020-08-03,DE,estimate,point,0.5,1.03
2021-02-02,? day R,2020-08-04,DE,estimate,point,0.5,1.025
2021-02-02,? day R,2020-08-05,DE,estimate,point,0.5,1.02
2021-02-02,? day R,2020-08-06,DE,estimate,point,0.5,1.013
2021-02-02,? day R,2020-08-07,DE,estimate,point,0.5,1.011
2021-02-02,? day R,2020-08-08,DE,estimate,point,0.5,1.006
2021-02-02,? day R,2020-08-09,DE,estimate,point,0.5,1.003
2021-02-02,? day R,2020-08-10,DE,estimate,point,0.5,0.999
2021-02-02,? day R,2020-08-11,DE,estimate,point,0.5,1.001
2021-02-02,? day R,2020-08-12,DE,estimate,point,0.5,1.002
2021-02-02,? day R,2020-08-13,DE,estimate,point,0.5,0.999
2021-02-02,? day R,2020-08-14,DE,estimate,point,0.5,1.004
2021-02-02,? day R,2020-08-15,DE,estimate,point,0.5,1.008
2021-02-02,? day R,2020-08-16,DE,estimate,point,0.5,1.011
2021-02-02,? day R,2020-08-17,DE,estimate,point,0.5,1.019
2021-02-02,? day R,2020-08-18,DE,estimate,point,0.5,1.021
2021-02-02,? day R,2020-08-19,DE,estimate,point,0.5,1.025
2021-02-02,? day R,2020-08-20,DE,estimate,point,0.5,1.033
2021-02-02,? day R,2020-08-21,DE,estimate,point,0.5,1.037
2021-02-02,? day R,2020-08-22,DE,estimate,point,0.5,1.043
2021-02-02,? day R,2020-08-23,DE,estimate,point,0.5,1.051
2021-02-02,? day R,2020-08-24,DE,estimate,point,0.5,1.057
2021-02-02,? day R,2020-08-25,DE,estimate,point,0.5,1.059
2021-02-02,? day R,2020-08-26,DE,estimate,point,0.5,1.064
2021-02-02,? day R,2020-08-27,DE,estimate,point,0.5,1.072
2021-02-02,? day R,2020-08-28,DE,estimate,point,0.5,1.082
2021-02-02,? day R,2020-08-29,DE,estimate,point,0.5,1.086
2021-02-02,? day R,2020-08-30,DE,estimate,point,0.5,1.093
2021-02-02,? day R,2020-08-31,DE,estimate,point,0.5,1.1
2021-02-02,? day R,2020-09-01,DE,estimate,point,0.5,1.105
2021-02-02,? day R,2020-09-02,DE,estimate,point,0.5,1.112
2021-02-02,? day R,2020-09-03,DE,estimate,point,0.5,1.117
2021-02-02,? day R,2020-09-04,DE,estimate,point,0.5,1.125
2021-02-02,? day R,2020-09-05,DE,estimate,point,0.5,1.13
2021-02-02,? day R,2020-09-06,DE,estimate,point,0.5,1.135
2021-02-02,? day R,2020-09-07,DE,estimate,point,0.5,1.144
2021-02-02,? day R,2020-09-08,DE,estimate,point,0.5,1.15
2021-02-02,? day R,2020-09-09,DE,estimate,point,0.5,1.163
2021-02-02,? day R,2020-09-10,DE,estimate,point,0.5,1.168
2021-02-02,? day R,2020-09-11,DE,estimate,point,0.5,1.18
2021-02-02,? day R,2020-09-12,DE,estimate,point,0.5,1.186
2021-02-02,? day R,2020-09-13,DE,estimate,point,0.5,1.198
2021-02-02,? day R,2020-09-14,DE,estimate,point,0.5,1.208
2021-02-02,? day R,2020-09-15,DE,estimate,point,0.5,1.219
2021-02-02,? day R,2020-09-16,DE,estimate,point,0.5,1.228
2021-02-02,? day R,2020-09-17,DE,estimate,point,0.5,1.24
2021-02-02,? day R,2020-09-18,DE,estimate,point,0.5,1.25
2021-02-02,? day R,2020-09-19,DE,estimate,point,0.5,1.261
2021-02-02,? day R,2020-09-20,DE,estimate,point,0.5,1.268
2021-02-02,? day R,2020-09-21,DE,estimate,point,0.5,1.275
2021-02-02,? day R,2020-09-22,DE,estimate,point,0.5,1.285
2021-02-02,? day R,2020-09-23,DE,estimate,point,0.5,1.293
2021-02-02,? day R,2020-09-24,DE,estimate,point,0.5,1.298
2021-02-02,? day R,2020-09-25,DE,estimate,point,0.5,1.309
2021-02-02,? day R,2020-09-26,DE,estimate,point,0.5,1.319
2021-02-02,? day R,2020-09-27,DE,estimate,point,0.5,1.326
2021-02-02,? day R,2020-09-28,DE,estimate,point,0.5,1.333
2021-02-02,? day R,2020-09-29,DE,estimate,point,0.5,1.334
2021-02-02,? day R,2020-09-30,DE,estimate,point,0.5,1.332
2021-02-02,? day R,2020-10-01,DE,estimate,point,0.5,1.331
2021-02-02,? day R,2020-10-02,DE,estimate,point,0.5,1.334
2021-02-02,? day R,2020-10-03,DE,estimate,point,0.5,1.333
2021-02-02,? day R,2020-10-04,DE,estimate,point,0.5,1.326
2021-02-02,? day R,2020-10-05,DE,estimate,point,0.5,1.323
2021-02-02,? day R,2020-10-06,DE,estimate,point,0.5,1.324
2021-02-02,? day R,2020-10-07,DE,estimate,point,0.5,1.31
2021-02-02,? day R,2020-10-08,DE,estimate,point,0.5,1.299
2021-02-02,? day R,2020-10-09,DE,estimate,point,0.5,1.284
2021-02-02,? day R,2020-10-10,DE,estimate,point,0.5,1.278
2021-02-02,? day R,2020-10-11,DE,estimate,point,0.5,1.265
2021-02-02,? day R,2020-10-12,DE,estimate,point,0.5,1.256
2021-02-02,? day R,2020-10-13,DE,estimate,point,0.5,1.242
2021-02-02,? day R,2020-10-14,DE,estimate,point,0.5,1.226
2021-02-02,? day R,2020-10-15,DE,estimate,point,0.5,1.213
2021-02-02,? day R,2020-10-16,DE,estimate,point,0.5,1.199
2021-02-02,? day R,2020-10-17,DE,estimate,point,0.5,1.187
2021-02-02,? day R,2020-10-18,DE,estimate,point,0.5,1.174
2021-02-02,? day R,2020-10-19,DE,estimate,point,0.5,1.165
2021-02-02,? day R,2020-10-20,DE,estimate,point,0.5,1.151
2021-02-02,? day R,2020-10-21,DE,estimate,point,0.5,1.14
2021-02-02,? day R,2020-10-22,DE,estimate,point,0.5,1.127
2021-02-02,? day R,2020-10-23,DE,estimate,point,0.5,1.115
2021-02-02,? day R,2020-10-24,DE,estimate,point,0.5,1.106
2021-02-02,? day R,2020-10-25,DE,estimate,point,0.5,1.096
2021-02-02,? day R,2020-10-26,DE,estimate,point,0.5,1.083
2021-02-02,? day R,2020-10-27,DE,estimate,point,0.5,1.077
2021-02-02,? day R,2020-10-28,DE,estimate,point,0.5,1.072
2021-02-02,? day R,2020-10-29,DE,estimate,point,0.5,1.062
2021-02-02,? day R,2020-10-30,DE,estimate,point,0.5,1.049
2021-02-02,? day R,2020-10-31,DE,estimate,point,0.5,1.044
2021-02-02,? day R,2020-11-01,DE,estimate,point,0.5,1.038
2021-02-02,? day R,2020-11-02,DE,estimate,point,0.5,1.035
2021-02-02,? day R,2020-11-03,DE,estimate,point,0.5,1.029
2021-02-02,? day R,2020-11-04,DE,estimate,point,0.5,1.028
2021-02-02,? day R,2020-11-05,DE,estimate,point,0.5,1.025
2021-02-02,? day R,2020-11-06,DE,estimate,point,0.5,1.021
2021-02-02,? day R,2020-11-07,DE,estimate,point,0.5,1.019
2021-02-02,? day R,2020-11-08,DE,estimate,point,0.5,1.022
2021-02-02,? day R,2020-11-09,DE,estimate,point,0.5,1.018
2021-02-02,? day R,2020-11-10,DE,estimate,point,0.5,1.019
2021-02-02,? day R,2020-11-11,DE,estimate,point,0.5,1.022
2021-02-02,? day R,2020-11-12,DE,estimate,point,0.5,1.019
2021-02-02,? day R,2020-11-13,DE,estimate,point,0.5,1.022
2021-02-02,? day R,2020-11-14,DE,estimate,point,0.5,1.023
2021-02-02,? day R,2020-11-15,DE,estimate,point,0.5,1.023
2021-02-02,? day R,2020-11-16,DE,estimate,point,0.5,1.027
2021-02-02,? day R,2020-11-17,DE,estimate,point,0.5,1.031
2021-02-02,? day R,2020-11-18,DE,estimate,point,0.5,1.034
2021-02-02,? day R,2020-11-19,DE,estimate,point,0.5,1.039
2021-02-02,? day R,2020-11-20,DE,estimate,point,0.5,1.039
2021-02-02,? day R,2020-11-21,DE,estimate,point,0.5,1.041
2021-02-02,? day R,2020-11-22,DE,estimate,point,0.5,1.048
2021-02-02,? day R,2020-11-23,DE,estimate,point,0.5,1.049
2021-02-02,? day R,2020-11-24,DE,estimate,point,0.5,1.049
2021-02-02,? day R,2020-11-25,DE,estimate,point,0.5,1.053
2021-02-02,? day R,2020-11-26,DE,estimate,point,0.5,1.053
2021-02-02,? day R,2020-11-27,DE,estimate,point,0.5,1.057
2021-02-02,? day R,2020-11-28,DE,estimate,point,0.5,1.058
2021-02-02,? day R,2020-11-29,DE,estimate,point,0.5,1.052
2021-02-02,? day R,2020-11-30,DE,estimate,point,0.5,1.056
2021-02-02,? day R,2020-12-01,DE,estimate,point,0.5,1.055
2021-02-02,? day R,2020-12-02,DE,estimate,point,0.5,1.053
2021-02-02,? day R,2020-12-03,DE,estimate,point,0.5,1.052
2021-02-02,? day R,2020-12-04,DE,estimate,point,0.5,1.051
2021-02-02,? day R,2020-12-05,DE,estimate,point,0.5,1.045
2021-02-02,? day R,2020-12-06,DE,estimate,point,0.5,1.043
2021-02-02,? day R,2020-12-07,DE,estimate,point,0.5,1.037
2021-02-02,? day R,2020-12-08,DE,estimate,point,0.5,1.033
2021-02-02,? day R,2020-12-09,DE,estimate,point,0.5,1.031
2021-02-02,? day R,2020-12-10,DE,estimate,point,0.5,1.025
2021-02-02,? day R,2020-12-11,DE,estimate,point,0.5,1.023
2021-02-02,? day R,2020-12-12,DE,estimate,point,0.5,1.019
2021-02-02,? day R,2020-12-13,DE,estimate,point,0.5,1.012
2021-02-02,? day R,2020-12-14,DE,estimate,point,0.5,1.002
2021-02-02,? day R,2020-12-15,DE,estimate,point,0.5,0.994
2021-02-02,? day R,2020-12-16,DE,estimate,point,0.5,0.988
2021-02-02,? day R,2020-12-17,DE,estimate,point,0.5,0.98
2021-02-02,? day R,2020-12-18,DE,estimate,point,0.5,0.971
2021-02-02,? day R,2020-12-19,DE,estimate,point,0.5,0.966
2021-02-02,? day R,2020-12-20,DE,estimate,point,0.5,0.958
2021-02-02,? day R,2020-12-21,DE,estimate,point,0.5,0.948
2021-02-02,? day R,2020-12-22,DE,estimate,point,0.5,0.938
2021-02-02,? day R,2020-12-23,DE,estimate,point,0.5,0.93
2021-02-02,? day R,2020-12-24,DE,estimate,point,0.5,0.919
2021-02-02,? day R,2020-12-25,DE,estimate,point,0.5,0.916
2021-02-02,? day R,2020-12-26,DE,estimate,point,0.5,0.909
2021-02-02,? day R,2020-12-27,DE,estimate,point,0.5,0.904
2021-02-02,? day R,2020-12-28,DE,estimate,point,0.5,0.895
2021-02-02,? day R,2020-12-29,DE,estimate,point,0.5,0.888
2021-02-02,? day R,2020-12-30,DE,estimate,point,0.5,0.885
2021-02-02,? day R,2020-12-31,DE,estimate,point,0.5,0.883
2021-02-02,? day R,2021-01-01,DE,estimate,point,0.5,0.88
2021-02-02,? day R,2021-01-02,DE,estimate,point,0.5,0.878
2021-02-02,? day R,2021-01-03,DE,estimate,point,0.5,0.877
2021-02-02,? day R,2021-01-04,DE,estimate,point,0.5,0.875
2021-02-02,? day R,2021-01-05,DE,estimate,point,0.5,0.876
2021-02-02,? day R,2021-01-06,DE,estimate,point,0.5,0.876
2021-02-02,? day R,2021-01-07,DE,estimate,point,0.5,0.878
2021-02-02,? day R,2021-01-08,DE,estimate,point,0.5,0.874
2021-02-02,? day R,2021-01-09,DE,estimate,point,0.5,0.88
2021-02-02,? day R,2021-01-10,DE,estimate,point,0.5,0.881
2021-02-02,? day R,2021-01-11,DE,estimate,point,0.5,0.879
2021-02-02,? day R,2021-01-12,DE,estimate,point,0.5,0.88
2021-02-02,? day R,2021-01-13,DE,estimate,point,0.5,0.881
2021-02-02,? day R,2021-01-14,DE,estimate,point,0.5,0.885
2021-02-02,? day R,2021-01-15,DE,estimate,point,0.5,0.883
2021-02-02,? day R,2021-01-16,DE,estimate,point,0.5,0.88
2021-02-02,? day R,2021-01-17,DE,estimate,point,0.5,0.878
2021-02-02,? day R,2021-01-18,DE,estimate,point,0.5,0.881
2021-02-02,? day R,2021-01-19,DE,estimate,point,0.5,0.881
2021-02-02,? day R,2021-01-20,DE,estimate,point,0.5,0.882
2021-02-02,? day R,2021-01-21,DE,estimate,point,0.5,0.884
2021-02-02,? day R,2021-01-22,DE,estimate,point,0.5,0.891
2021-02-02,? day R,2021-01-23,DE,estimate,point,0.5,0.891
2021-02-02,? day R,2021-01-24,DE,estimate,point,0.5,0.889
2021-02-02,? day R,2021-01-25,DE,estimate,point,0.5,0.894
2021-02-02,? day R,2021-01-26,DE,estimate,point,0.5,0.888
2021-02-02,? day R,2021-01-27,DE,estimate,point,0.5,0.888
2021-02-02,? day R,2021-01-28,DE,estimate,point,0.5,0.888
2021-02-02,? day R,2021-01-29,DE,estimate,point,0.5,0.888
2021-02-02,? day R,2021-01-30,DE,estimate,point,0.5,0.882
2021-02-02,? day R,2021-01-31,DE,estimate,point,0.5,0.883
2021-02-02,? day R,2021-02-01,DE,estimate,point,0.5,0.887
2021-02-02,? day R,2021-02-02,DE,estimate,point,0.5,0.89
2021-02-02,? day R,2021-02-03,DE,estimate,point,0.5,0.884
2021-02-02,? day R,2021-02-04,DE,estimate,point,0.5,0.889
2021-02-02,? day R,2021-02-05,DE,estimate,point,0.5,0.892
2021-02-02,? day R,2021-02-06,DE,estimate,point,0.5,0.896
2021-02-02,? day R,2021-02-07,DE,estimate,point,0.5,0.893
2021-02-02,? day R,2021-02-08,DE,estimate,point,0.5,0.898
2021-02-02,? day R,2021-02-09,DE,estimate,point,0.5,0.891
2021-02-02,? day R,2021-02-10,DE,estimate,point,0.5,0.893
2021-02-02,? day R,2020-02-20,DE,estimate,quantile,0.75,2.581
2021-02-02,? day R,2020-02-21,DE,estimate,quantile,0.75,2.576
2021-02-02,? day R,2020-02-22,DE,estimate,quantile,0.75,2.549
2021-02-02,? day R,2020-02-23,DE,estimate,quantile,0.75,2.513
2021-02-02,? day R,2020-02-24,DE,estimate,quantile,0.75,2.498
2021-02-02,? day R,2020-02-25,DE,estimate,quantile,0.75,2.464
2021-02-02,? day R,2020-02-26,DE,estimate,quantile,0.75,2.422
2021-02-02,? day R,2020-02-27,DE,estimate,quantile,0.75,2.372
2021-02-02,? day R,2020-02-28,DE,estimate,quantile,0.75,2.314
2021-02-02,? day R,2020-02-29,DE,estimate,quantile,0.75,2.241
2021-02-02,? day R,2020-03-01,DE,estimate,quantile,0.75,2.171
2021-02-02,? day R,2020-03-02,DE,estimate,quantile,0.75,2.104
2021-02-02,? day R,2020-03-03,DE,estimate,quantile,0.75,2.03
2021-02-02,? day R,2020-03-04,DE,estimate,quantile,0.75,1.953
2021-02-02,? day R,2020-03-05,DE,estimate,quantile,0.75,1.863
2021-02-02,? day R,2020-03-06,DE,estimate,quantile,0.75,1.782
2021-02-02,? day R,2020-03-07,DE,estimate,quantile,0.75,1.714
2021-02-02,? day R,2020-03-08,DE,estimate,quantile,0.75,1.632
2021-02-02,? day R,2020-03-09,DE,estimate,quantile,0.75,1.561
2021-02-02,? day R,2020-03-10,DE,estimate,quantile,0.75,1.488
2021-02-02,? day R,2020-03-11,DE,estimate,quantile,0.75,1.417
2021-02-02,? day R,2020-03-12,DE,estimate,quantile,0.75,1.353
2021-02-02,? day R,2020-03-13,DE,estimate,quantile,0.75,1.292
2021-02-02,? day R,2020-03-14,DE,estimate,quantile,0.75,1.238
2021-02-02,? day R,2020-03-15,DE,estimate,quantile,0.75,1.186
2021-02-02,? day R,2020-03-16,DE,estimate,quantile,0.75,1.14
2021-02-02,? day R,2020-03-17,DE,estimate,quantile,0.75,1.091
2021-02-02,? day R,2020-03-18,DE,estimate,quantile,0.75,1.05
2021-02-02,? day R,2020-03-19,DE,estimate,quantile,0.75,1.011
2021-02-02,? day R,2020-03-20,DE,estimate,quantile,0.75,0.976
2021-02-02,? day R,2020-03-21,DE,estimate,quantile,0.75,0.94
2021-02-02,? day R,2020-03-22,DE,estimate,quantile,0.75,0.914
2021-02-02,? day R,2020-03-23,DE,estimate,quantile,0.75,0.885
2021-02-02,? day R,2020-03-24,DE,estimate,quantile,0.75,0.862
2021-02-02,? day R,2020-03-25,DE,estimate,quantile,0.75,0.84
2021-02-02,? day R,2020-03-26,DE,estimate,quantile,0.75,0.819
2021-02-02,? day R,2020-03-27,DE,estimate,quantile,0.75,0.802
2021-02-02,? day R,2020-03-28,DE,estimate,quantile,0.75,0.788
2021-02-02,? day R,2020-03-29,DE,estimate,quantile,0.75,0.78
2021-02-02,? day R,2020-03-30,DE,estimate,quantile,0.75,0.764
2021-02-02,? day R,2020-03-31,DE,estimate,quantile,0.75,0.757
2021-02-02,? day R,2020-04-01,DE,estimate,quantile,0.75,0.747
2021-02-02,? day R,2020-04-02,DE,estimate,quantile,0.75,0.739
2021-02-02,? day R,2020-04-03,DE,estimate,quantile,0.75,0.731
2021-02-02,? day R,2020-04-04,DE,estimate,quantile,0.75,0.728
2021-02-02,? day R,2020-04-05,DE,estimate,quantile,0.75,0.721
2021-02-02,? day R,2020-04-06,DE,estimate,quantile,0.75,0.718
2021-02-02,? day R,2020-04-07,DE,estimate,quantile,0.75,0.716
2021-02-02,? day R,2020-04-08,DE,estimate,quantile,0.75,0.713
2021-02-02,? day R,2020-04-09,DE,estimate,quantile,0.75,0.71
2021-02-02,? day R,2020-04-10,DE,estimate,quantile,0.75,0.716
2021-02-02,? day R,2020-04-11,DE,estimate,quantile,0.75,0.717
2021-02-02,? day R,2020-04-12,DE,estimate,quantile,0.75,0.719
2021-02-02,? day R,2020-04-13,DE,estimate,quantile,0.75,0.724
2021-02-02,? day R,2020-04-14,DE,estimate,quantile,0.75,0.728
2021-02-02,? day R,2020-04-15,DE,estimate,quantile,0.75,0.735
2021-02-02,? day R,2020-04-16,DE,estimate,quantile,0.75,0.741
2021-02-02,? day R,2020-04-17,DE,estimate,quantile,0.75,0.747
2021-02-02,? day R,2020-04-18,DE,estimate,quantile,0.75,0.749
2021-02-02,? day R,2020-04-19,DE,estimate,quantile,0.75,0.755
2021-02-02,? day R,2020-04-20,DE,estimate,quantile,0.75,0.765
2021-02-02,? day R,2020-04-21,DE,estimate,quantile,0.75,0.772
2021-02-02,? day R,2020-04-22,DE,estimate,quantile,0.75,0.781
2021-02-02,? day R,2020-04-23,DE,estimate,quantile,0.75,0.789
2021-02-02,? day R,2020-04-24,DE,estimate,quantile,0.75,0.799
2021-02-02,? day R,2020-04-25,DE,estimate,quantile,0.75,0.804
2021-02-02,? day R,2020-04-26,DE,estimate,quantile,0.75,0.816
2021-02-02,? day R,2020-04-27,DE,estimate,quantile,0.75,0.82
2021-02-02,? day R,2020-04-28,DE,estimate,quantile,0.75,0.83
2021-02-02,? day R,2020-04-29,DE,estimate,quantile,0.75,0.839
2021-02-02,? day R,2020-04-30,DE,estimate,quantile,0.75,0.845
2021-02-02,? day R,2020-05-01,DE,estimate,quantile,0.75,0.858
2021-02-02,? day R,2020-05-02,DE,estimate,quantile,0.75,0.867
2021-02-02,? day R,2020-05-03,DE,estimate,quantile,0.75,0.878
2021-02-02,? day R,2020-05-04,DE,estimate,quantile,0.75,0.886
2021-02-02,? day R,2020-05-05,DE,estimate,quantile,0.75,0.895
2021-02-02,? day R,2020-05-06,DE,estimate,quantile,0.75,0.903
2021-02-02,? day R,2020-05-07,DE,estimate,quantile,0.75,0.913
2021-02-02,? day R,2020-05-08,DE,estimate,quantile,0.75,0.921
2021-02-02,? day R,2020-05-09,DE,estimate,quantile,0.75,0.933
2021-02-02,? day R,2020-05-10,DE,estimate,quantile,0.75,0.943
2021-02-02,? day R,2020-05-11,DE,estimate,quantile,0.75,0.95
2021-02-02,? day R,2020-05-12,DE,estimate,quantile,0.75,0.962
2021-02-02,? day R,2020-05-13,DE,estimate,quantile,0.75,0.965
2021-02-02,? day R,2020-05-14,DE,estimate,quantile,0.75,0.979
2021-02-02,? day R,2020-05-15,DE,estimate,quantile,0.75,0.984
2021-02-02,? day R,2020-05-16,DE,estimate,quantile,0.75,0.997
2021-02-02,? day R,2020-05-17,DE,estimate,quantile,0.75,1.002
2021-02-02,? day R,2020-05-18,DE,estimate,quantile,0.75,1.012
2021-02-02,? day R,2020-05-19,DE,estimate,quantile,0.75,1.022
2021-02-02,? day R,2020-05-20,DE,estimate,quantile,0.75,1.033
2021-02-02,? day R,2020-05-21,DE,estimate,quantile,0.75,1.042
2021-02-02,? day R,2020-05-22,DE,estimate,quantile,0.75,1.044
2021-02-02,? day R,2020-05-23,DE,estimate,quantile,0.75,1.053
2021-02-02,? day R,2020-05-24,DE,estimate,quantile,0.75,1.058
2021-02-02,? day R,2020-05-25,DE,estimate,quantile,0.75,1.056
2021-02-02,? day R,2020-05-26,DE,estimate,quantile,0.75,1.062
2021-02-02,? day R,2020-05-27,DE,estimate,quantile,0.75,1.063
2021-02-02,? day R,2020-05-28,DE,estimate,quantile,0.75,1.066
2021-02-02,? day R,2020-05-29,DE,estimate,quantile,0.75,1.063
2021-02-02,? day R,2020-05-30,DE,estimate,quantile,0.75,1.064
2021-02-02,? day R,2020-05-31,DE,estimate,quantile,0.75,1.059
2021-02-02,? day R,2020-06-01,DE,estimate,quantile,0.75,1.056
2021-02-02,? day R,2020-06-02,DE,estimate,quantile,0.75,1.05
2021-02-02,? day R,2020-06-03,DE,estimate,quantile,0.75,1.042
2021-02-02,? day R,2020-06-04,DE,estimate,quantile,0.75,1.032
2021-02-02,? day R,2020-06-05,DE,estimate,quantile,0.75,1.026
2021-02-02,? day R,2020-06-06,DE,estimate,quantile,0.75,1.017
2021-02-02,? day R,2020-06-07,DE,estimate,quantile,0.75,1.01
2021-02-02,? day R,2020-06-08,DE,estimate,quantile,0.75,1.001
2021-02-02,? day R,2020-06-09,DE,estimate,quantile,0.75,0.987
2021-02-02,? day R,2020-06-10,DE,estimate,quantile,0.75,0.981
2021-02-02,? day R,2020-06-11,DE,estimate,quantile,0.75,0.968
2021-02-02,? day R,2020-06-12,DE,estimate,quantile,0.75,0.967
2021-02-02,? day R,2020-06-13,DE,estimate,quantile,0.75,0.962
2021-02-02,? day R,2020-06-14,DE,estimate,quantile,0.75,0.96
2021-02-02,? day R,2020-06-15,DE,estimate,quantile,0.75,0.962
2021-02-02,? day R,2020-06-16,DE,estimate,quantile,0.75,0.963
2021-02-02,? day R,2020-06-17,DE,estimate,quantile,0.75,0.965
2021-02-02,? day R,2020-06-18,DE,estimate,quantile,0.75,0.97
2021-02-02,? day R,2020-06-19,DE,estimate,quantile,0.75,0.975
2021-02-02,? day R,2020-06-20,DE,estimate,quantile,0.75,0.983
2021-02-02,? day R,2020-06-21,DE,estimate,quantile,0.75,0.992
2021-02-02,? day R,2020-06-22,DE,estimate,quantile,0.75,1.002
2021-02-02,? day R,2020-06-23,DE,estimate,quantile,0.75,1.015
2021-02-02,? day R,2020-06-24,DE,estimate,quantile,0.75,1.025
2021-02-02,? day R,2020-06-25,DE,estimate,quantile,0.75,1.036
2021-02-02,? day R,2020-06-26,DE,estimate,quantile,0.75,1.049
2021-02-02,? day R,2020-06-27,DE,estimate,quantile,0.75,1.064
2021-02-02,? day R,2020-06-28,DE,estimate,quantile,0.75,1.074
2021-02-02,? day R,2020-06-29,DE,estimate,quantile,0.75,1.088
2021-02-02,? day R,2020-06-30,DE,estimate,quantile,0.75,1.103
2021-02-02,? day R,2020-07-01,DE,estimate,quantile,0.75,1.116
2021-02-02,? day R,2020-07-02,DE,estimate,quantile,0.75,1.127
2021-02-02,? day R,2020-07-03,DE,estimate,quantile,0.75,1.14
2021-02-02,? day R,2020-07-04,DE,estimate,quantile,0.75,1.154
2021-02-02,? day R,2020-07-05,DE,estimate,quantile,0.75,1.161
2021-02-02,? day R,2020-07-06,DE,estimate,quantile,0.75,1.171
2021-02-02,? day R,2020-07-07,DE,estimate,quantile,0.75,1.179
2021-02-02,? day R,2020-07-08,DE,estimate,quantile,0.75,1.183
2021-02-02,? day R,2020-07-09,DE,estimate,quantile,0.75,1.186
2021-02-02,? day R,2020-07-10,DE,estimate,quantile,0.75,1.195
2021-02-02,? day R,2020-07-11,DE,estimate,quantile,0.75,1.195
2021-02-02,? day R,2020-07-12,DE,estimate,quantile,0.75,1.196
2021-02-02,? day R,2020-07-13,DE,estimate,quantile,0.75,1.198
2021-02-02,? day R,2020-07-14,DE,estimate,quantile,0.75,1.196
2021-02-02,? day R,2020-07-15,DE,estimate,quantile,0.75,1.191
2021-02-02,? day R,2020-07-16,DE,estimate,quantile,0.75,1.188
2021-02-02,? day R,2020-07-17,DE,estimate,quantile,0.75,1.184
2021-02-02,? day R,2020-07-18,DE,estimate,quantile,0.75,1.181
2021-02-02,? day R,2020-07-19,DE,estimate,quantile,0.75,1.176
2021-02-02,? day R,2020-07-20,DE,estimate,quantile,0.75,1.165
2021-02-02,? day R,2020-07-21,DE,estimate,quantile,0.75,1.159
2021-02-02,? day R,2020-07-22,DE,estimate,quantile,0.75,1.15
2021-02-02,? day R,2020-07-23,DE,estimate,quantile,0.75,1.146
2021-02-02,? day R,2020-07-24,DE,estimate,quantile,0.75,1.14
2021-02-02,? day R,2020-07-25,DE,estimate,quantile,0.75,1.133
2021-02-02,? day R,2020-07-26,DE,estimate,quantile,0.75,1.123
2021-02-02,? day R,2020-07-27,DE,estimate,quantile,0.75,1.115
2021-02-02,? day R,2020-07-28,DE,estimate,quantile,0.75,1.112
2021-02-02,? day R,2020-07-29,DE,estimate,quantile,0.75,1.108
2021-02-02,? day R,2020-07-30,DE,estimate,quantile,0.75,1.099
2021-02-02,? day R,2020-07-31,DE,estimate,quantile,0.75,1.092
2021-02-02,? day R,2020-08-01,DE,estimate,quantile,0.75,1.082
2021-02-02,? day R,2020-08-02,DE,estimate,quantile,0.75,1.077
2021-02-02,? day R,2020-08-03,DE,estimate,quantile,0.75,1.07
2021-02-02,? day R,2020-08-04,DE,estimate,quantile,0.75,1.07
2021-02-02,? day R,2020-08-05,DE,estimate,quantile,0.75,1.061
2021-02-02,? day R,2020-08-06,DE,estimate,quantile,0.75,1.06
2021-02-02,? day R,2020-08-07,DE,estimate,quantile,0.75,1.05
2021-02-02,? day R,2020-08-08,DE,estimate,quantile,0.75,1.043
2021-02-02,? day R,2020-08-09,DE,estimate,quantile,0.75,1.046
2021-02-02,? day R,2020-08-10,DE,estimate,quantile,0.75,1.044
2021-02-02,? day R,2020-08-11,DE,estimate,quantile,0.75,1.04
2021-02-02,? day R,2020-08-12,DE,estimate,quantile,0.75,1.04
2021-02-02,? day R,2020-08-13,DE,estimate,quantile,0.75,1.042
2021-02-02,? day R,2020-08-14,DE,estimate,quantile,0.75,1.041
2021-02-02,? day R,2020-08-15,DE,estimate,quantile,0.75,1.048
2021-02-02,? day R,2020-08-16,DE,estimate,quantile,0.75,1.055
2021-02-02,? day R,2020-08-17,DE,estimate,quantile,0.75,1.057
2021-02-02,? day R,2020-08-18,DE,estimate,quantile,0.75,1.064
2021-02-02,? day R,2020-08-19,DE,estimate,quantile,0.75,1.068
2021-02-02,? day R,2020-08-20,DE,estimate,quantile,0.75,1.074
2021-02-02,? day R,2020-08-21,DE,estimate,quantile,0.75,1.083
2021-02-02,? day R,2020-08-22,DE,estimate,quantile,0.75,1.083
2021-02-02,? day R,2020-08-23,DE,estimate,quantile,0.75,1.092
2021-02-02,? day R,2020-08-24,DE,estimate,quantile,0.75,1.097
2021-02-02,? day R,2020-08-25,DE,estimate,quantile,0.75,1.103
2021-02-02,? day R,2020-08-26,DE,estimate,quantile,0.75,1.112
2021-02-02,? day R,2020-08-27,DE,estimate,quantile,0.75,1.116
2021-02-02,? day R,2020-08-28,DE,estimate,quantile,0.75,1.123
2021-02-02,? day R,2020-08-29,DE,estimate,quantile,0.75,1.128
2021-02-02,? day R,2020-08-30,DE,estimate,quantile,0.75,1.135
2021-02-02,? day R,2020-08-31,DE,estimate,quantile,0.75,1.139
2021-02-02,? day R,2020-09-01,DE,estimate,quantile,0.75,1.152
2021-02-02,? day R,2020-09-02,DE,estimate,quantile,0.75,1.158
2021-02-02,? day R,2020-09-03,DE,estimate,quantile,0.75,1.166
2021-02-02,? day R,2020-09-04,DE,estimate,quantile,0.75,1.173
2021-02-02,? day R,2020-09-05,DE,estimate,quantile,0.75,1.175
2021-02-02,? day R,2020-09-06,DE,estimate,quantile,0.75,1.182
2021-02-02,? day R,2020-09-07,DE,estimate,quantile,0.75,1.191
2021-02-02,? day R,2020-09-08,DE,estimate,quantile,0.75,1.197
2021-02-02,? day R,2020-09-09,DE,estimate,quantile,0.75,1.208
2021-02-02,? day R,2020-09-10,DE,estimate,quantile,0.75,1.214
2021-02-02,? day R,2020-09-11,DE,estimate,quantile,0.75,1.224
2021-02-02,? day R,2020-09-12,DE,estimate,quantile,0.75,1.235
2021-02-02,? day R,2020-09-13,DE,estimate,quantile,0.75,1.245
2021-02-02,? day R,2020-09-14,DE,estimate,quantile,0.75,1.257
2021-02-02,? day R,2020-09-15,DE,estimate,quantile,0.75,1.267
2021-02-02,? day R,2020-09-16,DE,estimate,quantile,0.75,1.28
2021-02-02,? day R,2020-09-17,DE,estimate,quantile,0.75,1.293
2021-02-02,? day R,2020-09-18,DE,estimate,quantile,0.75,1.304
2021-02-02,? day R,2020-09-19,DE,estimate,quantile,0.75,1.31
2021-02-02,? day R,2020-09-20,DE,estimate,quantile,0.75,1.32
2021-02-02,? day R,2020-09-21,DE,estimate,quantile,0.75,1.331
2021-02-02,? day R,2020-09-22,DE,estimate,quantile,0.75,1.339
2021-02-02,? day R,2020-09-23,DE,estimate,quantile,0.75,1.343
2021-02-02,? day R,2020-09-24,DE,estimate,quantile,0.75,1.352
2021-02-02,? day R,2020-09-25,DE,estimate,quantile,0.75,1.366
2021-02-02,? day R,2020-09-26,DE,estimate,quantile,0.75,1.372
2021-02-02,? day R,2020-09-27,DE,estimate,quantile,0.75,1.38
2021-02-02,? day R,2020-09-28,DE,estimate,quantile,0.75,1.385
2021-02-02,? day R,2020-09-29,DE,estimate,quantile,0.75,1.388
2021-02-02,? day R,2020-09-30,DE,estimate,quantile,0.75,1.388
2021-02-02,? day R,2020-10-01,DE,estimate,quantile,0.75,1.387
2021-02-02,? day R,2020-10-02,DE,estimate,quantile,0.75,1.386
2021-02-02,? day R,2020-10-03,DE,estimate,quantile,0.75,1.388
2021-02-02,? day R,2020-10-04,DE,estimate,quantile,0.75,1.382
2021-02-02,? day R,2020-10-05,DE,estimate,quantile,0.75,1.379
2021-02-02,? day R,2020-10-06,DE,estimate,quantile,0.75,1.372
2021-02-02,? day R,2020-10-07,DE,estimate,quantile,0.75,1.364
2021-02-02,? day R,2020-10-08,DE,estimate,quantile,0.75,1.357
2021-02-02,? day R,2020-10-09,DE,estimate,quantile,0.75,1.346
2021-02-02,? day R,2020-10-10,DE,estimate,quantile,0.75,1.33
2021-02-02,? day R,2020-10-11,DE,estimate,quantile,0.75,1.321
2021-02-02,? day R,2020-10-12,DE,estimate,quantile,0.75,1.305
2021-02-02,? day R,2020-10-13,DE,estimate,quantile,0.75,1.293
2021-02-02,? day R,2020-10-14,DE,estimate,quantile,0.75,1.276
2021-02-02,? day R,2020-10-15,DE,estimate,quantile,0.75,1.264
2021-02-02,? day R,2020-10-16,DE,estimate,quantile,0.75,1.249
2021-02-02,? day R,2020-10-17,DE,estimate,quantile,0.75,1.229
2021-02-02,? day R,2020-10-18,DE,estimate,quantile,0.75,1.22
2021-02-02,? day R,2020-10-19,DE,estimate,quantile,0.75,1.213
2021-02-02,? day R,2020-10-20,DE,estimate,quantile,0.75,1.203
2021-02-02,? day R,2020-10-21,DE,estimate,quantile,0.75,1.186
2021-02-02,? day R,2020-10-22,DE,estimate,quantile,0.75,1.176
2021-02-02,? day R,2020-10-23,DE,estimate,quantile,0.75,1.165
2021-02-02,? day R,2020-10-24,DE,estimate,quantile,0.75,1.149
2021-02-02,? day R,2020-10-25,DE,estimate,quantile,0.75,1.138
2021-02-02,? day R,2020-10-26,DE,estimate,quantile,0.75,1.13
2021-02-02,? day R,2020-10-27,DE,estimate,quantile,0.75,1.122
2021-02-02,? day R,2020-10-28,DE,estimate,quantile,0.75,1.116
2021-02-02,? day R,2020-10-29,DE,estimate,quantile,0.75,1.106
2021-02-02,? day R,2020-10-30,DE,estimate,quantile,0.75,1.096
2021-02-02,? day R,2020-10-31,DE,estimate,quantile,0.75,1.089
2021-02-02,? day R,2020-11-01,DE,estimate,quantile,0.75,1.083
2021-02-02,? day R,2020-11-02,DE,estimate,quantile,0.75,1.074
2021-02-02,? day R,2020-11-03,DE,estimate,quantile,0.75,1.073
2021-02-02,? day R,2020-11-04,DE,estimate,quantile,0.75,1.069
2021-02-02,? day R,2020-11-05,DE,estimate,quantile,0.75,1.065
2021-02-02,? day R,2020-11-06,DE,estimate,quantile,0.75,1.063
2021-02-02,? day R,2020-11-07,DE,estimate,quantile,0.75,1.06
2021-02-02,? day R,2020-11-08,DE,estimate,quantile,0.75,1.06
2021-02-02,? day R,2020-11-09,DE,estimate,quantile,0.75,1.058
2021-02-02,? day R,2020-11-10,DE,estimate,quantile,0.75,1.056
2021-02-02,? day R,2020-11-11,DE,estimate,quantile,0.75,1.059
2021-02-02,? day R,2020-11-12,DE,estimate,quantile,0.75,1.061
2021-02-02,? day R,2020-11-13,DE,estimate,quantile,0.75,1.061
2021-02-02,? day R,2020-11-14,DE,estimate,quantile,0.75,1.062
2021-02-02,? day R,2020-11-15,DE,estimate,quantile,0.75,1.069
2021-02-02,? day R,2020-11-16,DE,estimate,quantile,0.75,1.068
2021-02-02,? day R,2020-11-17,DE,estimate,quantile,0.75,1.076
2021-02-02,? day R,2020-11-18,DE,estimate,quantile,0.75,1.079
2021-02-02,? day R,2020-11-19,DE,estimate,quantile,0.75,1.08
2021-02-02,? day R,2020-11-20,DE,estimate,quantile,0.75,1.085
2021-02-02,? day R,2020-11-21,DE,estimate,quantile,0.75,1.088
2021-02-02,? day R,2020-11-22,DE,estimate,quantile,0.75,1.087
2021-02-02,? day R,2020-11-23,DE,estimate,quantile,0.75,1.096
2021-02-02,? day R,2020-11-24,DE,estimate,quantile,0.75,1.097
2021-02-02,? day R,2020-11-25,DE,estimate,quantile,0.75,1.098
2021-02-02,? day R,2020-11-26,DE,estimate,quantile,0.75,1.104
2021-02-02,? day R,2020-11-27,DE,estimate,quantile,0.75,1.1
2021-02-02,? day R,2020-11-28,DE,estimate,quantile,0.75,1.104
2021-02-02,? day R,2020-11-29,DE,estimate,quantile,0.75,1.104
2021-02-02,? day R,2020-11-30,DE,estimate,quantile,0.75,1.099
2021-02-02,? day R,2020-12-01,DE,estimate,quantile,0.75,1.097
2021-02-02,? day R,2020-12-02,DE,estimate,quantile,0.75,1.093
2021-02-02,? day R,2020-12-03,DE,estimate,quantile,0.75,1.091
2021-02-02,? day R,2020-12-04,DE,estimate,quantile,0.75,1.094
2021-02-02,? day R,2020-12-05,DE,estimate,quantile,0.75,1.086
2021-02-02,? day R,2020-12-06,DE,estimate,quantile,0.75,1.083
2021-02-02,? day R,2020-12-07,DE,estimate,quantile,0.75,1.077
2021-02-02,? day R,2020-12-08,DE,estimate,quantile,0.75,1.077
2021-02-02,? day R,2020-12-09,DE,estimate,quantile,0.75,1.073
2021-02-02,? day R,2020-12-10,DE,estimate,quantile,0.75,1.071
2021-02-02,? day R,2020-12-11,DE,estimate,quantile,0.75,1.064
2021-02-02,? day R,2020-12-12,DE,estimate,quantile,0.75,1.058
2021-02-02,? day R,2020-12-13,DE,estimate,quantile,0.75,1.055
2021-02-02,? day R,2020-12-14,DE,estimate,quantile,0.75,1.048
2021-02-02,? day R,2020-12-15,DE,estimate,quantile,0.75,1.039
2021-02-02,? day R,2020-12-16,DE,estimate,quantile,0.75,1.028
2021-02-02,? day R,2020-12-17,DE,estimate,quantile,0.75,1.021
2021-02-02,? day R,2020-12-18,DE,estimate,quantile,0.75,1.014
2021-02-02,? day R,2020-12-19,DE,estimate,quantile,0.75,1.004
2021-02-02,? day R,2020-12-20,DE,estimate,quantile,0.75,0.996
2021-02-02,? day R,2020-12-21,DE,estimate,quantile,0.75,0.988
2021-02-02,? day R,2020-12-22,DE,estimate,quantile,0.75,0.978
2021-02-02,? day R,2020-12-23,DE,estimate,quantile,0.75,0.971
2021-02-02,? day R,2020-12-24,DE,estimate,quantile,0.75,0.961
2021-02-02,? day R,2020-12-25,DE,estimate,quantile,0.75,0.954
2021-02-02,? day R,2020-12-26,DE,estimate,quantile,0.75,0.946
2021-02-02,? day R,2020-12-27,DE,estimate,quantile,0.75,0.942
2021-02-02,? day R,2020-12-28,DE,estimate,quantile,0.75,0.938
2021-02-02,? day R,2020-12-29,DE,estimate,quantile,0.75,0.928
2021-02-02,? day R,2020-12-30,DE,estimate,quantile,0.75,0.924
2021-02-02,? day R,2020-12-31,DE,estimate,quantile,0.75,0.92
2021-02-02,? day R,2021-01-01,DE,estimate,quantile,0.75,0.918
2021-02-02,? day R,2021-01-02,DE,estimate,quantile,0.75,0.917
2021-02-02,? day R,2021-01-03,DE,estimate,quantile,0.75,0.921
2021-02-02,? day R,2021-01-04,DE,estimate,quantile,0.75,0.921
2021-02-02,? day R,2021-01-05,DE,estimate,quantile,0.75,0.919
2021-02-02,? day R,2021-01-06,DE,estimate,quantile,0.75,0.918
2021-02-02,? day R,2021-01-07,DE,estimate,quantile,0.75,0.92
2021-02-02,? day R,2021-01-08,DE,estimate,quantile,0.75,0.923
2021-02-02,? day R,2021-01-09,DE,estimate,quantile,0.75,0.923
2021-02-02,? day R,2021-01-10,DE,estimate,quantile,0.75,0.928
2021-02-02,? day R,2021-01-11,DE,estimate,quantile,0.75,0.931
2021-02-02,? day R,2021-01-12,DE,estimate,quantile,0.75,0.937
2021-02-02,? day R,2021-01-13,DE,estimate,quantile,0.75,0.947
2021-02-02,? day R,2021-01-14,DE,estimate,quantile,0.75,0.944
2021-02-02,? day R,2021-01-15,DE,estimate,quantile,0.75,0.948
2021-02-02,? day R,2021-01-16,DE,estimate,quantile,0.75,0.953
2021-02-02,? day R,2021-01-17,DE,estimate,quantile,0.75,0.962
2021-02-02,? day R,2021-01-18,DE,estimate,quantile,0.75,0.96
2021-02-02,? day R,2021-01-19,DE,estimate,quantile,0.75,0.966
2021-02-02,? day R,2021-01-20,DE,estimate,quantile,0.75,0.972
2021-02-02,? day R,2021-01-21,DE,estimate,quantile,0.75,0.975
2021-02-02,? day R,2021-01-22,DE,estimate,quantile,0.75,0.981
2021-02-02,? day R,2021-01-23,DE,estimate,quantile,0.75,0.988
2021-02-02,? day R,2021-01-24,DE,estimate,quantile,0.75,0.987
2021-02-02,? day R,2021-01-25,DE,estimate,quantile,0.75,0.988
2021-02-02,? day R,2021-01-26,DE,estimate,quantile,0.75,0.992
2021-02-02,? day R,2021-01-27,DE,estimate,quantile,0.75,0.997
2021-02-02,? day R,2021-01-28,DE,estimate,quantile,0.75,0.994
2021-02-02,? day R,2021-01-29,DE,estimate,quantile,0.75,0.994
2021-02-02,? day R,2021-01-30,DE,estimate,quantile,0.75,1
2021-02-02,? day R,2021-01-31,DE,estimate,quantile,0.75,1
2021-02-02,? day R,2021-02-01,DE,estimate,quantile,0.75,1.005
2021-02-02,? day R,2021-02-02,DE,estimate,quantile,0.75,0.998
2021-02-02,? day R,2021-02-03,DE,estimate,quantile,0.75,1.006
2021-02-02,? day R,2021-02-04,DE,estimate,quantile,0.75,1.015
2021-02-02,? day R,2021-02-05,DE,estimate,quantile,0.75,1.019
2021-02-02,? day R,2021-02-06,DE,estimate,quantile,0.75,1.022
2021-02-02,? day R,2021-02-07,DE,estimate,quantile,0.75,1.02
2021-02-02,? day R,2021-02-08,DE,estimate,quantile,0.75,1.016
2021-02-02,? day R,2021-02-09,DE,estimate,quantile,0.75,1.02
2021-02-02,? day R,2021-02-10,DE,estimate,quantile,0.75,1.026
2021-02-02,? day R,2020-02-20,DE,estimate,quantile,0.975,2.972
2021-02-02,? day R,2020-02-21,DE,estimate,quantile,0.975,2.955
2021-02-02,? day R,2020-02-22,DE,estimate,quantile,0.975,2.909
2021-02-02,? day R,2020-02-23,DE,estimate,quantile,0.975,2.867
2021-02-02,? day R,2020-02-24,DE,estimate,quantile,0.975,2.811
2021-02-02,? day R,2020-02-25,DE,estimate,quantile,0.975,2.763
2021-02-02,? day R,2020-02-26,DE,estimate,quantile,0.975,2.697
2021-02-02,? day R,2020-02-27,DE,estimate,quantile,0.975,2.629
2021-02-02,? day R,2020-02-28,DE,estimate,quantile,0.975,2.527
2021-02-02,? day R,2020-02-29,DE,estimate,quantile,0.975,2.474
2021-02-02,? day R,2020-03-01,DE,estimate,quantile,0.975,2.37
2021-02-02,? day R,2020-03-02,DE,estimate,quantile,0.975,2.272
2021-02-02,? day R,2020-03-03,DE,estimate,quantile,0.975,2.196
2021-02-02,? day R,2020-03-04,DE,estimate,quantile,0.975,2.112
2021-02-02,? day R,2020-03-05,DE,estimate,quantile,0.975,2.041
2021-02-02,? day R,2020-03-06,DE,estimate,quantile,0.975,1.938
2021-02-02,? day R,2020-03-07,DE,estimate,quantile,0.975,1.851
2021-02-02,? day R,2020-03-08,DE,estimate,quantile,0.975,1.763
2021-02-02,? day R,2020-03-09,DE,estimate,quantile,0.975,1.669
2021-02-02,? day R,2020-03-10,DE,estimate,quantile,0.975,1.594
2021-02-02,? day R,2020-03-11,DE,estimate,quantile,0.975,1.525
2021-02-02,? day R,2020-03-12,DE,estimate,quantile,0.975,1.458
2021-02-02,? day R,2020-03-13,DE,estimate,quantile,0.975,1.392
2021-02-02,? day R,2020-03-14,DE,estimate,quantile,0.975,1.323
2021-02-02,? day R,2020-03-15,DE,estimate,quantile,0.975,1.262
2021-02-02,? day R,2020-03-16,DE,estimate,quantile,0.975,1.223
2021-02-02,? day R,2020-03-17,DE,estimate,quantile,0.975,1.191
2021-02-02,? day R,2020-03-18,DE,estimate,quantile,0.975,1.135
2021-02-02,? day R,2020-03-19,DE,estimate,quantile,0.975,1.085
2021-02-02,? day R,2020-03-20,DE,estimate,quantile,0.975,1.049
2021-02-02,? day R,2020-03-21,DE,estimate,quantile,0.975,1.016
2021-02-02,? day R,2020-03-22,DE,estimate,quantile,0.975,0.99
2021-02-02,? day R,2020-03-23,DE,estimate,quantile,0.975,0.96
2021-02-02,? day R,2020-03-24,DE,estimate,quantile,0.975,0.929
2021-02-02,? day R,2020-03-25,DE,estimate,quantile,0.975,0.909
2021-02-02,? day R,2020-03-26,DE,estimate,quantile,0.975,0.888
2021-02-02,? day R,2020-03-27,DE,estimate,quantile,0.975,0.872
2021-02-02,? day R,2020-03-28,DE,estimate,quantile,0.975,0.851
2021-02-02,? day R,2020-03-29,DE,estimate,quantile,0.975,0.837
2021-02-02,? day R,2020-03-30,DE,estimate,quantile,0.975,0.825
2021-02-02,? day R,2020-03-31,DE,estimate,quantile,0.975,0.814
2021-02-02,? day R,2020-04-01,DE,estimate,quantile,0.975,0.805
2021-02-02,? day R,2020-04-02,DE,estimate,quantile,0.975,0.809
2021-02-02,? day R,2020-04-03,DE,estimate,quantile,0.975,0.8
2021-02-02,? day R,2020-04-04,DE,estimate,quantile,0.975,0.795
2021-02-02,? day R,2020-04-05,DE,estimate,quantile,0.975,0.788
2021-02-02,? day R,2020-04-06,DE,estimate,quantile,0.975,0.777
2021-02-02,? day R,2020-04-07,DE,estimate,quantile,0.975,0.775
2021-02-02,? day R,2020-04-08,DE,estimate,quantile,0.975,0.776
2021-02-02,? day R,2020-04-09,DE,estimate,quantile,0.975,0.779
2021-02-02,? day R,2020-04-10,DE,estimate,quantile,0.975,0.771
2021-02-02,? day R,2020-04-11,DE,estimate,quantile,0.975,0.774
2021-02-02,? day R,2020-04-12,DE,estimate,quantile,0.975,0.78
2021-02-02,? day R,2020-04-13,DE,estimate,quantile,0.975,0.782
2021-02-02,? day R,2020-04-14,DE,estimate,quantile,0.975,0.78
2021-02-02,? day R,2020-04-15,DE,estimate,quantile,0.975,0.791
2021-02-02,? day R,2020-04-16,DE,estimate,quantile,0.975,0.801
2021-02-02,? day R,2020-04-17,DE,estimate,quantile,0.975,0.815
2021-02-02,? day R,2020-04-18,DE,estimate,quantile,0.975,0.82
2021-02-02,? day R,2020-04-19,DE,estimate,quantile,0.975,0.823
2021-02-02,? day R,2020-04-20,DE,estimate,quantile,0.975,0.831
2021-02-02,? day R,2020-04-21,DE,estimate,quantile,0.975,0.839
2021-02-02,? day R,2020-04-22,DE,estimate,quantile,0.975,0.844
2021-02-02,? day R,2020-04-23,DE,estimate,quantile,0.975,0.855
2021-02-02,? day R,2020-04-24,DE,estimate,quantile,0.975,0.862
2021-02-02,? day R,2020-04-25,DE,estimate,quantile,0.975,0.877
2021-02-02,? day R,2020-04-26,DE,estimate,quantile,0.975,0.881
2021-02-02,? day R,2020-04-27,DE,estimate,quantile,0.975,0.89
2021-02-02,? day R,2020-04-28,DE,estimate,quantile,0.975,0.905
2021-02-02,? day R,2020-04-29,DE,estimate,quantile,0.975,0.912
2021-02-02,? day R,2020-04-30,DE,estimate,quantile,0.975,0.921
2021-02-02,? day R,2020-05-01,DE,estimate,quantile,0.975,0.924
2021-02-02,? day R,2020-05-02,DE,estimate,quantile,0.975,0.941
2021-02-02,? day R,2020-05-03,DE,estimate,quantile,0.975,0.95
2021-02-02,? day R,2020-05-04,DE,estimate,quantile,0.975,0.96
2021-02-02,? day R,2020-05-05,DE,estimate,quantile,0.975,0.959
2021-02-02,? day R,2020-05-06,DE,estimate,quantile,0.975,0.972
2021-02-02,? day R,2020-05-07,DE,estimate,quantile,0.975,0.988
2021-02-02,? day R,2020-05-08,DE,estimate,quantile,0.975,0.999
2021-02-02,? day R,2020-05-09,DE,estimate,quantile,0.975,1.014
2021-02-02,? day R,2020-05-10,DE,estimate,quantile,0.975,1.029
2021-02-02,? day R,2020-05-11,DE,estimate,quantile,0.975,1.027
2021-02-02,? day R,2020-05-12,DE,estimate,quantile,0.975,1.04
2021-02-02,? day R,2020-05-13,DE,estimate,quantile,0.975,1.056
2021-02-02,? day R,2020-05-14,DE,estimate,quantile,0.975,1.061
2021-02-02,? day R,2020-05-15,DE,estimate,quantile,0.975,1.07
2021-02-02,? day R,2020-05-16,DE,estimate,quantile,0.975,1.069
2021-02-02,? day R,2020-05-17,DE,estimate,quantile,0.975,1.081
2021-02-02,? day R,2020-05-18,DE,estimate,quantile,0.975,1.094
2021-02-02,? day R,2020-05-19,DE,estimate,quantile,0.975,1.097
2021-02-02,? day R,2020-05-20,DE,estimate,quantile,0.975,1.112
2021-02-02,? day R,2020-05-21,DE,estimate,quantile,0.975,1.114
2021-02-02,? day R,2020-05-22,DE,estimate,quantile,0.975,1.124
2021-02-02,? day R,2020-05-23,DE,estimate,quantile,0.975,1.137
2021-02-02,? day R,2020-05-24,DE,estimate,quantile,0.975,1.149
2021-02-02,? day R,2020-05-25,DE,estimate,quantile,0.975,1.148
2021-02-02,? day R,2020-05-26,DE,estimate,quantile,0.975,1.146
2021-02-02,? day R,2020-05-27,DE,estimate,quantile,0.975,1.15
2021-02-02,? day R,2020-05-28,DE,estimate,quantile,0.975,1.158
2021-02-02,? day R,2020-05-29,DE,estimate,quantile,0.975,1.155
2021-02-02,? day R,2020-05-30,DE,estimate,quantile,0.975,1.144
2021-02-02,? day R,2020-05-31,DE,estimate,quantile,0.975,1.141
2021-02-02,? day R,2020-06-01,DE,estimate,quantile,0.975,1.127
2021-02-02,? day R,2020-06-02,DE,estimate,quantile,0.975,1.133
2021-02-02,? day R,2020-06-03,DE,estimate,quantile,0.975,1.128
2021-02-02,? day R,2020-06-04,DE,estimate,quantile,0.975,1.105
2021-02-02,? day R,2020-06-05,DE,estimate,quantile,0.975,1.101
2021-02-02,? day R,2020-06-06,DE,estimate,quantile,0.975,1.091
2021-02-02,? day R,2020-06-07,DE,estimate,quantile,0.975,1.086
2021-02-02,? day R,2020-06-08,DE,estimate,quantile,0.975,1.077
2021-02-02,? day R,2020-06-09,DE,estimate,quantile,0.975,1.075
2021-02-02,? day R,2020-06-10,DE,estimate,quantile,0.975,1.051
2021-02-02,? day R,2020-06-11,DE,estimate,quantile,0.975,1.055
2021-02-02,? day R,2020-06-12,DE,estimate,quantile,0.975,1.049
2021-02-02,? day R,2020-06-13,DE,estimate,quantile,0.975,1.05
2021-02-02,? day R,2020-06-14,DE,estimate,quantile,0.975,1.042
2021-02-02,? day R,2020-06-15,DE,estimate,quantile,0.975,1.032
2021-02-02,? day R,2020-06-16,DE,estimate,quantile,0.975,1.033
2021-02-02,? day R,2020-06-17,DE,estimate,quantile,0.975,1.038
2021-02-02,? day R,2020-06-18,DE,estimate,quantile,0.975,1.043
2021-02-02,? day R,2020-06-19,DE,estimate,quantile,0.975,1.055
2021-02-02,? day R,2020-06-20,DE,estimate,quantile,0.975,1.059
2021-02-02,? day R,2020-06-21,DE,estimate,quantile,0.975,1.074
2021-02-02,? day R,2020-06-22,DE,estimate,quantile,0.975,1.082
2021-02-02,? day R,2020-06-23,DE,estimate,quantile,0.975,1.098
2021-02-02,? day R,2020-06-24,DE,estimate,quantile,0.975,1.111
2021-02-02,? day R,2020-06-25,DE,estimate,quantile,0.975,1.122
2021-02-02,? day R,2020-06-26,DE,estimate,quantile,0.975,1.127
2021-02-02,? day R,2020-06-27,DE,estimate,quantile,0.975,1.144
2021-02-02,? day R,2020-06-28,DE,estimate,quantile,0.975,1.159
2021-02-02,? day R,2020-06-29,DE,estimate,quantile,0.975,1.181
2021-02-02,? day R,2020-06-30,DE,estimate,quantile,0.975,1.201
2021-02-02,? day R,2020-07-01,DE,estimate,quantile,0.975,1.205
2021-02-02,? day R,2020-07-02,DE,estimate,quantile,0.975,1.212
2021-02-02,? day R,2020-07-03,DE,estimate,quantile,0.975,1.239
2021-02-02,? day R,2020-07-04,DE,estimate,quantile,0.975,1.25
2021-02-02,? day R,2020-07-05,DE,estimate,quantile,0.975,1.256
2021-02-02,? day R,2020-07-06,DE,estimate,quantile,0.975,1.267
2021-02-02,? day R,2020-07-07,DE,estimate,quantile,0.975,1.274
2021-02-02,? day R,2020-07-08,DE,estimate,quantile,0.975,1.283
2021-02-02,? day R,2020-07-09,DE,estimate,quantile,0.975,1.287
2021-02-02,? day R,2020-07-10,DE,estimate,quantile,0.975,1.289
2021-02-02,? day R,2020-07-11,DE,estimate,quantile,0.975,1.295
2021-02-02,? day R,2020-07-12,DE,estimate,quantile,0.975,1.3
2021-02-02,? day R,2020-07-13,DE,estimate,quantile,0.975,1.289
2021-02-02,? day R,2020-07-14,DE,estimate,quantile,0.975,1.297
2021-02-02,? day R,2020-07-15,DE,estimate,quantile,0.975,1.287
2021-02-02,? day R,2020-07-16,DE,estimate,quantile,0.975,1.278
2021-02-02,? day R,2020-07-17,DE,estimate,quantile,0.975,1.274
2021-02-02,? day R,2020-07-18,DE,estimate,quantile,0.975,1.263
2021-02-02,? day R,2020-07-19,DE,estimate,quantile,0.975,1.26
2021-02-02,? day R,2020-07-20,DE,estimate,quantile,0.975,1.26
2021-02-02,? day R,2020-07-21,DE,estimate,quantile,0.975,1.263
2021-02-02,? day R,2020-07-22,DE,estimate,quantile,0.975,1.246
2021-02-02,? day R,2020-07-23,DE,estimate,quantile,0.975,1.243
2021-02-02,? day R,2020-07-24,DE,estimate,quantile,0.975,1.229
2021-02-02,? day R,2020-07-25,DE,estimate,quantile,0.975,1.229
2021-02-02,? day R,2020-07-26,DE,estimate,quantile,0.975,1.218
2021-02-02,? day R,2020-07-27,DE,estimate,quantile,0.975,1.226
2021-02-02,? day R,2020-07-28,DE,estimate,quantile,0.975,1.208
2021-02-02,? day R,2020-07-29,DE,estimate,quantile,0.975,1.209
2021-02-02,? day R,2020-07-30,DE,estimate,quantile,0.975,1.211
2021-02-02,? day R,2020-07-31,DE,estimate,quantile,0.975,1.195
2021-02-02,? day R,2020-08-01,DE,estimate,quantile,0.975,1.18
2021-02-02,? day R,2020-08-02,DE,estimate,quantile,0.975,1.18
2021-02-02,? day R,2020-08-03,DE,estimate,quantile,0.975,1.164
2021-02-02,? day R,2020-08-04,DE,estimate,quantile,0.975,1.153
2021-02-02,? day R,2020-08-05,DE,estimate,quantile,0.975,1.148
2021-02-02,? day R,2020-08-06,DE,estimate,quantile,0.975,1.139
2021-02-02,? day R,2020-08-07,DE,estimate,quantile,0.975,1.146
2021-02-02,? day R,2020-08-08,DE,estimate,quantile,0.975,1.132
2021-02-02,? day R,2020-08-09,DE,estimate,quantile,0.975,1.128
2021-02-02,? day R,2020-08-10,DE,estimate,quantile,0.975,1.119
2021-02-02,? day R,2020-08-11,DE,estimate,quantile,0.975,1.122
2021-02-02,? day R,2020-08-12,DE,estimate,quantile,0.975,1.118
2021-02-02,? day R,2020-08-13,DE,estimate,quantile,0.975,1.123
2021-02-02,? day R,2020-08-14,DE,estimate,quantile,0.975,1.125
2021-02-02,? day R,2020-08-15,DE,estimate,quantile,0.975,1.132
2021-02-02,? day R,2020-08-16,DE,estimate,quantile,0.975,1.14
2021-02-02,? day R,2020-08-17,DE,estimate,quantile,0.975,1.139
2021-02-02,? day R,2020-08-18,DE,estimate,quantile,0.975,1.154
2021-02-02,? day R,2020-08-19,DE,estimate,quantile,0.975,1.147
2021-02-02,? day R,2020-08-20,DE,estimate,quantile,0.975,1.155
2021-02-02,? day R,2020-08-21,DE,estimate,quantile,0.975,1.177
2021-02-02,? day R,2020-08-22,DE,estimate,quantile,0.975,1.17
2021-02-02,? day R,2020-08-23,DE,estimate,quantile,0.975,1.17
2021-02-02,? day R,2020-08-24,DE,estimate,quantile,0.975,1.181
2021-02-02,? day R,2020-08-25,DE,estimate,quantile,0.975,1.192
2021-02-02,? day R,2020-08-26,DE,estimate,quantile,0.975,1.205
2021-02-02,? day R,2020-08-27,DE,estimate,quantile,0.975,1.205
2021-02-02,? day R,2020-08-28,DE,estimate,quantile,0.975,1.213
2021-02-02,? day R,2020-08-29,DE,estimate,quantile,0.975,1.224
2021-02-02,? day R,2020-08-30,DE,estimate,quantile,0.975,1.223
2021-02-02,? day R,2020-08-31,DE,estimate,quantile,0.975,1.225
2021-02-02,? day R,2020-09-01,DE,estimate,quantile,0.975,1.232
2021-02-02,? day R,2020-09-02,DE,estimate,quantile,0.975,1.235
2021-02-02,? day R,2020-09-03,DE,estimate,quantile,0.975,1.239
2021-02-02,? day R,2020-09-04,DE,estimate,quantile,0.975,1.254
2021-02-02,? day R,2020-09-05,DE,estimate,quantile,0.975,1.27
2021-02-02,? day R,2020-09-06,DE,estimate,quantile,0.975,1.292
2021-02-02,? day R,2020-09-07,DE,estimate,quantile,0.975,1.287
2021-02-02,? day R,2020-09-08,DE,estimate,quantile,0.975,1.305
2021-02-02,? day R,2020-09-09,DE,estimate,quantile,0.975,1.31
2021-02-02,? day R,2020-09-10,DE,estimate,quantile,0.975,1.316
2021-02-02,? day R,2020-09-11,DE,estimate,quantile,0.975,1.326
2021-02-02,? day R,2020-09-12,DE,estimate,quantile,0.975,1.33
2021-02-02,? day R,2020-09-13,DE,estimate,quantile,0.975,1.344
2021-02-02,? day R,2020-09-14,DE,estimate,quantile,0.975,1.362
2021-02-02,? day R,2020-09-15,DE,estimate,quantile,0.975,1.368
2021-02-02,? day R,2020-09-16,DE,estimate,quantile,0.975,1.38
2021-02-02,? day R,2020-09-17,DE,estimate,quantile,0.975,1.398
2021-02-02,? day R,2020-09-18,DE,estimate,quantile,0.975,1.401
2021-02-02,? day R,2020-09-19,DE,estimate,quantile,0.975,1.421
2021-02-02,? day R,2020-09-20,DE,estimate,quantile,0.975,1.415
2021-02-02,? day R,2020-09-21,DE,estimate,quantile,0.975,1.432
2021-02-02,? day R,2020-09-22,DE,estimate,quantile,0.975,1.445
2021-02-02,? day R,2020-09-23,DE,estimate,quantile,0.975,1.45
2021-02-02,? day R,2020-09-24,DE,estimate,quantile,0.975,1.455
2021-02-02,? day R,2020-09-25,DE,estimate,quantile,0.975,1.466
2021-02-02,? day R,2020-09-26,DE,estimate,quantile,0.975,1.495
2021-02-02,? day R,2020-09-27,DE,estimate,quantile,0.975,1.496
2021-02-02,? day R,2020-09-28,DE,estimate,quantile,0.975,1.491
2021-02-02,? day R,2020-09-29,DE,estimate,quantile,0.975,1.501
2021-02-02,? day R,2020-09-30,DE,estimate,quantile,0.975,1.501
2021-02-02,? day R,2020-10-01,DE,estimate,quantile,0.975,1.499
2021-02-02,? day R,2020-10-02,DE,estimate,quantile,0.975,1.5
2021-02-02,? day R,2020-10-03,DE,estimate,quantile,0.975,1.486
2021-02-02,? day R,2020-10-04,DE,estimate,quantile,0.975,1.481
2021-02-02,? day R,2020-10-05,DE,estimate,quantile,0.975,1.478
2021-02-02,? day R,2020-10-06,DE,estimate,quantile,0.975,1.477
2021-02-02,? day R,2020-10-07,DE,estimate,quantile,0.975,1.48
2021-02-02,? day R,2020-10-08,DE,estimate,quantile,0.975,1.461
2021-02-02,? day R,2020-10-09,DE,estimate,quantile,0.975,1.446
2021-02-02,? day R,2020-10-10,DE,estimate,quantile,0.975,1.442
2021-02-02,? day R,2020-10-11,DE,estimate,quantile,0.975,1.415
2021-02-02,? day R,2020-10-12,DE,estimate,quantile,0.975,1.403
2021-02-02,? day R,2020-10-13,DE,estimate,quantile,0.975,1.389
2021-02-02,? day R,2020-10-14,DE,estimate,quantile,0.975,1.386
2021-02-02,? day R,2020-10-15,DE,estimate,quantile,0.975,1.36
2021-02-02,? day R,2020-10-16,DE,estimate,quantile,0.975,1.343
2021-02-02,? day R,2020-10-17,DE,estimate,quantile,0.975,1.334
2021-02-02,? day R,2020-10-18,DE,estimate,quantile,0.975,1.319
2021-02-02,? day R,2020-10-19,DE,estimate,quantile,0.975,1.307
2021-02-02,? day R,2020-10-20,DE,estimate,quantile,0.975,1.289
2021-02-02,? day R,2020-10-21,DE,estimate,quantile,0.975,1.279
2021-02-02,? day R,2020-10-22,DE,estimate,quantile,0.975,1.262
2021-02-02,? day R,2020-10-23,DE,estimate,quantile,0.975,1.251
2021-02-02,? day R,2020-10-24,DE,estimate,quantile,0.975,1.247
2021-02-02,? day R,2020-10-25,DE,estimate,quantile,0.975,1.231
2021-02-02,? day R,2020-10-26,DE,estimate,quantile,0.975,1.226
2021-02-02,? day R,2020-10-27,DE,estimate,quantile,0.975,1.215
2021-02-02,? day R,2020-10-28,DE,estimate,quantile,0.975,1.21
2021-02-02,? day R,2020-10-29,DE,estimate,quantile,0.975,1.19
2021-02-02,? day R,2020-10-30,DE,estimate,quantile,0.975,1.186
2021-02-02,? day R,2020-10-31,DE,estimate,quantile,0.975,1.178
2021-02-02,? day R,2020-11-01,DE,estimate,quantile,0.975,1.18
2021-02-02,? day R,2020-11-02,DE,estimate,quantile,0.975,1.17
2021-02-02,? day R,2020-11-03,DE,estimate,quantile,0.975,1.163
2021-02-02,? day R,2020-11-04,DE,estimate,quantile,0.975,1.15
2021-02-02,? day R,2020-11-05,DE,estimate,quantile,0.975,1.147
2021-02-02,? day R,2020-11-06,DE,estimate,quantile,0.975,1.152
2021-02-02,? day R,2020-11-07,DE,estimate,quantile,0.975,1.137
2021-02-02,? day R,2020-11-08,DE,estimate,quantile,0.975,1.143
2021-02-02,? day R,2020-11-09,DE,estimate,quantile,0.975,1.141
2021-02-02,? day R,2020-11-10,DE,estimate,quantile,0.975,1.148
2021-02-02,? day R,2020-11-11,DE,estimate,quantile,0.975,1.154
2021-02-02,? day R,2020-11-12,DE,estimate,quantile,0.975,1.151
2021-02-02,? day R,2020-11-13,DE,estimate,quantile,0.975,1.143
2021-02-02,? day R,2020-11-14,DE,estimate,quantile,0.975,1.145
2021-02-02,? day R,2020-11-15,DE,estimate,quantile,0.975,1.154
2021-02-02,? day R,2020-11-16,DE,estimate,quantile,0.975,1.146
2021-02-02,? day R,2020-11-17,DE,estimate,quantile,0.975,1.144
2021-02-02,? day R,2020-11-18,DE,estimate,quantile,0.975,1.154
2021-02-02,? day R,2020-11-19,DE,estimate,quantile,0.975,1.17
2021-02-02,? day R,2020-11-20,DE,estimate,quantile,0.975,1.167
2021-02-02,? day R,2020-11-21,DE,estimate,quantile,0.975,1.177
2021-02-02,? day R,2020-11-22,DE,estimate,quantile,0.975,1.19
2021-02-02,? day R,2020-11-23,DE,estimate,quantile,0.975,1.198
2021-02-02,? day R,2020-11-24,DE,estimate,quantile,0.975,1.186
2021-02-02,? day R,2020-11-25,DE,estimate,quantile,0.975,1.181
2021-02-02,? day R,2020-11-26,DE,estimate,quantile,0.975,1.179
2021-02-02,? day R,2020-11-27,DE,estimate,quantile,0.975,1.183
2021-02-02,? day R,2020-11-28,DE,estimate,quantile,0.975,1.199
2021-02-02,? day R,2020-11-29,DE,estimate,quantile,0.975,1.184
2021-02-02,? day R,2020-11-30,DE,estimate,quantile,0.975,1.184
2021-02-02,? day R,2020-12-01,DE,estimate,quantile,0.975,1.186
2021-02-02,? day R,2020-12-02,DE,estimate,quantile,0.975,1.187
2021-02-02,? day R,2020-12-03,DE,estimate,quantile,0.975,1.191
2021-02-02,? day R,2020-12-04,DE,estimate,quantile,0.975,1.184
2021-02-02,? day R,2020-12-05,DE,estimate,quantile,0.975,1.182
2021-02-02,? day R,2020-12-06,DE,estimate,quantile,0.975,1.167
2021-02-02,? day R,2020-12-07,DE,estimate,quantile,0.975,1.164
2021-02-02,? day R,2020-12-08,DE,estimate,quantile,0.975,1.163
2021-02-02,? day R,2020-12-09,DE,estimate,quantile,0.975,1.161
2021-02-02,? day R,2020-12-10,DE,estimate,quantile,0.975,1.16
2021-02-02,? day R,2020-12-11,DE,estimate,quantile,0.975,1.146
2021-02-02,? day R,2020-12-12,DE,estimate,quantile,0.975,1.139
2021-02-02,? day R,2020-12-13,DE,estimate,quantile,0.975,1.125
2021-02-02,? day R,2020-12-14,DE,estimate,quantile,0.975,1.129
2021-02-02,? day R,2020-12-15,DE,estimate,quantile,0.975,1.113
2021-02-02,? day R,2020-12-16,DE,estimate,quantile,0.975,1.109
2021-02-02,? day R,2020-12-17,DE,estimate,quantile,0.975,1.109
2021-02-02,? day R,2020-12-18,DE,estimate,quantile,0.975,1.086
2021-02-02,? day R,2020-12-19,DE,estimate,quantile,0.975,1.08
2021-02-02,? day R,2020-12-20,DE,estimate,quantile,0.975,1.07
2021-02-02,? day R,2020-12-21,DE,estimate,quantile,0.975,1.06
2021-02-02,? day R,2020-12-22,DE,estimate,quantile,0.975,1.063
2021-02-02,? day R,2020-12-23,DE,estimate,quantile,0.975,1.058
2021-02-02,? day R,2020-12-24,DE,estimate,quantile,0.975,1.043
2021-02-02,? day R,2020-12-25,DE,estimate,quantile,0.975,1.032
2021-02-02,? day R,2020-12-26,DE,estimate,quantile,0.975,1.021
2021-02-02,? day R,2020-12-27,DE,estimate,quantile,0.975,1.011
2021-02-02,? day R,2020-12-28,DE,estimate,quantile,0.975,1.004
2021-02-02,? day R,2020-12-29,DE,estimate,quantile,0.975,1.001
2021-02-02,? day R,2020-12-30,DE,estimate,quantile,0.975,1.001
2021-02-02,? day R,2020-12-31,DE,estimate,quantile,0.975,1.006
2021-02-02,? day R,2021-01-01,DE,estimate,quantile,0.975,0.998
2021-02-02,? day R,2021-01-02,DE,estimate,quantile,0.975,0.989
2021-02-02,? day R,2021-01-03,DE,estimate,quantile,0.975,0.989
2021-02-02,? day R,2021-01-04,DE,estimate,quantile,0.975,1.001
2021-02-02,? day R,2021-01-05,DE,estimate,quantile,0.975,0.996
2021-02-02,? day R,2021-01-06,DE,estimate,quantile,0.975,1.009
2021-02-02,? day R,2021-01-07,DE,estimate,quantile,0.975,1.015
2021-02-02,? day R,2021-01-08,DE,estimate,quantile,0.975,1.017
2021-02-02,? day R,2021-01-09,DE,estimate,quantile,0.975,1.024
2021-02-02,? day R,2021-01-10,DE,estimate,quantile,0.975,1.035
2021-02-02,? day R,2021-01-11,DE,estimate,quantile,0.975,1.045
2021-02-02,? day R,2021-01-12,DE,estimate,quantile,0.975,1.057
2021-02-02,? day R,2021-01-13,DE,estimate,quantile,0.975,1.076
2021-02-02,? day R,2021-01-14,DE,estimate,quantile,0.975,1.085
2021-02-02,? day R,2021-01-15,DE,estimate,quantile,0.975,1.085
2021-02-02,? day R,2021-01-16,DE,estimate,quantile,0.975,1.107
2021-02-02,? day R,2021-01-17,DE,estimate,quantile,0.975,1.122
2021-02-02,? day R,2021-01-18,DE,estimate,quantile,0.975,1.136
2021-02-02,? day R,2021-01-19,DE,estimate,quantile,0.975,1.151
2021-02-02,? day R,2021-01-20,DE,estimate,quantile,0.975,1.151
2021-02-02,? day R,2021-01-21,DE,estimate,quantile,0.975,1.173
2021-02-02,? day R,2021-01-22,DE,estimate,quantile,0.975,1.194
2021-02-02,? day R,2021-01-23,DE,estimate,quantile,0.975,1.198
2021-02-02,? day R,2021-01-24,DE,estimate,quantile,0.975,1.21
2021-02-02,? day R,2021-01-25,DE,estimate,quantile,0.975,1.222
2021-02-02,? day R,2021-01-26,DE,estimate,quantile,0.975,1.229
2021-02-02,? day R,2021-01-27,DE,estimate,quantile,0.975,1.248
2021-02-02,? day R,2021-01-28,DE,estimate,quantile,0.975,1.236
2021-02-02,? day R,2021-01-29,DE,estimate,quantile,0.975,1.249
2021-02-02,? day R,2021-01-30,DE,estimate,quantile,0.975,1.261
2021-02-02,? day R,2021-01-31,DE,estimate,quantile,0.975,1.257
2021-02-02,? day R,2021-02-01,DE,estimate,quantile,0.975,1.282
2021-02-02,? day R,2021-02-02,DE,estimate,quantile,0.975,1.283
2021-02-02,? day R,2021-02-03,DE,estimate,quantile,0.975,1.299
2021-02-02,? day R,2021-02-04,DE,estimate,quantile,0.975,1.298
2021-02-02,? day R,2021-02-05,DE,estimate,quantile,0.975,1.317
2021-02-02,? day R,2021-02-06,DE,estimate,quantile,0.975,1.305
2021-02-02,? day R,2021-02-07,DE,estimate,quantile,0.975,1.301
2021-02-02,? day R,2021-02-08,DE,estimate,quantile,0.975,1.311
2021-02-02,? day R,2021-02-09,DE,estimate,quantile,0.975,1.316
2021-02-02,? day R,2021-02-10,DE,estimate,quantile,0.975,1.342
