"data_version","target","date","location","type","quantile","value"
"2021-12-10","7 day R","2020-03-02","DE","point","NA",2.99280322585583
"2021-12-10","7 day R","2020-03-02","DE","quantile","0.025",2.64671598292639
"2021-12-10","7 day R","2020-03-02","DE","quantile","0.975",3.33494788678393
"2021-12-10","7 day R","2020-03-03","DE","point","NA",3.01791983473857
"2021-12-10","7 day R","2020-03-03","DE","quantile","0.025",2.69931738836506
"2021-12-10","7 day R","2020-03-03","DE","quantile","0.975",3.33935631527514
"2021-12-10","7 day R","2020-03-04","DE","point","NA",3.0728788764753
"2021-12-10","7 day R","2020-03-04","DE","quantile","0.025",2.77261663827735
"2021-12-10","7 day R","2020-03-04","DE","quantile","0.975",3.37777691903426
"2021-12-10","7 day R","2020-03-05","DE","point","NA",3.13275261104129
"2021-12-10","7 day R","2020-03-05","DE","quantile","0.025",2.84420087676184
"2021-12-10","7 day R","2020-03-05","DE","quantile","0.975",3.42872965108546
"2021-12-10","7 day R","2020-03-06","DE","point","NA",3.05286927332902
"2021-12-10","7 day R","2020-03-06","DE","quantile","0.025",2.77811405279311
"2021-12-10","7 day R","2020-03-06","DE","quantile","0.975",3.32898468085226
"2021-12-10","7 day R","2020-03-07","DE","point","NA",3.01049335785541
"2021-12-10","7 day R","2020-03-07","DE","quantile","0.025",2.74649783137771
"2021-12-10","7 day R","2020-03-07","DE","quantile","0.975",3.2776615963802
"2021-12-10","7 day R","2020-03-08","DE","point","NA",2.98349766948706
"2021-12-10","7 day R","2020-03-08","DE","quantile","0.025",2.72084299629251
"2021-12-10","7 day R","2020-03-08","DE","quantile","0.975",3.24515231259134
"2021-12-10","7 day R","2020-03-09","DE","point","NA",2.95537141456597
"2021-12-10","7 day R","2020-03-09","DE","quantile","0.025",2.69952505637002
"2021-12-10","7 day R","2020-03-09","DE","quantile","0.975",3.21479088151146
"2021-12-10","7 day R","2020-03-10","DE","point","NA",2.96189774046486
"2021-12-10","7 day R","2020-03-10","DE","quantile","0.025",2.70576152693677
"2021-12-10","7 day R","2020-03-10","DE","quantile","0.975",3.21982437087332
"2021-12-10","7 day R","2020-03-11","DE","point","NA",2.97100413971049
"2021-12-10","7 day R","2020-03-11","DE","quantile","0.025",2.71415379642774
"2021-12-10","7 day R","2020-03-11","DE","quantile","0.975",3.23203343763779
"2021-12-10","7 day R","2020-03-12","DE","point","NA",2.97339696950255
"2021-12-10","7 day R","2020-03-12","DE","quantile","0.025",2.71345090920416
"2021-12-10","7 day R","2020-03-12","DE","quantile","0.975",3.23547850437428
"2021-12-10","7 day R","2020-03-13","DE","point","NA",3.0637720089442
"2021-12-10","7 day R","2020-03-13","DE","quantile","0.025",2.79154029982988
"2021-12-10","7 day R","2020-03-13","DE","quantile","0.975",3.34864873592002
"2021-12-10","7 day R","2020-03-14","DE","point","NA",2.99258554763292
"2021-12-10","7 day R","2020-03-14","DE","quantile","0.025",2.7247142231792
"2021-12-10","7 day R","2020-03-14","DE","quantile","0.975",3.26985030343858
"2021-12-10","7 day R","2020-03-15","DE","point","NA",2.90952714494552
"2021-12-10","7 day R","2020-03-15","DE","quantile","0.025",2.64628390586353
"2021-12-10","7 day R","2020-03-15","DE","quantile","0.975",3.18626081298943
"2021-12-10","7 day R","2020-03-16","DE","point","NA",2.82713272690712
"2021-12-10","7 day R","2020-03-16","DE","quantile","0.025",2.56753327501638
"2021-12-10","7 day R","2020-03-16","DE","quantile","0.975",3.1000832222217
"2021-12-10","7 day R","2020-03-17","DE","point","NA",2.73027511470687
"2021-12-10","7 day R","2020-03-17","DE","quantile","0.025",2.47266674871729
"2021-12-10","7 day R","2020-03-17","DE","quantile","0.975",2.99526409942757
"2021-12-10","7 day R","2020-03-18","DE","point","NA",2.61484674468494
"2021-12-10","7 day R","2020-03-18","DE","quantile","0.025",2.36038282184617
"2021-12-10","7 day R","2020-03-18","DE","quantile","0.975",2.87436263303593
"2021-12-10","7 day R","2020-03-19","DE","point","NA",2.47590472116584
"2021-12-10","7 day R","2020-03-19","DE","quantile","0.025",2.22460245522127
"2021-12-10","7 day R","2020-03-19","DE","quantile","0.975",2.73246861606415
"2021-12-10","7 day R","2020-03-20","DE","point","NA",2.34756538616951
"2021-12-10","7 day R","2020-03-20","DE","quantile","0.025",2.09353498041486
"2021-12-10","7 day R","2020-03-20","DE","quantile","0.975",2.60006811956872
"2021-12-10","7 day R","2020-03-21","DE","point","NA",2.23784396615327
"2021-12-10","7 day R","2020-03-21","DE","quantile","0.025",1.98835428760583
"2021-12-10","7 day R","2020-03-21","DE","quantile","0.975",2.48751407920986
"2021-12-10","7 day R","2020-03-22","DE","point","NA",2.14265306193151
"2021-12-10","7 day R","2020-03-22","DE","quantile","0.025",1.89302408339721
"2021-12-10","7 day R","2020-03-22","DE","quantile","0.975",2.39281988782963
"2021-12-10","7 day R","2020-03-23","DE","point","NA",2.06391624576881
"2021-12-10","7 day R","2020-03-23","DE","quantile","0.025",1.81424790624503
"2021-12-10","7 day R","2020-03-23","DE","quantile","0.975",2.3168742126385
"2021-12-10","7 day R","2020-03-24","DE","point","NA",1.96841199266024
"2021-12-10","7 day R","2020-03-24","DE","quantile","0.025",1.71922278409172
"2021-12-10","7 day R","2020-03-24","DE","quantile","0.975",2.2206573278055
"2021-12-10","7 day R","2020-03-25","DE","point","NA",1.87406881316804
"2021-12-10","7 day R","2020-03-25","DE","quantile","0.025",1.62017411311043
"2021-12-10","7 day R","2020-03-25","DE","quantile","0.975",2.12515214922779
"2021-12-10","7 day R","2020-03-26","DE","point","NA",1.79456888502239
"2021-12-10","7 day R","2020-03-26","DE","quantile","0.025",1.53674703347782
"2021-12-10","7 day R","2020-03-26","DE","quantile","0.975",2.04658720632197
"2021-12-10","7 day R","2020-03-27","DE","point","NA",1.70918783642338
"2021-12-10","7 day R","2020-03-27","DE","quantile","0.025",1.45298689537981
"2021-12-10","7 day R","2020-03-27","DE","quantile","0.975",1.95897472496479
"2021-12-10","7 day R","2020-03-28","DE","point","NA",1.64508153585003
"2021-12-10","7 day R","2020-03-28","DE","quantile","0.025",1.39463330954831
"2021-12-10","7 day R","2020-03-28","DE","quantile","0.975",1.89515754372964
"2021-12-10","7 day R","2020-03-29","DE","point","NA",1.56139715995972
"2021-12-10","7 day R","2020-03-29","DE","quantile","0.025",1.30889627603734
"2021-12-10","7 day R","2020-03-29","DE","quantile","0.975",1.81238090397719
"2021-12-10","7 day R","2020-03-30","DE","point","NA",1.48340406416513
"2021-12-10","7 day R","2020-03-30","DE","quantile","0.025",1.22920178858484
"2021-12-10","7 day R","2020-03-30","DE","quantile","0.975",1.73310354887928
"2021-12-10","7 day R","2020-03-31","DE","point","NA",1.40568343816789
"2021-12-10","7 day R","2020-03-31","DE","quantile","0.025",1.14881584646771
"2021-12-10","7 day R","2020-03-31","DE","quantile","0.975",1.65730671544779
"2021-12-10","7 day R","2020-04-01","DE","point","NA",1.3290400988291
"2021-12-10","7 day R","2020-04-01","DE","quantile","0.025",1.07210498004852
"2021-12-10","7 day R","2020-04-01","DE","quantile","0.975",1.58061367911191
"2021-12-10","7 day R","2020-04-02","DE","point","NA",1.25678850191861
"2021-12-10","7 day R","2020-04-02","DE","quantile","0.025",0.999491401809287
"2021-12-10","7 day R","2020-04-02","DE","quantile","0.975",1.51303744897503
"2021-12-10","7 day R","2020-04-03","DE","point","NA",1.19168980798797
"2021-12-10","7 day R","2020-04-03","DE","quantile","0.025",0.932683140391397
"2021-12-10","7 day R","2020-04-03","DE","quantile","0.975",1.44586568497501
"2021-12-10","7 day R","2020-04-04","DE","point","NA",1.14853808606
"2021-12-10","7 day R","2020-04-04","DE","quantile","0.025",0.892138476414427
"2021-12-10","7 day R","2020-04-04","DE","quantile","0.975",1.40397033948886
"2021-12-10","7 day R","2020-04-05","DE","point","NA",1.10324085043864
"2021-12-10","7 day R","2020-04-05","DE","quantile","0.025",0.845103288788639
"2021-12-10","7 day R","2020-04-05","DE","quantile","0.975",1.35922069501756
"2021-12-10","7 day R","2020-04-06","DE","point","NA",1.0564600215625
"2021-12-10","7 day R","2020-04-06","DE","quantile","0.025",0.797503252414159
"2021-12-10","7 day R","2020-04-06","DE","quantile","0.975",1.30947677589587
"2021-12-10","7 day R","2020-04-07","DE","point","NA",1.01002388057004
"2021-12-10","7 day R","2020-04-07","DE","quantile","0.025",0.753600477971761
"2021-12-10","7 day R","2020-04-07","DE","quantile","0.975",1.2658102338028
"2021-12-10","7 day R","2020-04-08","DE","point","NA",0.959767496568445
"2021-12-10","7 day R","2020-04-08","DE","quantile","0.025",0.702092008271558
"2021-12-10","7 day R","2020-04-08","DE","quantile","0.975",1.21099157056822
"2021-12-10","7 day R","2020-04-09","DE","point","NA",0.908703105143027
"2021-12-10","7 day R","2020-04-09","DE","quantile","0.025",0.653349684814955
"2021-12-10","7 day R","2020-04-09","DE","quantile","0.975",1.16418432650005
"2021-12-10","7 day R","2020-04-10","DE","point","NA",0.866955871146808
"2021-12-10","7 day R","2020-04-10","DE","quantile","0.025",0.611735357973816
"2021-12-10","7 day R","2020-04-10","DE","quantile","0.975",1.11984347049309
"2021-12-10","7 day R","2020-04-11","DE","point","NA",0.846034961944601
"2021-12-10","7 day R","2020-04-11","DE","quantile","0.025",0.590703980069381
"2021-12-10","7 day R","2020-04-11","DE","quantile","0.975",1.10138824163602
"2021-12-10","7 day R","2020-04-12","DE","point","NA",0.82770817821627
"2021-12-10","7 day R","2020-04-12","DE","quantile","0.025",0.573462374898948
"2021-12-10","7 day R","2020-04-12","DE","quantile","0.975",1.08119500991879
"2021-12-10","7 day R","2020-04-13","DE","point","NA",0.803786938052817
"2021-12-10","7 day R","2020-04-13","DE","quantile","0.025",0.549101825397205
"2021-12-10","7 day R","2020-04-13","DE","quantile","0.975",1.05596381907721
"2021-12-10","7 day R","2020-04-14","DE","point","NA",0.777663149904156
"2021-12-10","7 day R","2020-04-14","DE","quantile","0.025",0.522830684745144
"2021-12-10","7 day R","2020-04-14","DE","quantile","0.975",1.02906400360952
"2021-12-10","7 day R","2020-04-15","DE","point","NA",0.759828314504769
"2021-12-10","7 day R","2020-04-15","DE","quantile","0.025",0.501309155536644
"2021-12-10","7 day R","2020-04-15","DE","quantile","0.975",1.01297294665229
"2021-12-10","7 day R","2020-04-16","DE","point","NA",0.743412832644972
"2021-12-10","7 day R","2020-04-16","DE","quantile","0.025",0.486769008029
"2021-12-10","7 day R","2020-04-16","DE","quantile","0.975",0.993950757922277
"2021-12-10","7 day R","2020-04-17","DE","point","NA",0.737409193617845
"2021-12-10","7 day R","2020-04-17","DE","quantile","0.025",0.481264451371111
"2021-12-10","7 day R","2020-04-17","DE","quantile","0.975",0.989542084314627
"2021-12-10","7 day R","2020-04-18","DE","point","NA",0.733536544887132
"2021-12-10","7 day R","2020-04-18","DE","quantile","0.025",0.477259029931153
"2021-12-10","7 day R","2020-04-18","DE","quantile","0.975",0.984252100880062
"2021-12-10","7 day R","2020-04-19","DE","point","NA",0.729757383007513
"2021-12-10","7 day R","2020-04-19","DE","quantile","0.025",0.480253901495941
"2021-12-10","7 day R","2020-04-19","DE","quantile","0.975",0.984420969569433
"2021-12-10","7 day R","2020-04-20","DE","point","NA",0.721968414359587
"2021-12-10","7 day R","2020-04-20","DE","quantile","0.025",0.471949847795991
"2021-12-10","7 day R","2020-04-20","DE","quantile","0.975",0.97559580120535
"2021-12-10","7 day R","2020-04-21","DE","point","NA",0.70597782246673
"2021-12-10","7 day R","2020-04-21","DE","quantile","0.025",0.452219078824549
"2021-12-10","7 day R","2020-04-21","DE","quantile","0.975",0.958745026806687
"2021-12-10","7 day R","2020-04-22","DE","point","NA",0.69460742155
"2021-12-10","7 day R","2020-04-22","DE","quantile","0.025",0.443216466712024
"2021-12-10","7 day R","2020-04-22","DE","quantile","0.975",0.944337415495696
"2021-12-10","7 day R","2020-04-23","DE","point","NA",0.684730587982114
"2021-12-10","7 day R","2020-04-23","DE","quantile","0.025",0.431408079808732
"2021-12-10","7 day R","2020-04-23","DE","quantile","0.975",0.935812194598273
"2021-12-10","7 day R","2020-04-24","DE","point","NA",0.67645745134682
"2021-12-10","7 day R","2020-04-24","DE","quantile","0.025",0.418358158359618
"2021-12-10","7 day R","2020-04-24","DE","quantile","0.975",0.926592511332832
"2021-12-10","7 day R","2020-04-25","DE","point","NA",0.678450794582123
"2021-12-10","7 day R","2020-04-25","DE","quantile","0.025",0.420218548106631
"2021-12-10","7 day R","2020-04-25","DE","quantile","0.975",0.929919197857659
"2021-12-10","7 day R","2020-04-26","DE","point","NA",0.678111893714573
"2021-12-10","7 day R","2020-04-26","DE","quantile","0.025",0.422107019024698
"2021-12-10","7 day R","2020-04-26","DE","quantile","0.975",0.924407225423675
"2021-12-10","7 day R","2020-04-27","DE","point","NA",0.67304637612883
"2021-12-10","7 day R","2020-04-27","DE","quantile","0.025",0.419625455085049
"2021-12-10","7 day R","2020-04-27","DE","quantile","0.975",0.922583539144596
"2021-12-10","7 day R","2020-04-28","DE","point","NA",0.664566636980988
"2021-12-10","7 day R","2020-04-28","DE","quantile","0.025",0.410218253874187
"2021-12-10","7 day R","2020-04-28","DE","quantile","0.975",0.91540982733934
"2021-12-10","7 day R","2020-04-29","DE","point","NA",0.655591370650518
"2021-12-10","7 day R","2020-04-29","DE","quantile","0.025",0.400790464896455
"2021-12-10","7 day R","2020-04-29","DE","quantile","0.975",0.905460552200194
"2021-12-10","7 day R","2020-04-30","DE","point","NA",0.647587676095561
"2021-12-10","7 day R","2020-04-30","DE","quantile","0.025",0.396532714422819
"2021-12-10","7 day R","2020-04-30","DE","quantile","0.975",0.900010347420973
"2021-12-10","7 day R","2020-05-01","DE","point","NA",0.644064523041071
"2021-12-10","7 day R","2020-05-01","DE","quantile","0.025",0.392677948933013
"2021-12-10","7 day R","2020-05-01","DE","quantile","0.975",0.894042410304547
"2021-12-10","7 day R","2020-05-02","DE","point","NA",0.653154814941941
"2021-12-10","7 day R","2020-05-02","DE","quantile","0.025",0.400941500171558
"2021-12-10","7 day R","2020-05-02","DE","quantile","0.975",0.905495139198421
"2021-12-10","7 day R","2020-05-03","DE","point","NA",0.66274709380818
"2021-12-10","7 day R","2020-05-03","DE","quantile","0.025",0.411732406438431
"2021-12-10","7 day R","2020-05-03","DE","quantile","0.975",0.913075612995702
"2021-12-10","7 day R","2020-05-04","DE","point","NA",0.67073849634241
"2021-12-10","7 day R","2020-05-04","DE","quantile","0.025",0.422995984549804
"2021-12-10","7 day R","2020-05-04","DE","quantile","0.975",0.919054712790712
"2021-12-10","7 day R","2020-05-05","DE","point","NA",0.680090705028291
"2021-12-10","7 day R","2020-05-05","DE","quantile","0.025",0.429953528068269
"2021-12-10","7 day R","2020-05-05","DE","quantile","0.975",0.931053447794548
"2021-12-10","7 day R","2020-05-06","DE","point","NA",0.68923584716743
"2021-12-10","7 day R","2020-05-06","DE","quantile","0.025",0.440591831568974
"2021-12-10","7 day R","2020-05-06","DE","quantile","0.975",0.940412431349934
"2021-12-10","7 day R","2020-05-07","DE","point","NA",0.695110886224851
"2021-12-10","7 day R","2020-05-07","DE","quantile","0.025",0.444008168037889
"2021-12-10","7 day R","2020-05-07","DE","quantile","0.975",0.945734584295965
"2021-12-10","7 day R","2020-05-08","DE","point","NA",0.698517017569223
"2021-12-10","7 day R","2020-05-08","DE","quantile","0.025",0.449338981039788
"2021-12-10","7 day R","2020-05-08","DE","quantile","0.975",0.948779674494393
"2021-12-10","7 day R","2020-05-09","DE","point","NA",0.704013834104869
"2021-12-10","7 day R","2020-05-09","DE","quantile","0.025",0.453512452746978
"2021-12-10","7 day R","2020-05-09","DE","quantile","0.975",0.955558712278921
"2021-12-10","7 day R","2020-05-10","DE","point","NA",0.708376859652491
"2021-12-10","7 day R","2020-05-10","DE","quantile","0.025",0.461189329557879
"2021-12-10","7 day R","2020-05-10","DE","quantile","0.975",0.962551740016247
"2021-12-10","7 day R","2020-05-11","DE","point","NA",0.713225573955291
"2021-12-10","7 day R","2020-05-11","DE","quantile","0.025",0.464406546514715
"2021-12-10","7 day R","2020-05-11","DE","quantile","0.975",0.967031513730687
"2021-12-10","7 day R","2020-05-12","DE","point","NA",0.70687615470033
"2021-12-10","7 day R","2020-05-12","DE","quantile","0.025",0.459993824494935
"2021-12-10","7 day R","2020-05-12","DE","quantile","0.975",0.959472838659192
"2021-12-10","7 day R","2020-05-13","DE","point","NA",0.706928182410126
"2021-12-10","7 day R","2020-05-13","DE","quantile","0.025",0.460287138005815
"2021-12-10","7 day R","2020-05-13","DE","quantile","0.975",0.956681960550278
"2021-12-10","7 day R","2020-05-14","DE","point","NA",0.702022058157198
"2021-12-10","7 day R","2020-05-14","DE","quantile","0.025",0.452021447092076
"2021-12-10","7 day R","2020-05-14","DE","quantile","0.975",0.950565818529548
"2021-12-10","7 day R","2020-05-15","DE","point","NA",0.717117524680778
"2021-12-10","7 day R","2020-05-15","DE","quantile","0.025",0.466981095523078
"2021-12-10","7 day R","2020-05-15","DE","quantile","0.975",0.966096074407731
"2021-12-10","7 day R","2020-05-16","DE","point","NA",0.738619168650503
"2021-12-10","7 day R","2020-05-16","DE","quantile","0.025",0.486629160666352
"2021-12-10","7 day R","2020-05-16","DE","quantile","0.975",0.991588308297247
"2021-12-10","7 day R","2020-05-17","DE","point","NA",0.75832846716346
"2021-12-10","7 day R","2020-05-17","DE","quantile","0.025",0.506955785932499
"2021-12-10","7 day R","2020-05-17","DE","quantile","0.975",1.0096763493816
"2021-12-10","7 day R","2020-05-18","DE","point","NA",0.769852943747438
"2021-12-10","7 day R","2020-05-18","DE","quantile","0.025",0.521817892224033
"2021-12-10","7 day R","2020-05-18","DE","quantile","0.975",1.02431467099312
"2021-12-10","7 day R","2020-05-19","DE","point","NA",0.788007078868099
"2021-12-10","7 day R","2020-05-19","DE","quantile","0.025",0.538171018487299
"2021-12-10","7 day R","2020-05-19","DE","quantile","0.975",1.04405598191012
"2021-12-10","7 day R","2020-05-20","DE","point","NA",0.77541949163815
"2021-12-10","7 day R","2020-05-20","DE","quantile","0.025",0.522821453004236
"2021-12-10","7 day R","2020-05-20","DE","quantile","0.975",1.02951995288574
"2021-12-10","7 day R","2020-05-21","DE","point","NA",0.758570199572566
"2021-12-10","7 day R","2020-05-21","DE","quantile","0.025",0.50488882249834
"2021-12-10","7 day R","2020-05-21","DE","quantile","0.975",1.00992658629834
"2021-12-10","7 day R","2020-05-22","DE","point","NA",0.751510898137637
"2021-12-10","7 day R","2020-05-22","DE","quantile","0.025",0.496110750632184
"2021-12-10","7 day R","2020-05-22","DE","quantile","0.975",1.00048275704044
"2021-12-10","7 day R","2020-05-23","DE","point","NA",0.750564783159901
"2021-12-10","7 day R","2020-05-23","DE","quantile","0.025",0.498726383894463
"2021-12-10","7 day R","2020-05-23","DE","quantile","0.975",0.999624215144963
"2021-12-10","7 day R","2020-05-24","DE","point","NA",0.755337364260425
"2021-12-10","7 day R","2020-05-24","DE","quantile","0.025",0.502776939910429
"2021-12-10","7 day R","2020-05-24","DE","quantile","0.975",1.00693875314876
"2021-12-10","7 day R","2020-05-25","DE","point","NA",0.761554098792231
"2021-12-10","7 day R","2020-05-25","DE","quantile","0.025",0.508500329040073
"2021-12-10","7 day R","2020-05-25","DE","quantile","0.975",1.00914842205625
"2021-12-10","7 day R","2020-05-26","DE","point","NA",0.767574861842669
"2021-12-10","7 day R","2020-05-26","DE","quantile","0.025",0.513041343966163
"2021-12-10","7 day R","2020-05-26","DE","quantile","0.975",1.01693069487729
"2021-12-10","7 day R","2020-05-27","DE","point","NA",0.770732644534269
"2021-12-10","7 day R","2020-05-27","DE","quantile","0.025",0.51880841921403
"2021-12-10","7 day R","2020-05-27","DE","quantile","0.975",1.02068535312125
"2021-12-10","7 day R","2020-05-28","DE","point","NA",0.777794351636865
"2021-12-10","7 day R","2020-05-28","DE","quantile","0.025",0.524547024116387
"2021-12-10","7 day R","2020-05-28","DE","quantile","0.975",1.02754446949632
"2021-12-10","7 day R","2020-05-29","DE","point","NA",0.777120853435483
"2021-12-10","7 day R","2020-05-29","DE","quantile","0.025",0.522334293175371
"2021-12-10","7 day R","2020-05-29","DE","quantile","0.975",1.02930302807389
"2021-12-10","7 day R","2020-05-30","DE","point","NA",0.770472647508789
"2021-12-10","7 day R","2020-05-30","DE","quantile","0.025",0.517343826504858
"2021-12-10","7 day R","2020-05-30","DE","quantile","0.975",1.02239919192549
"2021-12-10","7 day R","2020-05-31","DE","point","NA",0.766668900101279
"2021-12-10","7 day R","2020-05-31","DE","quantile","0.025",0.509382923315391
"2021-12-10","7 day R","2020-05-31","DE","quantile","0.975",1.01893295733804
"2021-12-10","7 day R","2020-06-01","DE","point","NA",0.767739149284135
"2021-12-10","7 day R","2020-06-01","DE","quantile","0.025",0.510824336212776
"2021-12-10","7 day R","2020-06-01","DE","quantile","0.975",1.02205632036396
"2021-12-10","7 day R","2020-06-02","DE","point","NA",0.772404114726255
"2021-12-10","7 day R","2020-06-02","DE","quantile","0.025",0.518793123515729
"2021-12-10","7 day R","2020-06-02","DE","quantile","0.975",1.02215649952813
"2021-12-10","7 day R","2020-06-03","DE","point","NA",0.79083136876493
"2021-12-10","7 day R","2020-06-03","DE","quantile","0.025",0.538038352527277
"2021-12-10","7 day R","2020-06-03","DE","quantile","0.975",1.04283420253438
"2021-12-10","7 day R","2020-06-04","DE","point","NA",0.812338923712012
"2021-12-10","7 day R","2020-06-04","DE","quantile","0.025",0.560106851770241
"2021-12-10","7 day R","2020-06-04","DE","quantile","0.975",1.06289992277991
"2021-12-10","7 day R","2020-06-05","DE","point","NA",0.844062192549193
"2021-12-10","7 day R","2020-06-05","DE","quantile","0.025",0.593029778912339
"2021-12-10","7 day R","2020-06-05","DE","quantile","0.975",1.09787282147145
"2021-12-10","7 day R","2020-06-06","DE","point","NA",0.876385076467152
"2021-12-10","7 day R","2020-06-06","DE","quantile","0.025",0.629128842907408
"2021-12-10","7 day R","2020-06-06","DE","quantile","0.975",1.12496500301532
"2021-12-10","7 day R","2020-06-07","DE","point","NA",0.883494320774501
"2021-12-10","7 day R","2020-06-07","DE","quantile","0.025",0.634626165181678
"2021-12-10","7 day R","2020-06-07","DE","quantile","0.975",1.13318387810297
"2021-12-10","7 day R","2020-06-08","DE","point","NA",0.886549728429864
"2021-12-10","7 day R","2020-06-08","DE","quantile","0.025",0.633817753481367
"2021-12-10","7 day R","2020-06-08","DE","quantile","0.975",1.13757702140789
"2021-12-10","7 day R","2020-06-09","DE","point","NA",0.880475436678534
"2021-12-10","7 day R","2020-06-09","DE","quantile","0.025",0.628325520227262
"2021-12-10","7 day R","2020-06-09","DE","quantile","0.975",1.13216905044358
"2021-12-10","7 day R","2020-06-10","DE","point","NA",0.87752513095882
"2021-12-10","7 day R","2020-06-10","DE","quantile","0.025",0.624756225608541
"2021-12-10","7 day R","2020-06-10","DE","quantile","0.975",1.1297417179318
"2021-12-10","7 day R","2020-06-11","DE","point","NA",0.899317818440156
"2021-12-10","7 day R","2020-06-11","DE","quantile","0.025",0.642246625049799
"2021-12-10","7 day R","2020-06-11","DE","quantile","0.975",1.15062260620197
"2021-12-10","7 day R","2020-06-12","DE","point","NA",0.950947805307369
"2021-12-10","7 day R","2020-06-12","DE","quantile","0.025",0.696255229255242
"2021-12-10","7 day R","2020-06-12","DE","quantile","0.975",1.20362529961787
"2021-12-10","7 day R","2020-06-13","DE","point","NA",0.987246479435656
"2021-12-10","7 day R","2020-06-13","DE","quantile","0.025",0.733679592800144
"2021-12-10","7 day R","2020-06-13","DE","quantile","0.975",1.23774652379786
"2021-12-10","7 day R","2020-06-14","DE","point","NA",1.04480370047094
"2021-12-10","7 day R","2020-06-14","DE","quantile","0.025",0.793533168727473
"2021-12-10","7 day R","2020-06-14","DE","quantile","0.975",1.29682908627381
"2021-12-10","7 day R","2020-06-15","DE","point","NA",1.10309645181496
"2021-12-10","7 day R","2020-06-15","DE","quantile","0.025",0.850439450855801
"2021-12-10","7 day R","2020-06-15","DE","quantile","0.975",1.35556411055413
"2021-12-10","7 day R","2020-06-16","DE","point","NA",1.17242672364629
"2021-12-10","7 day R","2020-06-16","DE","quantile","0.025",0.916400059105116
"2021-12-10","7 day R","2020-06-16","DE","quantile","0.975",1.43077543048775
"2021-12-10","7 day R","2020-06-17","DE","point","NA",1.21850750692614
"2021-12-10","7 day R","2020-06-17","DE","quantile","0.025",0.962856372399516
"2021-12-10","7 day R","2020-06-17","DE","quantile","0.975",1.48128344078176
"2021-12-10","7 day R","2020-06-18","DE","point","NA",1.25918363741339
"2021-12-10","7 day R","2020-06-18","DE","quantile","0.025",1.00362616051073
"2021-12-10","7 day R","2020-06-18","DE","quantile","0.975",1.52515793015192
"2021-12-10","7 day R","2020-06-19","DE","point","NA",1.22655730278369
"2021-12-10","7 day R","2020-06-19","DE","quantile","0.025",0.975380069332515
"2021-12-10","7 day R","2020-06-19","DE","quantile","0.975",1.48437152552846
"2021-12-10","7 day R","2020-06-20","DE","point","NA",1.2068087214419
"2021-12-10","7 day R","2020-06-20","DE","quantile","0.025",0.954538104926413
"2021-12-10","7 day R","2020-06-20","DE","quantile","0.975",1.46164707057779
"2021-12-10","7 day R","2020-06-21","DE","point","NA",1.1922422911685
"2021-12-10","7 day R","2020-06-21","DE","quantile","0.025",0.94074173843044
"2021-12-10","7 day R","2020-06-21","DE","quantile","0.975",1.44881784748356
"2021-12-10","7 day R","2020-06-22","DE","point","NA",1.16204473782445
"2021-12-10","7 day R","2020-06-22","DE","quantile","0.025",0.911028893982202
"2021-12-10","7 day R","2020-06-22","DE","quantile","0.975",1.41856949541865
"2021-12-10","7 day R","2020-06-23","DE","point","NA",1.12703647880722
"2021-12-10","7 day R","2020-06-23","DE","quantile","0.025",0.874151430697172
"2021-12-10","7 day R","2020-06-23","DE","quantile","0.975",1.38267963519714
"2021-12-10","7 day R","2020-06-24","DE","point","NA",1.08470882972795
"2021-12-10","7 day R","2020-06-24","DE","quantile","0.025",0.83270766528452
"2021-12-10","7 day R","2020-06-24","DE","quantile","0.975",1.33661554447447
"2021-12-10","7 day R","2020-06-25","DE","point","NA",1.05002700069582
"2021-12-10","7 day R","2020-06-25","DE","quantile","0.025",0.799398042925585
"2021-12-10","7 day R","2020-06-25","DE","quantile","0.975",1.30171535615052
"2021-12-10","7 day R","2020-06-26","DE","point","NA",1.03224260553829
"2021-12-10","7 day R","2020-06-26","DE","quantile","0.025",0.781158179863292
"2021-12-10","7 day R","2020-06-26","DE","quantile","0.975",1.28276510197366
"2021-12-10","7 day R","2020-06-27","DE","point","NA",1.0092636040969
"2021-12-10","7 day R","2020-06-27","DE","quantile","0.025",0.752924393850391
"2021-12-10","7 day R","2020-06-27","DE","quantile","0.975",1.26154062409591
"2021-12-10","7 day R","2020-06-28","DE","point","NA",0.985727101305877
"2021-12-10","7 day R","2020-06-28","DE","quantile","0.025",0.732082934093162
"2021-12-10","7 day R","2020-06-28","DE","quantile","0.975",1.23808756121343
"2021-12-10","7 day R","2020-06-29","DE","point","NA",0.969826156716019
"2021-12-10","7 day R","2020-06-29","DE","quantile","0.025",0.713864172983807
"2021-12-10","7 day R","2020-06-29","DE","quantile","0.975",1.22346922237219
"2021-12-10","7 day R","2020-06-30","DE","point","NA",0.958844169667862
"2021-12-10","7 day R","2020-06-30","DE","quantile","0.025",0.706595786073386
"2021-12-10","7 day R","2020-06-30","DE","quantile","0.975",1.20886894879328
"2021-12-10","7 day R","2020-07-01","DE","point","NA",0.954697463616026
"2021-12-10","7 day R","2020-07-01","DE","quantile","0.025",0.701060200315198
"2021-12-10","7 day R","2020-07-01","DE","quantile","0.975",1.20300805968055
"2021-12-10","7 day R","2020-07-02","DE","point","NA",0.945728494758192
"2021-12-10","7 day R","2020-07-02","DE","quantile","0.025",0.692960565686553
"2021-12-10","7 day R","2020-07-02","DE","quantile","0.975",1.19558723761055
"2021-12-10","7 day R","2020-07-03","DE","point","NA",0.945528656334192
"2021-12-10","7 day R","2020-07-03","DE","quantile","0.025",0.694946127195555
"2021-12-10","7 day R","2020-07-03","DE","quantile","0.975",1.19708606564292
"2021-12-10","7 day R","2020-07-04","DE","point","NA",0.952364777458894
"2021-12-10","7 day R","2020-07-04","DE","quantile","0.025",0.697869787124954
"2021-12-10","7 day R","2020-07-04","DE","quantile","0.975",1.20271186793307
"2021-12-10","7 day R","2020-07-05","DE","point","NA",0.95294065918545
"2021-12-10","7 day R","2020-07-05","DE","quantile","0.025",0.699991258042663
"2021-12-10","7 day R","2020-07-05","DE","quantile","0.975",1.20355132868778
"2021-12-10","7 day R","2020-07-06","DE","point","NA",0.946877605586837
"2021-12-10","7 day R","2020-07-06","DE","quantile","0.025",0.696463690080412
"2021-12-10","7 day R","2020-07-06","DE","quantile","0.975",1.19965932443641
"2021-12-10","7 day R","2020-07-07","DE","point","NA",0.92829849258598
"2021-12-10","7 day R","2020-07-07","DE","quantile","0.025",0.672168701822369
"2021-12-10","7 day R","2020-07-07","DE","quantile","0.975",1.17794993828664
"2021-12-10","7 day R","2020-07-08","DE","point","NA",0.919670258986226
"2021-12-10","7 day R","2020-07-08","DE","quantile","0.025",0.665315288999595
"2021-12-10","7 day R","2020-07-08","DE","quantile","0.975",1.17120832793603
"2021-12-10","7 day R","2020-07-09","DE","point","NA",0.918054825655773
"2021-12-10","7 day R","2020-07-09","DE","quantile","0.025",0.660173143376325
"2021-12-10","7 day R","2020-07-09","DE","quantile","0.975",1.16778623914938
"2021-12-10","7 day R","2020-07-10","DE","point","NA",0.933322048673255
"2021-12-10","7 day R","2020-07-10","DE","quantile","0.025",0.6791068728732
"2021-12-10","7 day R","2020-07-10","DE","quantile","0.975",1.18280931095987
"2021-12-10","7 day R","2020-07-11","DE","point","NA",0.959574391108436
"2021-12-10","7 day R","2020-07-11","DE","quantile","0.025",0.708793599178871
"2021-12-10","7 day R","2020-07-11","DE","quantile","0.975",1.20978063075007
"2021-12-10","7 day R","2020-07-12","DE","point","NA",0.978701341156044
"2021-12-10","7 day R","2020-07-12","DE","quantile","0.025",0.726698096419837
"2021-12-10","7 day R","2020-07-12","DE","quantile","0.975",1.22847312988955
"2021-12-10","7 day R","2020-07-13","DE","point","NA",0.997409474463036
"2021-12-10","7 day R","2020-07-13","DE","quantile","0.025",0.744926399828691
"2021-12-10","7 day R","2020-07-13","DE","quantile","0.975",1.24879795532041
"2021-12-10","7 day R","2020-07-14","DE","point","NA",1.02769308615064
"2021-12-10","7 day R","2020-07-14","DE","quantile","0.025",0.774888269324695
"2021-12-10","7 day R","2020-07-14","DE","quantile","0.975",1.27732261714237
"2021-12-10","7 day R","2020-07-15","DE","point","NA",1.06546816033537
"2021-12-10","7 day R","2020-07-15","DE","quantile","0.025",0.815202750248776
"2021-12-10","7 day R","2020-07-15","DE","quantile","0.975",1.31226086483894
"2021-12-10","7 day R","2020-07-16","DE","point","NA",1.09912500508132
"2021-12-10","7 day R","2020-07-16","DE","quantile","0.025",0.849219673355605
"2021-12-10","7 day R","2020-07-16","DE","quantile","0.975",1.34928642858266
"2021-12-10","7 day R","2020-07-17","DE","point","NA",1.12411908683267
"2021-12-10","7 day R","2020-07-17","DE","quantile","0.025",0.874847184872925
"2021-12-10","7 day R","2020-07-17","DE","quantile","0.975",1.37697565837589
"2021-12-10","7 day R","2020-07-18","DE","point","NA",1.14003378182448
"2021-12-10","7 day R","2020-07-18","DE","quantile","0.025",0.888074267769131
"2021-12-10","7 day R","2020-07-18","DE","quantile","0.975",1.394220829464
"2021-12-10","7 day R","2020-07-19","DE","point","NA",1.15642806908682
"2021-12-10","7 day R","2020-07-19","DE","quantile","0.025",0.902814892066796
"2021-12-10","7 day R","2020-07-19","DE","quantile","0.975",1.41063392779813
"2021-12-10","7 day R","2020-07-20","DE","point","NA",1.17041565388672
"2021-12-10","7 day R","2020-07-20","DE","quantile","0.025",0.917672367792536
"2021-12-10","7 day R","2020-07-20","DE","quantile","0.975",1.42338525145846
"2021-12-10","7 day R","2020-07-21","DE","point","NA",1.17489809193301
"2021-12-10","7 day R","2020-07-21","DE","quantile","0.025",0.924914676914356
"2021-12-10","7 day R","2020-07-21","DE","quantile","0.975",1.42484933615852
"2021-12-10","7 day R","2020-07-22","DE","point","NA",1.18601609725581
"2021-12-10","7 day R","2020-07-22","DE","quantile","0.025",0.938445476431543
"2021-12-10","7 day R","2020-07-22","DE","quantile","0.975",1.43853065383987
"2021-12-10","7 day R","2020-07-23","DE","point","NA",1.19841733036959
"2021-12-10","7 day R","2020-07-23","DE","quantile","0.025",0.948363094982838
"2021-12-10","7 day R","2020-07-23","DE","quantile","0.975",1.44994315731024
"2021-12-10","7 day R","2020-07-24","DE","point","NA",1.21333938958512
"2021-12-10","7 day R","2020-07-24","DE","quantile","0.025",0.961750321828953
"2021-12-10","7 day R","2020-07-24","DE","quantile","0.975",1.46900502475091
"2021-12-10","7 day R","2020-07-25","DE","point","NA",1.22104870654081
"2021-12-10","7 day R","2020-07-25","DE","quantile","0.025",0.969802329841038
"2021-12-10","7 day R","2020-07-25","DE","quantile","0.975",1.47196804192487
"2021-12-10","7 day R","2020-07-26","DE","point","NA",1.21876894412609
"2021-12-10","7 day R","2020-07-26","DE","quantile","0.025",0.971079583624709
"2021-12-10","7 day R","2020-07-26","DE","quantile","0.975",1.46960378389677
"2021-12-10","7 day R","2020-07-27","DE","point","NA",1.21367454398424
"2021-12-10","7 day R","2020-07-27","DE","quantile","0.025",0.962280042315351
"2021-12-10","7 day R","2020-07-27","DE","quantile","0.975",1.46615425929698
"2021-12-10","7 day R","2020-07-28","DE","point","NA",1.22682620541601
"2021-12-10","7 day R","2020-07-28","DE","quantile","0.025",0.977639005910096
"2021-12-10","7 day R","2020-07-28","DE","quantile","0.975",1.47704469758214
"2021-12-10","7 day R","2020-07-29","DE","point","NA",1.23765160285433
"2021-12-10","7 day R","2020-07-29","DE","quantile","0.025",0.990362329055027
"2021-12-10","7 day R","2020-07-29","DE","quantile","0.975",1.48739151388203
"2021-12-10","7 day R","2020-07-30","DE","point","NA",1.24198154689944
"2021-12-10","7 day R","2020-07-30","DE","quantile","0.025",0.991874212138702
"2021-12-10","7 day R","2020-07-30","DE","quantile","0.975",1.48987267477829
"2021-12-10","7 day R","2020-07-31","DE","point","NA",1.23601896772002
"2021-12-10","7 day R","2020-07-31","DE","quantile","0.025",0.98259339785895
"2021-12-10","7 day R","2020-07-31","DE","quantile","0.975",1.48275285505276
"2021-12-10","7 day R","2020-08-01","DE","point","NA",1.23207583732967
"2021-12-10","7 day R","2020-08-01","DE","quantile","0.025",0.980555629565871
"2021-12-10","7 day R","2020-08-01","DE","quantile","0.975",1.48131038795951
"2021-12-10","7 day R","2020-08-02","DE","point","NA",1.23056152624254
"2021-12-10","7 day R","2020-08-02","DE","quantile","0.025",0.978109052472351
"2021-12-10","7 day R","2020-08-02","DE","quantile","0.975",1.48191582034892
"2021-12-10","7 day R","2020-08-03","DE","point","NA",1.24130410669071
"2021-12-10","7 day R","2020-08-03","DE","quantile","0.025",0.990792225619611
"2021-12-10","7 day R","2020-08-03","DE","quantile","0.975",1.49297271981997
"2021-12-10","7 day R","2020-08-04","DE","point","NA",1.24827370241512
"2021-12-10","7 day R","2020-08-04","DE","quantile","0.025",0.9984414941294
"2021-12-10","7 day R","2020-08-04","DE","quantile","0.975",1.50019993363919
"2021-12-10","7 day R","2020-08-05","DE","point","NA",1.25679022807996
"2021-12-10","7 day R","2020-08-05","DE","quantile","0.025",1.00358103540743
"2021-12-10","7 day R","2020-08-05","DE","quantile","0.975",1.50927941219113
"2021-12-10","7 day R","2020-08-06","DE","point","NA",1.24678651907233
"2021-12-10","7 day R","2020-08-06","DE","quantile","0.025",0.992629087763021
"2021-12-10","7 day R","2020-08-06","DE","quantile","0.975",1.50093910469167
"2021-12-10","7 day R","2020-08-07","DE","point","NA",1.24414555173294
"2021-12-10","7 day R","2020-08-07","DE","quantile","0.025",0.99319516530409
"2021-12-10","7 day R","2020-08-07","DE","quantile","0.975",1.49817313029232
"2021-12-10","7 day R","2020-08-08","DE","point","NA",1.24008378099786
"2021-12-10","7 day R","2020-08-08","DE","quantile","0.025",0.990169621381568
"2021-12-10","7 day R","2020-08-08","DE","quantile","0.975",1.4936351320556
"2021-12-10","7 day R","2020-08-09","DE","point","NA",1.24006592943616
"2021-12-10","7 day R","2020-08-09","DE","quantile","0.025",0.993716003731542
"2021-12-10","7 day R","2020-08-09","DE","quantile","0.975",1.491130834288
"2021-12-10","7 day R","2020-08-10","DE","point","NA",1.24616987204751
"2021-12-10","7 day R","2020-08-10","DE","quantile","0.025",0.99388685540618
"2021-12-10","7 day R","2020-08-10","DE","quantile","0.975",1.50174554765687
"2021-12-10","7 day R","2020-08-11","DE","point","NA",1.24640746079665
"2021-12-10","7 day R","2020-08-11","DE","quantile","0.025",0.996032522056867
"2021-12-10","7 day R","2020-08-11","DE","quantile","0.975",1.50035143112306
"2021-12-10","7 day R","2020-08-12","DE","point","NA",1.24331155202236
"2021-12-10","7 day R","2020-08-12","DE","quantile","0.025",0.992514275419881
"2021-12-10","7 day R","2020-08-12","DE","quantile","0.975",1.49598719583677
"2021-12-10","7 day R","2020-08-13","DE","point","NA",1.23829668575282
"2021-12-10","7 day R","2020-08-13","DE","quantile","0.025",0.986731505557401
"2021-12-10","7 day R","2020-08-13","DE","quantile","0.975",1.49165031196523
"2021-12-10","7 day R","2020-08-14","DE","point","NA",1.22915810263673
"2021-12-10","7 day R","2020-08-14","DE","quantile","0.025",0.976709002099167
"2021-12-10","7 day R","2020-08-14","DE","quantile","0.975",1.47993477391772
"2021-12-10","7 day R","2020-08-15","DE","point","NA",1.21743681970109
"2021-12-10","7 day R","2020-08-15","DE","quantile","0.025",0.96372929963454
"2021-12-10","7 day R","2020-08-15","DE","quantile","0.975",1.46685697056474
"2021-12-10","7 day R","2020-08-16","DE","point","NA",1.2146768922453
"2021-12-10","7 day R","2020-08-16","DE","quantile","0.025",0.961383020731692
"2021-12-10","7 day R","2020-08-16","DE","quantile","0.975",1.46792482300302
"2021-12-10","7 day R","2020-08-17","DE","point","NA",1.21427091358237
"2021-12-10","7 day R","2020-08-17","DE","quantile","0.025",0.958582480044642
"2021-12-10","7 day R","2020-08-17","DE","quantile","0.975",1.46615588530773
"2021-12-10","7 day R","2020-08-18","DE","point","NA",1.20290178506972
"2021-12-10","7 day R","2020-08-18","DE","quantile","0.025",0.953590802968128
"2021-12-10","7 day R","2020-08-18","DE","quantile","0.975",1.45418215749855
"2021-12-10","7 day R","2020-08-19","DE","point","NA",1.18482879318388
"2021-12-10","7 day R","2020-08-19","DE","quantile","0.025",0.935766673311651
"2021-12-10","7 day R","2020-08-19","DE","quantile","0.975",1.43665686259517
"2021-12-10","7 day R","2020-08-20","DE","point","NA",1.16475784497435
"2021-12-10","7 day R","2020-08-20","DE","quantile","0.025",0.913742263041397
"2021-12-10","7 day R","2020-08-20","DE","quantile","0.975",1.41635509324928
"2021-12-10","7 day R","2020-08-21","DE","point","NA",1.14695312118787
"2021-12-10","7 day R","2020-08-21","DE","quantile","0.025",0.898002757367683
"2021-12-10","7 day R","2020-08-21","DE","quantile","0.975",1.40041590297571
"2021-12-10","7 day R","2020-08-22","DE","point","NA",1.12890965920284
"2021-12-10","7 day R","2020-08-22","DE","quantile","0.025",0.880271660998581
"2021-12-10","7 day R","2020-08-22","DE","quantile","0.975",1.38175286497353
"2021-12-10","7 day R","2020-08-23","DE","point","NA",1.11482155435563
"2021-12-10","7 day R","2020-08-23","DE","quantile","0.025",0.867739122423373
"2021-12-10","7 day R","2020-08-23","DE","quantile","0.975",1.36693544315111
"2021-12-10","7 day R","2020-08-24","DE","point","NA",1.10092636939209
"2021-12-10","7 day R","2020-08-24","DE","quantile","0.025",0.851400718422072
"2021-12-10","7 day R","2020-08-24","DE","quantile","0.975",1.34844603620639
"2021-12-10","7 day R","2020-08-25","DE","point","NA",1.08672598822967
"2021-12-10","7 day R","2020-08-25","DE","quantile","0.025",0.836258818268786
"2021-12-10","7 day R","2020-08-25","DE","quantile","0.975",1.33729074672336
"2021-12-10","7 day R","2020-08-26","DE","point","NA",1.06717252967118
"2021-12-10","7 day R","2020-08-26","DE","quantile","0.025",0.815930121762346
"2021-12-10","7 day R","2020-08-26","DE","quantile","0.975",1.31884095149926
"2021-12-10","7 day R","2020-08-27","DE","point","NA",1.05311115631862
"2021-12-10","7 day R","2020-08-27","DE","quantile","0.025",0.800070125384527
"2021-12-10","7 day R","2020-08-27","DE","quantile","0.975",1.30442645339973
"2021-12-10","7 day R","2020-08-28","DE","point","NA",1.04207564910331
"2021-12-10","7 day R","2020-08-28","DE","quantile","0.025",0.787280277915058
"2021-12-10","7 day R","2020-08-28","DE","quantile","0.975",1.29555599918893
"2021-12-10","7 day R","2020-08-29","DE","point","NA",1.034462696811
"2021-12-10","7 day R","2020-08-29","DE","quantile","0.025",0.783153103081909
"2021-12-10","7 day R","2020-08-29","DE","quantile","0.975",1.28921930379304
"2021-12-10","7 day R","2020-08-30","DE","point","NA",1.03153233246621
"2021-12-10","7 day R","2020-08-30","DE","quantile","0.025",0.779546553387059
"2021-12-10","7 day R","2020-08-30","DE","quantile","0.975",1.28491683405042
"2021-12-10","7 day R","2020-08-31","DE","point","NA",1.03146288832479
"2021-12-10","7 day R","2020-08-31","DE","quantile","0.025",0.77914505700346
"2021-12-10","7 day R","2020-08-31","DE","quantile","0.975",1.28458579764143
"2021-12-10","7 day R","2020-09-01","DE","point","NA",1.03199720587501
"2021-12-10","7 day R","2020-09-01","DE","quantile","0.025",0.778409229169779
"2021-12-10","7 day R","2020-09-01","DE","quantile","0.975",1.28925364310749
"2021-12-10","7 day R","2020-09-02","DE","point","NA",1.03347966977908
"2021-12-10","7 day R","2020-09-02","DE","quantile","0.025",0.778607896317183
"2021-12-10","7 day R","2020-09-02","DE","quantile","0.975",1.28902532143017
"2021-12-10","7 day R","2020-09-03","DE","point","NA",1.03638422945357
"2021-12-10","7 day R","2020-09-03","DE","quantile","0.025",0.780607164616042
"2021-12-10","7 day R","2020-09-03","DE","quantile","0.975",1.28725113918745
"2021-12-10","7 day R","2020-09-04","DE","point","NA",1.04424123435197
"2021-12-10","7 day R","2020-09-04","DE","quantile","0.025",0.791527151121955
"2021-12-10","7 day R","2020-09-04","DE","quantile","0.975",1.29485840630893
"2021-12-10","7 day R","2020-09-05","DE","point","NA",1.05625078488655
"2021-12-10","7 day R","2020-09-05","DE","quantile","0.025",0.805336860501621
"2021-12-10","7 day R","2020-09-05","DE","quantile","0.975",1.30527822818186
"2021-12-10","7 day R","2020-09-06","DE","point","NA",1.07173373555223
"2021-12-10","7 day R","2020-09-06","DE","quantile","0.025",0.821481828639157
"2021-12-10","7 day R","2020-09-06","DE","quantile","0.975",1.32140692452611
"2021-12-10","7 day R","2020-09-07","DE","point","NA",1.08585418196376
"2021-12-10","7 day R","2020-09-07","DE","quantile","0.025",0.835058326418951
"2021-12-10","7 day R","2020-09-07","DE","quantile","0.975",1.33852973046822
"2021-12-10","7 day R","2020-09-08","DE","point","NA",1.08647253793789
"2021-12-10","7 day R","2020-09-08","DE","quantile","0.025",0.833325512996112
"2021-12-10","7 day R","2020-09-08","DE","quantile","0.975",1.33637515826231
"2021-12-10","7 day R","2020-09-09","DE","point","NA",1.08766745141232
"2021-12-10","7 day R","2020-09-09","DE","quantile","0.025",0.835390921818641
"2021-12-10","7 day R","2020-09-09","DE","quantile","0.975",1.33645041189179
"2021-12-10","7 day R","2020-09-10","DE","point","NA",1.09332067655243
"2021-12-10","7 day R","2020-09-10","DE","quantile","0.025",0.843899545302453
"2021-12-10","7 day R","2020-09-10","DE","quantile","0.975",1.34022341716454
"2021-12-10","7 day R","2020-09-11","DE","point","NA",1.09950924600682
"2021-12-10","7 day R","2020-09-11","DE","quantile","0.025",0.848139867165534
"2021-12-10","7 day R","2020-09-11","DE","quantile","0.975",1.35016217624849
"2021-12-10","7 day R","2020-09-12","DE","point","NA",1.1112799081926
"2021-12-10","7 day R","2020-09-12","DE","quantile","0.025",0.864044177244592
"2021-12-10","7 day R","2020-09-12","DE","quantile","0.975",1.36133738675863
"2021-12-10","7 day R","2020-09-13","DE","point","NA",1.12143542681284
"2021-12-10","7 day R","2020-09-13","DE","quantile","0.025",0.872692098260347
"2021-12-10","7 day R","2020-09-13","DE","quantile","0.975",1.37391465870525
"2021-12-10","7 day R","2020-09-14","DE","point","NA",1.12828247192711
"2021-12-10","7 day R","2020-09-14","DE","quantile","0.025",0.879606833533029
"2021-12-10","7 day R","2020-09-14","DE","quantile","0.975",1.37599009540195
"2021-12-10","7 day R","2020-09-15","DE","point","NA",1.14140925352581
"2021-12-10","7 day R","2020-09-15","DE","quantile","0.025",0.892250585544706
"2021-12-10","7 day R","2020-09-15","DE","quantile","0.975",1.38765394999076
"2021-12-10","7 day R","2020-09-16","DE","point","NA",1.14641329428216
"2021-12-10","7 day R","2020-09-16","DE","quantile","0.025",0.895553224332098
"2021-12-10","7 day R","2020-09-16","DE","quantile","0.975",1.39675283978564
"2021-12-10","7 day R","2020-09-17","DE","point","NA",1.15048327012772
"2021-12-10","7 day R","2020-09-17","DE","quantile","0.025",0.901258512740952
"2021-12-10","7 day R","2020-09-17","DE","quantile","0.975",1.40133061845198
"2021-12-10","7 day R","2020-09-18","DE","point","NA",1.152046116059
"2021-12-10","7 day R","2020-09-18","DE","quantile","0.025",0.900778151726828
"2021-12-10","7 day R","2020-09-18","DE","quantile","0.975",1.403759035158
"2021-12-10","7 day R","2020-09-19","DE","point","NA",1.15067896318922
"2021-12-10","7 day R","2020-09-19","DE","quantile","0.025",0.897706462267536
"2021-12-10","7 day R","2020-09-19","DE","quantile","0.975",1.4029660240665
"2021-12-10","7 day R","2020-09-20","DE","point","NA",1.14142916517165
"2021-12-10","7 day R","2020-09-20","DE","quantile","0.025",0.886668418677645
"2021-12-10","7 day R","2020-09-20","DE","quantile","0.975",1.38834309058373
"2021-12-10","7 day R","2020-09-21","DE","point","NA",1.13099951595687
"2021-12-10","7 day R","2020-09-21","DE","quantile","0.025",0.875035048792605
"2021-12-10","7 day R","2020-09-21","DE","quantile","0.975",1.38097096003186
"2021-12-10","7 day R","2020-09-22","DE","point","NA",1.13163611041557
"2021-12-10","7 day R","2020-09-22","DE","quantile","0.025",0.878293578940538
"2021-12-10","7 day R","2020-09-22","DE","quantile","0.975",1.38341028217066
"2021-12-10","7 day R","2020-09-23","DE","point","NA",1.13108189523219
"2021-12-10","7 day R","2020-09-23","DE","quantile","0.025",0.881353231213346
"2021-12-10","7 day R","2020-09-23","DE","quantile","0.975",1.38135843714646
"2021-12-10","7 day R","2020-09-24","DE","point","NA",1.14370396957719
"2021-12-10","7 day R","2020-09-24","DE","quantile","0.025",0.892215067763339
"2021-12-10","7 day R","2020-09-24","DE","quantile","0.975",1.39398731988085
"2021-12-10","7 day R","2020-09-25","DE","point","NA",1.15618581694485
"2021-12-10","7 day R","2020-09-25","DE","quantile","0.025",0.90579645646237
"2021-12-10","7 day R","2020-09-25","DE","quantile","0.975",1.40598869435723
"2021-12-10","7 day R","2020-09-26","DE","point","NA",1.16774157269559
"2021-12-10","7 day R","2020-09-26","DE","quantile","0.025",0.915890102387533
"2021-12-10","7 day R","2020-09-26","DE","quantile","0.975",1.41931015064794
"2021-12-10","7 day R","2020-09-27","DE","point","NA",1.18043207775523
"2021-12-10","7 day R","2020-09-27","DE","quantile","0.025",0.92688007064359
"2021-12-10","7 day R","2020-09-27","DE","quantile","0.975",1.43130003262277
"2021-12-10","7 day R","2020-09-28","DE","point","NA",1.18943762405625
"2021-12-10","7 day R","2020-09-28","DE","quantile","0.025",0.933309183814893
"2021-12-10","7 day R","2020-09-28","DE","quantile","0.975",1.44159394527857
"2021-12-10","7 day R","2020-09-29","DE","point","NA",1.19862031792056
"2021-12-10","7 day R","2020-09-29","DE","quantile","0.025",0.9474128262247
"2021-12-10","7 day R","2020-09-29","DE","quantile","0.975",1.44991212552711
"2021-12-10","7 day R","2020-09-30","DE","point","NA",1.21395989556328
"2021-12-10","7 day R","2020-09-30","DE","quantile","0.025",0.964077356184047
"2021-12-10","7 day R","2020-09-30","DE","quantile","0.975",1.46536983920837
"2021-12-10","7 day R","2020-10-01","DE","point","NA",1.23260523044202
"2021-12-10","7 day R","2020-10-01","DE","quantile","0.025",0.977388560649073
"2021-12-10","7 day R","2020-10-01","DE","quantile","0.975",1.48593133448747
"2021-12-10","7 day R","2020-10-02","DE","point","NA",1.25487611613194
"2021-12-10","7 day R","2020-10-02","DE","quantile","0.025",1.00079082260251
"2021-12-10","7 day R","2020-10-02","DE","quantile","0.975",1.50606088929922
"2021-12-10","7 day R","2020-10-03","DE","point","NA",1.27786172828167
"2021-12-10","7 day R","2020-10-03","DE","quantile","0.025",1.0231018580244
"2021-12-10","7 day R","2020-10-03","DE","quantile","0.975",1.52934489953728
"2021-12-10","7 day R","2020-10-04","DE","point","NA",1.3055552798942
"2021-12-10","7 day R","2020-10-04","DE","quantile","0.025",1.05089642600292
"2021-12-10","7 day R","2020-10-04","DE","quantile","0.975",1.55704442001546
"2021-12-10","7 day R","2020-10-05","DE","point","NA",1.33275116761468
"2021-12-10","7 day R","2020-10-05","DE","quantile","0.025",1.07652314289902
"2021-12-10","7 day R","2020-10-05","DE","quantile","0.975",1.58691389188147
"2021-12-10","7 day R","2020-10-06","DE","point","NA",1.3590359037997
"2021-12-10","7 day R","2020-10-06","DE","quantile","0.025",1.1063050347923
"2021-12-10","7 day R","2020-10-06","DE","quantile","0.975",1.61067691524866
"2021-12-10","7 day R","2020-10-07","DE","point","NA",1.38903137915903
"2021-12-10","7 day R","2020-10-07","DE","quantile","0.025",1.13811051626848
"2021-12-10","7 day R","2020-10-07","DE","quantile","0.975",1.6436794319436
"2021-12-10","7 day R","2020-10-08","DE","point","NA",1.41640053531873
"2021-12-10","7 day R","2020-10-08","DE","quantile","0.025",1.16314290619724
"2021-12-10","7 day R","2020-10-08","DE","quantile","0.975",1.66969207180735
"2021-12-10","7 day R","2020-10-09","DE","point","NA",1.43096332587764
"2021-12-10","7 day R","2020-10-09","DE","quantile","0.025",1.18203678313827
"2021-12-10","7 day R","2020-10-09","DE","quantile","0.975",1.68433493504379
"2021-12-10","7 day R","2020-10-10","DE","point","NA",1.44580379382649
"2021-12-10","7 day R","2020-10-10","DE","quantile","0.025",1.19328311442508
"2021-12-10","7 day R","2020-10-10","DE","quantile","0.975",1.70029318066983
"2021-12-10","7 day R","2020-10-11","DE","point","NA",1.46398762246987
"2021-12-10","7 day R","2020-10-11","DE","quantile","0.025",1.21126852523183
"2021-12-10","7 day R","2020-10-11","DE","quantile","0.975",1.71663161111575
"2021-12-10","7 day R","2020-10-12","DE","point","NA",1.48096009541997
"2021-12-10","7 day R","2020-10-12","DE","quantile","0.025",1.22605734952578
"2021-12-10","7 day R","2020-10-12","DE","quantile","0.975",1.7373660671858
"2021-12-10","7 day R","2020-10-13","DE","point","NA",1.4797244446963
"2021-12-10","7 day R","2020-10-13","DE","quantile","0.025",1.22799206547389
"2021-12-10","7 day R","2020-10-13","DE","quantile","0.975",1.73365392138258
"2021-12-10","7 day R","2020-10-14","DE","point","NA",1.48207109554111
"2021-12-10","7 day R","2020-10-14","DE","quantile","0.025",1.23165190374552
"2021-12-10","7 day R","2020-10-14","DE","quantile","0.975",1.73520548916154
"2021-12-10","7 day R","2020-10-15","DE","point","NA",1.48246666149719
"2021-12-10","7 day R","2020-10-15","DE","quantile","0.025",1.23134246332855
"2021-12-10","7 day R","2020-10-15","DE","quantile","0.975",1.73524882590244
"2021-12-10","7 day R","2020-10-16","DE","point","NA",1.47693892191556
"2021-12-10","7 day R","2020-10-16","DE","quantile","0.025",1.22605919819576
"2021-12-10","7 day R","2020-10-16","DE","quantile","0.975",1.72780730300886
"2021-12-10","7 day R","2020-10-17","DE","point","NA",1.47242020212694
"2021-12-10","7 day R","2020-10-17","DE","quantile","0.025",1.22411149015325
"2021-12-10","7 day R","2020-10-17","DE","quantile","0.975",1.72390794514719
"2021-12-10","7 day R","2020-10-18","DE","point","NA",1.47283045652198
"2021-12-10","7 day R","2020-10-18","DE","quantile","0.025",1.22378696973026
"2021-12-10","7 day R","2020-10-18","DE","quantile","0.975",1.72154519916201
"2021-12-10","7 day R","2020-10-19","DE","point","NA",1.47765482937773
"2021-12-10","7 day R","2020-10-19","DE","quantile","0.025",1.22861516053548
"2021-12-10","7 day R","2020-10-19","DE","quantile","0.975",1.72862195982262
"2021-12-10","7 day R","2020-10-20","DE","point","NA",1.47972018510733
"2021-12-10","7 day R","2020-10-20","DE","quantile","0.025",1.23147691654069
"2021-12-10","7 day R","2020-10-20","DE","quantile","0.975",1.72797134104939
"2021-12-10","7 day R","2020-10-21","DE","point","NA",1.47567884871304
"2021-12-10","7 day R","2020-10-21","DE","quantile","0.025",1.2282803647211
"2021-12-10","7 day R","2020-10-21","DE","quantile","0.975",1.72820531185316
"2021-12-10","7 day R","2020-10-22","DE","point","NA",1.46528907514252
"2021-12-10","7 day R","2020-10-22","DE","quantile","0.025",1.21683770113852
"2021-12-10","7 day R","2020-10-22","DE","quantile","0.975",1.71639037037508
"2021-12-10","7 day R","2020-10-23","DE","point","NA",1.48161300888107
"2021-12-10","7 day R","2020-10-23","DE","quantile","0.025",1.23225117359317
"2021-12-10","7 day R","2020-10-23","DE","quantile","0.975",1.73382101255558
"2021-12-10","7 day R","2020-10-24","DE","point","NA",1.48719184383353
"2021-12-10","7 day R","2020-10-24","DE","quantile","0.025",1.23956106129192
"2021-12-10","7 day R","2020-10-24","DE","quantile","0.975",1.74105777687573
"2021-12-10","7 day R","2020-10-25","DE","point","NA",1.48315124200218
"2021-12-10","7 day R","2020-10-25","DE","quantile","0.025",1.2365608468947
"2021-12-10","7 day R","2020-10-25","DE","quantile","0.975",1.73472844256286
"2021-12-10","7 day R","2020-10-26","DE","point","NA",1.46811498463383
"2021-12-10","7 day R","2020-10-26","DE","quantile","0.025",1.21990596227587
"2021-12-10","7 day R","2020-10-26","DE","quantile","0.975",1.71856609617226
"2021-12-10","7 day R","2020-10-27","DE","point","NA",1.45475794293557
"2021-12-10","7 day R","2020-10-27","DE","quantile","0.025",1.20329233470673
"2021-12-10","7 day R","2020-10-27","DE","quantile","0.975",1.70380776204633
"2021-12-10","7 day R","2020-10-28","DE","point","NA",1.43946085588524
"2021-12-10","7 day R","2020-10-28","DE","quantile","0.025",1.19020363905581
"2021-12-10","7 day R","2020-10-28","DE","quantile","0.975",1.69205269696835
"2021-12-10","7 day R","2020-10-29","DE","point","NA",1.43211882126231
"2021-12-10","7 day R","2020-10-29","DE","quantile","0.025",1.177179557249
"2021-12-10","7 day R","2020-10-29","DE","quantile","0.975",1.68436603304938
"2021-12-10","7 day R","2020-10-30","DE","point","NA",1.41709081302928
"2021-12-10","7 day R","2020-10-30","DE","quantile","0.025",1.16469351483634
"2021-12-10","7 day R","2020-10-30","DE","quantile","0.975",1.66781900755131
"2021-12-10","7 day R","2020-10-31","DE","point","NA",1.40180614362584
"2021-12-10","7 day R","2020-10-31","DE","quantile","0.025",1.14764244965041
"2021-12-10","7 day R","2020-10-31","DE","quantile","0.975",1.65685451555578
"2021-12-10","7 day R","2020-11-01","DE","point","NA",1.38358761752796
"2021-12-10","7 day R","2020-11-01","DE","quantile","0.025",1.1286759191927
"2021-12-10","7 day R","2020-11-01","DE","quantile","0.975",1.64041299417
"2021-12-10","7 day R","2020-11-02","DE","point","NA",1.36077060321286
"2021-12-10","7 day R","2020-11-02","DE","quantile","0.025",1.10563940867615
"2021-12-10","7 day R","2020-11-02","DE","quantile","0.975",1.61874555282773
"2021-12-10","7 day R","2020-11-03","DE","point","NA",1.31616657905101
"2021-12-10","7 day R","2020-11-03","DE","quantile","0.025",1.06233147777224
"2021-12-10","7 day R","2020-11-03","DE","quantile","0.975",1.56992301167709
"2021-12-10","7 day R","2020-11-04","DE","point","NA",1.30184298108061
"2021-12-10","7 day R","2020-11-04","DE","quantile","0.025",1.04622299514045
"2021-12-10","7 day R","2020-11-04","DE","quantile","0.975",1.55703142933948
"2021-12-10","7 day R","2020-11-05","DE","point","NA",1.26808610610452
"2021-12-10","7 day R","2020-11-05","DE","quantile","0.025",1.01551452289457
"2021-12-10","7 day R","2020-11-05","DE","quantile","0.975",1.52274426937319
"2021-12-10","7 day R","2020-11-06","DE","point","NA",1.23651866114346
"2021-12-10","7 day R","2020-11-06","DE","quantile","0.025",0.982030585662184
"2021-12-10","7 day R","2020-11-06","DE","quantile","0.975",1.49145949366036
"2021-12-10","7 day R","2020-11-07","DE","point","NA",1.20707183564433
"2021-12-10","7 day R","2020-11-07","DE","quantile","0.025",0.949044175665365
"2021-12-10","7 day R","2020-11-07","DE","quantile","0.975",1.46315060410132
"2021-12-10","7 day R","2020-11-08","DE","point","NA",1.18242356884615
"2021-12-10","7 day R","2020-11-08","DE","quantile","0.025",0.925016079965466
"2021-12-10","7 day R","2020-11-08","DE","quantile","0.975",1.43611597981256
"2021-12-10","7 day R","2020-11-09","DE","point","NA",1.15134646130271
"2021-12-10","7 day R","2020-11-09","DE","quantile","0.025",0.892554054454242
"2021-12-10","7 day R","2020-11-09","DE","quantile","0.975",1.40336780810753
"2021-12-10","7 day R","2020-11-10","DE","point","NA",1.14380672666971
"2021-12-10","7 day R","2020-11-10","DE","quantile","0.025",0.887414012796585
"2021-12-10","7 day R","2020-11-10","DE","quantile","0.975",1.39925564238686
"2021-12-10","7 day R","2020-11-11","DE","point","NA",1.12131357138466
"2021-12-10","7 day R","2020-11-11","DE","quantile","0.025",0.867524956981298
"2021-12-10","7 day R","2020-11-11","DE","quantile","0.975",1.37080017462474
"2021-12-10","7 day R","2020-11-12","DE","point","NA",1.10841634133721
"2021-12-10","7 day R","2020-11-12","DE","quantile","0.025",0.85416671271484
"2021-12-10","7 day R","2020-11-12","DE","quantile","0.975",1.35897749265997
"2021-12-10","7 day R","2020-11-13","DE","point","NA",1.09249079781122
"2021-12-10","7 day R","2020-11-13","DE","quantile","0.025",0.839975510808643
"2021-12-10","7 day R","2020-11-13","DE","quantile","0.975",1.34285469061839
"2021-12-10","7 day R","2020-11-14","DE","point","NA",1.07776876510006
"2021-12-10","7 day R","2020-11-14","DE","quantile","0.025",0.825184784243859
"2021-12-10","7 day R","2020-11-14","DE","quantile","0.975",1.32830248625769
"2021-12-10","7 day R","2020-11-15","DE","point","NA",1.06558705773747
"2021-12-10","7 day R","2020-11-15","DE","quantile","0.025",0.812781830392178
"2021-12-10","7 day R","2020-11-15","DE","quantile","0.975",1.31420150605273
"2021-12-10","7 day R","2020-11-16","DE","point","NA",1.06566782871387
"2021-12-10","7 day R","2020-11-16","DE","quantile","0.025",0.817159459799347
"2021-12-10","7 day R","2020-11-16","DE","quantile","0.975",1.31501927507894
"2021-12-10","7 day R","2020-11-17","DE","point","NA",1.06566552591801
"2021-12-10","7 day R","2020-11-17","DE","quantile","0.025",0.818619583090641
"2021-12-10","7 day R","2020-11-17","DE","quantile","0.975",1.31543758377133
"2021-12-10","7 day R","2020-11-18","DE","point","NA",1.05329662839047
"2021-12-10","7 day R","2020-11-18","DE","quantile","0.025",0.802820469802595
"2021-12-10","7 day R","2020-11-18","DE","quantile","0.975",1.30298303614709
"2021-12-10","7 day R","2020-11-19","DE","point","NA",1.04698996734951
"2021-12-10","7 day R","2020-11-19","DE","quantile","0.025",0.793950821501146
"2021-12-10","7 day R","2020-11-19","DE","quantile","0.975",1.29760336549598
"2021-12-10","7 day R","2020-11-20","DE","point","NA",1.03887631299596
"2021-12-10","7 day R","2020-11-20","DE","quantile","0.025",0.787824236645828
"2021-12-10","7 day R","2020-11-20","DE","quantile","0.975",1.28981317612577
"2021-12-10","7 day R","2020-11-21","DE","point","NA",1.02908782339076
"2021-12-10","7 day R","2020-11-21","DE","quantile","0.025",0.777926296455365
"2021-12-10","7 day R","2020-11-21","DE","quantile","0.975",1.28042245005035
"2021-12-10","7 day R","2020-11-22","DE","point","NA",1.02460576836663
"2021-12-10","7 day R","2020-11-22","DE","quantile","0.025",0.772552523754088
"2021-12-10","7 day R","2020-11-22","DE","quantile","0.975",1.27725223313364
"2021-12-10","7 day R","2020-11-23","DE","point","NA",1.02688588519394
"2021-12-10","7 day R","2020-11-23","DE","quantile","0.025",0.773829618319772
"2021-12-10","7 day R","2020-11-23","DE","quantile","0.975",1.27943129872233
"2021-12-10","7 day R","2020-11-24","DE","point","NA",1.02726622877389
"2021-12-10","7 day R","2020-11-24","DE","quantile","0.025",0.772366400251007
"2021-12-10","7 day R","2020-11-24","DE","quantile","0.975",1.27801292965933
"2021-12-10","7 day R","2020-11-25","DE","point","NA",1.03900126503327
"2021-12-10","7 day R","2020-11-25","DE","quantile","0.025",0.781973068805595
"2021-12-10","7 day R","2020-11-25","DE","quantile","0.975",1.28853421705069
"2021-12-10","7 day R","2020-11-26","DE","point","NA",1.03320746488407
"2021-12-10","7 day R","2020-11-26","DE","quantile","0.025",0.778963800321967
"2021-12-10","7 day R","2020-11-26","DE","quantile","0.975",1.28340314243114
"2021-12-10","7 day R","2020-11-27","DE","point","NA",1.02989019343483
"2021-12-10","7 day R","2020-11-27","DE","quantile","0.025",0.776987919291046
"2021-12-10","7 day R","2020-11-27","DE","quantile","0.975",1.28154036460261
"2021-12-10","7 day R","2020-11-28","DE","point","NA",1.02668017215795
"2021-12-10","7 day R","2020-11-28","DE","quantile","0.025",0.77375301364093
"2021-12-10","7 day R","2020-11-28","DE","quantile","0.975",1.27962560326063
"2021-12-10","7 day R","2020-11-29","DE","point","NA",1.02917353305266
"2021-12-10","7 day R","2020-11-29","DE","quantile","0.025",0.774342019812513
"2021-12-10","7 day R","2020-11-29","DE","quantile","0.975",1.27965892222218
"2021-12-10","7 day R","2020-11-30","DE","point","NA",1.04099032511431
"2021-12-10","7 day R","2020-11-30","DE","quantile","0.025",0.789168530057839
"2021-12-10","7 day R","2020-11-30","DE","quantile","0.975",1.28933339464985
"2021-12-10","7 day R","2020-12-01","DE","point","NA",1.04934840389506
"2021-12-10","7 day R","2020-12-01","DE","quantile","0.025",0.798104894634269
"2021-12-10","7 day R","2020-12-01","DE","quantile","0.975",1.29761291995496
"2021-12-10","7 day R","2020-12-02","DE","point","NA",1.05233322956188
"2021-12-10","7 day R","2020-12-02","DE","quantile","0.025",0.80080156146238
"2021-12-10","7 day R","2020-12-02","DE","quantile","0.975",1.3064786700019
"2021-12-10","7 day R","2020-12-03","DE","point","NA",1.06111830965763
"2021-12-10","7 day R","2020-12-03","DE","quantile","0.025",0.806138859632783
"2021-12-10","7 day R","2020-12-03","DE","quantile","0.975",1.31126561822461
"2021-12-10","7 day R","2020-12-04","DE","point","NA",1.07060876632979
"2021-12-10","7 day R","2020-12-04","DE","quantile","0.025",0.817838459389839
"2021-12-10","7 day R","2020-12-04","DE","quantile","0.975",1.32063494140045
"2021-12-10","7 day R","2020-12-05","DE","point","NA",1.08776103120739
"2021-12-10","7 day R","2020-12-05","DE","quantile","0.025",0.838542044735614
"2021-12-10","7 day R","2020-12-05","DE","quantile","0.975",1.33960224017611
"2021-12-10","7 day R","2020-12-06","DE","point","NA",1.08856605415216
"2021-12-10","7 day R","2020-12-06","DE","quantile","0.025",0.839006687062612
"2021-12-10","7 day R","2020-12-06","DE","quantile","0.975",1.3421652528761
"2021-12-10","7 day R","2020-12-07","DE","point","NA",1.08799782041607
"2021-12-10","7 day R","2020-12-07","DE","quantile","0.025",0.838447556651144
"2021-12-10","7 day R","2020-12-07","DE","quantile","0.975",1.33456260449063
"2021-12-10","7 day R","2020-12-08","DE","point","NA",1.10255366454522
"2021-12-10","7 day R","2020-12-08","DE","quantile","0.025",0.853223456607132
"2021-12-10","7 day R","2020-12-08","DE","quantile","0.975",1.35289593538392
"2021-12-10","7 day R","2020-12-09","DE","point","NA",1.10798661142905
"2021-12-10","7 day R","2020-12-09","DE","quantile","0.025",0.857323194752319
"2021-12-10","7 day R","2020-12-09","DE","quantile","0.975",1.35876874949483
"2021-12-10","7 day R","2020-12-10","DE","point","NA",1.11924298043444
"2021-12-10","7 day R","2020-12-10","DE","quantile","0.025",0.86712997436832
"2021-12-10","7 day R","2020-12-10","DE","quantile","0.975",1.37193010318885
"2021-12-10","7 day R","2020-12-11","DE","point","NA",1.11948873447794
"2021-12-10","7 day R","2020-12-11","DE","quantile","0.025",0.866687987949713
"2021-12-10","7 day R","2020-12-11","DE","quantile","0.975",1.37151115607806
"2021-12-10","7 day R","2020-12-12","DE","point","NA",1.11212817495191
"2021-12-10","7 day R","2020-12-12","DE","quantile","0.025",0.86072409233716
"2021-12-10","7 day R","2020-12-12","DE","quantile","0.975",1.36538518855289
"2021-12-10","7 day R","2020-12-13","DE","point","NA",1.10513224130055
"2021-12-10","7 day R","2020-12-13","DE","quantile","0.025",0.851695168487538
"2021-12-10","7 day R","2020-12-13","DE","quantile","0.975",1.35823653425109
"2021-12-10","7 day R","2020-12-14","DE","point","NA",1.09479844161185
"2021-12-10","7 day R","2020-12-14","DE","quantile","0.025",0.842604884485677
"2021-12-10","7 day R","2020-12-14","DE","quantile","0.975",1.34828661004992
"2021-12-10","7 day R","2020-12-15","DE","point","NA",1.09743712524302
"2021-12-10","7 day R","2020-12-15","DE","quantile","0.025",0.843797763669777
"2021-12-10","7 day R","2020-12-15","DE","quantile","0.975",1.34736796535711
"2021-12-10","7 day R","2020-12-16","DE","point","NA",1.09009399807386
"2021-12-10","7 day R","2020-12-16","DE","quantile","0.025",0.840289280458689
"2021-12-10","7 day R","2020-12-16","DE","quantile","0.975",1.33943554107932
"2021-12-10","7 day R","2020-12-17","DE","point","NA",1.08067648262439
"2021-12-10","7 day R","2020-12-17","DE","quantile","0.025",0.832809057992404
"2021-12-10","7 day R","2020-12-17","DE","quantile","0.975",1.33193979322056
"2021-12-10","7 day R","2020-12-18","DE","point","NA",1.07361238782636
"2021-12-10","7 day R","2020-12-18","DE","quantile","0.025",0.819595676608909
"2021-12-10","7 day R","2020-12-18","DE","quantile","0.975",1.32647715302894
"2021-12-10","7 day R","2020-12-19","DE","point","NA",1.05193466702057
"2021-12-10","7 day R","2020-12-19","DE","quantile","0.025",0.800640262567552
"2021-12-10","7 day R","2020-12-19","DE","quantile","0.975",1.30203120997341
"2021-12-10","7 day R","2020-12-20","DE","point","NA",1.03289588965864
"2021-12-10","7 day R","2020-12-20","DE","quantile","0.025",0.782499205711673
"2021-12-10","7 day R","2020-12-20","DE","quantile","0.975",1.27954855231092
"2021-12-10","7 day R","2020-12-21","DE","point","NA",1.02310682550179
"2021-12-10","7 day R","2020-12-21","DE","quantile","0.025",0.771051580905064
"2021-12-10","7 day R","2020-12-21","DE","quantile","0.975",1.27070966575227
"2021-12-10","7 day R","2020-12-22","DE","point","NA",1.00423840020826
"2021-12-10","7 day R","2020-12-22","DE","quantile","0.025",0.749268654498471
"2021-12-10","7 day R","2020-12-22","DE","quantile","0.975",1.25136202878803
"2021-12-10","7 day R","2020-12-23","DE","point","NA",0.972511945794833
"2021-12-10","7 day R","2020-12-23","DE","quantile","0.025",0.718883378270532
"2021-12-10","7 day R","2020-12-23","DE","quantile","0.975",1.22106879172257
"2021-12-10","7 day R","2020-12-24","DE","point","NA",0.940809189545983
"2021-12-10","7 day R","2020-12-24","DE","quantile","0.025",0.688143549545757
"2021-12-10","7 day R","2020-12-24","DE","quantile","0.975",1.18938567272292
"2021-12-10","7 day R","2020-12-25","DE","point","NA",0.918498065611747
"2021-12-10","7 day R","2020-12-25","DE","quantile","0.025",0.663249119110465
"2021-12-10","7 day R","2020-12-25","DE","quantile","0.975",1.17122482987721
"2021-12-10","7 day R","2020-12-26","DE","point","NA",0.923586445396347
"2021-12-10","7 day R","2020-12-26","DE","quantile","0.025",0.670443734078589
"2021-12-10","7 day R","2020-12-26","DE","quantile","0.975",1.17263759162647
"2021-12-10","7 day R","2020-12-27","DE","point","NA",0.934506291512056
"2021-12-10","7 day R","2020-12-27","DE","quantile","0.025",0.68430961668191
"2021-12-10","7 day R","2020-12-27","DE","quantile","0.975",1.18402490875327
"2021-12-10","7 day R","2020-12-28","DE","point","NA",0.939426094323455
"2021-12-10","7 day R","2020-12-28","DE","quantile","0.025",0.684939508806679
"2021-12-10","7 day R","2020-12-28","DE","quantile","0.975",1.19004682020604
"2021-12-10","7 day R","2020-12-29","DE","point","NA",0.939825298828107
"2021-12-10","7 day R","2020-12-29","DE","quantile","0.025",0.689436473580778
"2021-12-10","7 day R","2020-12-29","DE","quantile","0.975",1.19110733886912
"2021-12-10","7 day R","2020-12-30","DE","point","NA",0.946470031010229
"2021-12-10","7 day R","2020-12-30","DE","quantile","0.025",0.697224793119979
"2021-12-10","7 day R","2020-12-30","DE","quantile","0.975",1.19559662958464
"2021-12-10","7 day R","2020-12-31","DE","point","NA",0.943550900613371
"2021-12-10","7 day R","2020-12-31","DE","quantile","0.025",0.693456016390304
"2021-12-10","7 day R","2020-12-31","DE","quantile","0.975",1.19294008365135
"2021-12-10","7 day R","2021-01-01","DE","point","NA",0.947482905700077
"2021-12-10","7 day R","2021-01-01","DE","quantile","0.025",0.695798656429006
"2021-12-10","7 day R","2021-01-01","DE","quantile","0.975",1.1993897853962
"2021-12-10","7 day R","2021-01-02","DE","point","NA",0.954200888726718
"2021-12-10","7 day R","2021-01-02","DE","quantile","0.025",0.704482599770222
"2021-12-10","7 day R","2021-01-02","DE","quantile","0.975",1.20465171168708
"2021-12-10","7 day R","2021-01-03","DE","point","NA",0.97186132054607
"2021-12-10","7 day R","2021-01-03","DE","quantile","0.025",0.719226924580932
"2021-12-10","7 day R","2021-01-03","DE","quantile","0.975",1.22647657070586
"2021-12-10","7 day R","2021-01-04","DE","point","NA",0.987984274412381
"2021-12-10","7 day R","2021-01-04","DE","quantile","0.025",0.738262636842682
"2021-12-10","7 day R","2021-01-04","DE","quantile","0.975",1.24135016256053
"2021-12-10","7 day R","2021-01-05","DE","point","NA",1.00224650151774
"2021-12-10","7 day R","2021-01-05","DE","quantile","0.025",0.750762751716785
"2021-12-10","7 day R","2021-01-05","DE","quantile","0.975",1.25366143988575
"2021-12-10","7 day R","2021-01-06","DE","point","NA",1.02179487591626
"2021-12-10","7 day R","2021-01-06","DE","quantile","0.025",0.769846841848483
"2021-12-10","7 day R","2021-01-06","DE","quantile","0.975",1.27590830052589
"2021-12-10","7 day R","2021-01-07","DE","point","NA",1.03796656429825
"2021-12-10","7 day R","2021-01-07","DE","quantile","0.025",0.789318264822147
"2021-12-10","7 day R","2021-01-07","DE","quantile","0.975",1.2957226824921
"2021-12-10","7 day R","2021-01-08","DE","point","NA",1.0162881480723
"2021-12-10","7 day R","2021-01-08","DE","quantile","0.025",0.763892286197006
"2021-12-10","7 day R","2021-01-08","DE","quantile","0.975",1.27135980733745
"2021-12-10","7 day R","2021-01-09","DE","point","NA",0.993734434299753
"2021-12-10","7 day R","2021-01-09","DE","quantile","0.025",0.744817494392688
"2021-12-10","7 day R","2021-01-09","DE","quantile","0.975",1.24775182967401
"2021-12-10","7 day R","2021-01-10","DE","point","NA",0.966734503859632
"2021-12-10","7 day R","2021-01-10","DE","quantile","0.025",0.715304732334811
"2021-12-10","7 day R","2021-01-10","DE","quantile","0.975",1.22141263176955
"2021-12-10","7 day R","2021-01-11","DE","point","NA",0.956201869099696
"2021-12-10","7 day R","2021-01-11","DE","quantile","0.025",0.706097333581793
"2021-12-10","7 day R","2021-01-11","DE","quantile","0.975",1.20869424782989
"2021-12-10","7 day R","2021-01-12","DE","point","NA",0.945421245177961
"2021-12-10","7 day R","2021-01-12","DE","quantile","0.025",0.697219258126203
"2021-12-10","7 day R","2021-01-12","DE","quantile","0.975",1.19596976079501
"2021-12-10","7 day R","2021-01-13","DE","point","NA",0.920839741623282
"2021-12-10","7 day R","2021-01-13","DE","quantile","0.025",0.671231500664906
"2021-12-10","7 day R","2021-01-13","DE","quantile","0.975",1.1698793134775
"2021-12-10","7 day R","2021-01-14","DE","point","NA",0.899859345570866
"2021-12-10","7 day R","2021-01-14","DE","quantile","0.025",0.647571341694691
"2021-12-10","7 day R","2021-01-14","DE","quantile","0.975",1.14724825299975
"2021-12-10","7 day R","2021-01-15","DE","point","NA",0.884523076968679
"2021-12-10","7 day R","2021-01-15","DE","quantile","0.025",0.631758758503513
"2021-12-10","7 day R","2021-01-15","DE","quantile","0.975",1.13581048299372
"2021-12-10","7 day R","2021-01-16","DE","point","NA",0.882605672783042
"2021-12-10","7 day R","2021-01-16","DE","quantile","0.025",0.631226991805555
"2021-12-10","7 day R","2021-01-16","DE","quantile","0.975",1.13018435517265
"2021-12-10","7 day R","2021-01-17","DE","point","NA",0.882849748584875
"2021-12-10","7 day R","2021-01-17","DE","quantile","0.025",0.633202485841088
"2021-12-10","7 day R","2021-01-17","DE","quantile","0.975",1.13101751965232
"2021-12-10","7 day R","2021-01-18","DE","point","NA",0.875236598845645
"2021-12-10","7 day R","2021-01-18","DE","quantile","0.025",0.622593460536452
"2021-12-10","7 day R","2021-01-18","DE","quantile","0.975",1.12566399802405
"2021-12-10","7 day R","2021-01-19","DE","point","NA",0.867238521055561
"2021-12-10","7 day R","2021-01-19","DE","quantile","0.025",0.613901346155522
"2021-12-10","7 day R","2021-01-19","DE","quantile","0.975",1.11898735699576
"2021-12-10","7 day R","2021-01-20","DE","point","NA",0.86554658192132
"2021-12-10","7 day R","2021-01-20","DE","quantile","0.025",0.61637551197447
"2021-12-10","7 day R","2021-01-20","DE","quantile","0.975",1.11556845412008
"2021-12-10","7 day R","2021-01-21","DE","point","NA",0.848697015681322
"2021-12-10","7 day R","2021-01-21","DE","quantile","0.025",0.59326560146693
"2021-12-10","7 day R","2021-01-21","DE","quantile","0.975",1.10289272669114
"2021-12-10","7 day R","2021-01-22","DE","point","NA",0.853844754847919
"2021-12-10","7 day R","2021-01-22","DE","quantile","0.025",0.600303388871029
"2021-12-10","7 day R","2021-01-22","DE","quantile","0.975",1.10691997471355
"2021-12-10","7 day R","2021-01-23","DE","point","NA",0.852982277323304
"2021-12-10","7 day R","2021-01-23","DE","quantile","0.025",0.602025854041998
"2021-12-10","7 day R","2021-01-23","DE","quantile","0.975",1.10676269029495
"2021-12-10","7 day R","2021-01-24","DE","point","NA",0.852464025859348
"2021-12-10","7 day R","2021-01-24","DE","quantile","0.025",0.602452492222075
"2021-12-10","7 day R","2021-01-24","DE","quantile","0.975",1.10474838683733
"2021-12-10","7 day R","2021-01-25","DE","point","NA",0.842212323902943
"2021-12-10","7 day R","2021-01-25","DE","quantile","0.025",0.592156980615164
"2021-12-10","7 day R","2021-01-25","DE","quantile","0.975",1.09250869626054
"2021-12-10","7 day R","2021-01-26","DE","point","NA",0.834294273081396
"2021-12-10","7 day R","2021-01-26","DE","quantile","0.025",0.581289256338945
"2021-12-10","7 day R","2021-01-26","DE","quantile","0.975",1.08440282104288
"2021-12-10","7 day R","2021-01-27","DE","point","NA",0.832302128655776
"2021-12-10","7 day R","2021-01-27","DE","quantile","0.025",0.580216554650505
"2021-12-10","7 day R","2021-01-27","DE","quantile","0.975",1.08179966822461
"2021-12-10","7 day R","2021-01-28","DE","point","NA",0.839002125878445
"2021-12-10","7 day R","2021-01-28","DE","quantile","0.025",0.584488626980892
"2021-12-10","7 day R","2021-01-28","DE","quantile","0.975",1.0899494960244
"2021-12-10","7 day R","2021-01-29","DE","point","NA",0.845251336836976
"2021-12-10","7 day R","2021-01-29","DE","quantile","0.025",0.596050792129319
"2021-12-10","7 day R","2021-01-29","DE","quantile","0.975",1.0924801304942
"2021-12-10","7 day R","2021-01-30","DE","point","NA",0.846617343239569
"2021-12-10","7 day R","2021-01-30","DE","quantile","0.025",0.596968125177749
"2021-12-10","7 day R","2021-01-30","DE","quantile","0.975",1.10124962578274
"2021-12-10","7 day R","2021-01-31","DE","point","NA",0.830727087887759
"2021-12-10","7 day R","2021-01-31","DE","quantile","0.025",0.57844855890601
"2021-12-10","7 day R","2021-01-31","DE","quantile","0.975",1.08035769403236
"2021-12-10","7 day R","2021-02-01","DE","point","NA",0.825143505524158
"2021-12-10","7 day R","2021-02-01","DE","quantile","0.025",0.573451945765687
"2021-12-10","7 day R","2021-02-01","DE","quantile","0.975",1.07488276855018
"2021-12-10","7 day R","2021-02-02","DE","point","NA",0.819722541282228
"2021-12-10","7 day R","2021-02-02","DE","quantile","0.025",0.567524313715945
"2021-12-10","7 day R","2021-02-02","DE","quantile","0.975",1.06888478933906
"2021-12-10","7 day R","2021-02-03","DE","point","NA",0.819636020603101
"2021-12-10","7 day R","2021-02-03","DE","quantile","0.025",0.564255728951891
"2021-12-10","7 day R","2021-02-03","DE","quantile","0.975",1.07015526333782
"2021-12-10","7 day R","2021-02-04","DE","point","NA",0.827265184037023
"2021-12-10","7 day R","2021-02-04","DE","quantile","0.025",0.577615158116929
"2021-12-10","7 day R","2021-02-04","DE","quantile","0.975",1.07438116167561
"2021-12-10","7 day R","2021-02-05","DE","point","NA",0.831952489515265
"2021-12-10","7 day R","2021-02-05","DE","quantile","0.025",0.584433382772528
"2021-12-10","7 day R","2021-02-05","DE","quantile","0.975",1.08273800430894
"2021-12-10","7 day R","2021-02-06","DE","point","NA",0.832668706358068
"2021-12-10","7 day R","2021-02-06","DE","quantile","0.025",0.583819438810987
"2021-12-10","7 day R","2021-02-06","DE","quantile","0.975",1.08532267032153
"2021-12-10","7 day R","2021-02-07","DE","point","NA",0.834195122191527
"2021-12-10","7 day R","2021-02-07","DE","quantile","0.025",0.584477014675879
"2021-12-10","7 day R","2021-02-07","DE","quantile","0.975",1.08872585237792
"2021-12-10","7 day R","2021-02-08","DE","point","NA",0.82657980368816
"2021-12-10","7 day R","2021-02-08","DE","quantile","0.025",0.575257124854257
"2021-12-10","7 day R","2021-02-08","DE","quantile","0.975",1.08237548612598
"2021-12-10","7 day R","2021-02-09","DE","point","NA",0.821229565276321
"2021-12-10","7 day R","2021-02-09","DE","quantile","0.025",0.56298609276087
"2021-12-10","7 day R","2021-02-09","DE","quantile","0.975",1.07280236868831
"2021-12-10","7 day R","2021-02-10","DE","point","NA",0.824531322110116
"2021-12-10","7 day R","2021-02-10","DE","quantile","0.025",0.572126824283263
"2021-12-10","7 day R","2021-02-10","DE","quantile","0.975",1.07835990525354
"2021-12-10","7 day R","2021-02-11","DE","point","NA",0.839813559743422
"2021-12-10","7 day R","2021-02-11","DE","quantile","0.025",0.586316294481608
"2021-12-10","7 day R","2021-02-11","DE","quantile","0.975",1.09098542659871
"2021-12-10","7 day R","2021-02-12","DE","point","NA",0.855483093140648
"2021-12-10","7 day R","2021-02-12","DE","quantile","0.025",0.601911676338039
"2021-12-10","7 day R","2021-02-12","DE","quantile","0.975",1.10918776369955
"2021-12-10","7 day R","2021-02-13","DE","point","NA",0.868512183865643
"2021-12-10","7 day R","2021-02-13","DE","quantile","0.025",0.614204061756992
"2021-12-10","7 day R","2021-02-13","DE","quantile","0.975",1.12184508206515
"2021-12-10","7 day R","2021-02-14","DE","point","NA",0.882008573393275
"2021-12-10","7 day R","2021-02-14","DE","quantile","0.025",0.629051033415345
"2021-12-10","7 day R","2021-02-14","DE","quantile","0.975",1.13546317047176
"2021-12-10","7 day R","2021-02-15","DE","point","NA",0.893064715078907
"2021-12-10","7 day R","2021-02-15","DE","quantile","0.025",0.641268339612196
"2021-12-10","7 day R","2021-02-15","DE","quantile","0.975",1.14427031757173
"2021-12-10","7 day R","2021-02-16","DE","point","NA",0.901888092834514
"2021-12-10","7 day R","2021-02-16","DE","quantile","0.025",0.64852155060917
"2021-12-10","7 day R","2021-02-16","DE","quantile","0.975",1.155589342503
"2021-12-10","7 day R","2021-02-17","DE","point","NA",0.914596722328206
"2021-12-10","7 day R","2021-02-17","DE","quantile","0.025",0.661618864494181
"2021-12-10","7 day R","2021-02-17","DE","quantile","0.975",1.17118098582767
"2021-12-10","7 day R","2021-02-18","DE","point","NA",0.934562836960983
"2021-12-10","7 day R","2021-02-18","DE","quantile","0.025",0.682951210541279
"2021-12-10","7 day R","2021-02-18","DE","quantile","0.975",1.19105380005709
"2021-12-10","7 day R","2021-02-19","DE","point","NA",0.952304148615752
"2021-12-10","7 day R","2021-02-19","DE","quantile","0.025",0.701934035026898
"2021-12-10","7 day R","2021-02-19","DE","quantile","0.975",1.20783500135081
"2021-12-10","7 day R","2021-02-20","DE","point","NA",0.966498060067702
"2021-12-10","7 day R","2021-02-20","DE","quantile","0.025",0.714311440908618
"2021-12-10","7 day R","2021-02-20","DE","quantile","0.975",1.22071557842936
"2021-12-10","7 day R","2021-02-21","DE","point","NA",0.978305234769821
"2021-12-10","7 day R","2021-02-21","DE","quantile","0.025",0.722007245737298
"2021-12-10","7 day R","2021-02-21","DE","quantile","0.975",1.23345473722559
"2021-12-10","7 day R","2021-02-22","DE","point","NA",0.985219197223609
"2021-12-10","7 day R","2021-02-22","DE","quantile","0.025",0.730335958233208
"2021-12-10","7 day R","2021-02-22","DE","quantile","0.975",1.23949061974104
"2021-12-10","7 day R","2021-02-23","DE","point","NA",0.990555078678158
"2021-12-10","7 day R","2021-02-23","DE","quantile","0.025",0.737672207315241
"2021-12-10","7 day R","2021-02-23","DE","quantile","0.975",1.24723048039911
"2021-12-10","7 day R","2021-02-24","DE","point","NA",1.00268145242711
"2021-12-10","7 day R","2021-02-24","DE","quantile","0.025",0.748694552339586
"2021-12-10","7 day R","2021-02-24","DE","quantile","0.975",1.25842543825252
"2021-12-10","7 day R","2021-02-25","DE","point","NA",1.01737836775415
"2021-12-10","7 day R","2021-02-25","DE","quantile","0.025",0.7626098107249
"2021-12-10","7 day R","2021-02-25","DE","quantile","0.975",1.27327289877644
"2021-12-10","7 day R","2021-02-26","DE","point","NA",1.02647736304255
"2021-12-10","7 day R","2021-02-26","DE","quantile","0.025",0.772647049544798
"2021-12-10","7 day R","2021-02-26","DE","quantile","0.975",1.2837925111967
"2021-12-10","7 day R","2021-02-27","DE","point","NA",1.03443539118717
"2021-12-10","7 day R","2021-02-27","DE","quantile","0.025",0.78248005553177
"2021-12-10","7 day R","2021-02-27","DE","quantile","0.975",1.29076046409991
"2021-12-10","7 day R","2021-02-28","DE","point","NA",1.0406165860289
"2021-12-10","7 day R","2021-02-28","DE","quantile","0.025",0.786317727231924
"2021-12-10","7 day R","2021-02-28","DE","quantile","0.975",1.29583474661425
"2021-12-10","7 day R","2021-03-01","DE","point","NA",1.04360892311503
"2021-12-10","7 day R","2021-03-01","DE","quantile","0.025",0.788575502738225
"2021-12-10","7 day R","2021-03-01","DE","quantile","0.975",1.29929882632717
"2021-12-10","7 day R","2021-03-02","DE","point","NA",1.04681180659934
"2021-12-10","7 day R","2021-03-02","DE","quantile","0.025",0.790202293408623
"2021-12-10","7 day R","2021-03-02","DE","quantile","0.975",1.30261243507222
"2021-12-10","7 day R","2021-03-03","DE","point","NA",1.05341804332433
"2021-12-10","7 day R","2021-03-03","DE","quantile","0.025",0.795721163736452
"2021-12-10","7 day R","2021-03-03","DE","quantile","0.975",1.30674749787105
"2021-12-10","7 day R","2021-03-04","DE","point","NA",1.07118550784814
"2021-12-10","7 day R","2021-03-04","DE","quantile","0.025",0.816980087657666
"2021-12-10","7 day R","2021-03-04","DE","quantile","0.975",1.32568072934151
"2021-12-10","7 day R","2021-03-05","DE","point","NA",1.08322702114317
"2021-12-10","7 day R","2021-03-05","DE","quantile","0.025",0.830622908846894
"2021-12-10","7 day R","2021-03-05","DE","quantile","0.975",1.33711809795462
"2021-12-10","7 day R","2021-03-06","DE","point","NA",1.09707120179853
"2021-12-10","7 day R","2021-03-06","DE","quantile","0.025",0.843570884631079
"2021-12-10","7 day R","2021-03-06","DE","quantile","0.975",1.34915884848573
"2021-12-10","7 day R","2021-03-07","DE","point","NA",1.11007332466465
"2021-12-10","7 day R","2021-03-07","DE","quantile","0.025",0.85564536898318
"2021-12-10","7 day R","2021-03-07","DE","quantile","0.975",1.36450936188448
"2021-12-10","7 day R","2021-03-08","DE","point","NA",1.12080994737275
"2021-12-10","7 day R","2021-03-08","DE","quantile","0.025",0.862634486187948
"2021-12-10","7 day R","2021-03-08","DE","quantile","0.975",1.37571230432827
"2021-12-10","7 day R","2021-03-09","DE","point","NA",1.13427473482162
"2021-12-10","7 day R","2021-03-09","DE","quantile","0.025",0.879717126442909
"2021-12-10","7 day R","2021-03-09","DE","quantile","0.975",1.38797204069253
"2021-12-10","7 day R","2021-03-10","DE","point","NA",1.15587509114234
"2021-12-10","7 day R","2021-03-10","DE","quantile","0.025",0.902059207453697
"2021-12-10","7 day R","2021-03-10","DE","quantile","0.975",1.41063948661158
"2021-12-10","7 day R","2021-03-11","DE","point","NA",1.14676140636057
"2021-12-10","7 day R","2021-03-11","DE","quantile","0.025",0.889990744645412
"2021-12-10","7 day R","2021-03-11","DE","quantile","0.975",1.40322936601609
"2021-12-10","7 day R","2021-03-12","DE","point","NA",1.16617797761026
"2021-12-10","7 day R","2021-03-12","DE","quantile","0.025",0.912812807100922
"2021-12-10","7 day R","2021-03-12","DE","quantile","0.975",1.42157659052223
"2021-12-10","7 day R","2021-03-13","DE","point","NA",1.1802759718857
"2021-12-10","7 day R","2021-03-13","DE","quantile","0.025",0.926248541304915
"2021-12-10","7 day R","2021-03-13","DE","quantile","0.975",1.43386597858616
"2021-12-10","7 day R","2021-03-14","DE","point","NA",1.19093171836457
"2021-12-10","7 day R","2021-03-14","DE","quantile","0.025",0.938468797606461
"2021-12-10","7 day R","2021-03-14","DE","quantile","0.975",1.44753846856615
"2021-12-10","7 day R","2021-03-15","DE","point","NA",1.19588162942088
"2021-12-10","7 day R","2021-03-15","DE","quantile","0.025",0.940206902319945
"2021-12-10","7 day R","2021-03-15","DE","quantile","0.975",1.45019705017616
"2021-12-10","7 day R","2021-03-16","DE","point","NA",1.20220797853605
"2021-12-10","7 day R","2021-03-16","DE","quantile","0.025",0.95208251677621
"2021-12-10","7 day R","2021-03-16","DE","quantile","0.975",1.45402274458915
"2021-12-10","7 day R","2021-03-17","DE","point","NA",1.21699886540803
"2021-12-10","7 day R","2021-03-17","DE","quantile","0.025",0.965308794765086
"2021-12-10","7 day R","2021-03-17","DE","quantile","0.975",1.46856152818081
"2021-12-10","7 day R","2021-03-18","DE","point","NA",1.23076888073114
"2021-12-10","7 day R","2021-03-18","DE","quantile","0.025",0.979786373610285
"2021-12-10","7 day R","2021-03-18","DE","quantile","0.975",1.4831330961086
"2021-12-10","7 day R","2021-03-19","DE","point","NA",1.23607477805487
"2021-12-10","7 day R","2021-03-19","DE","quantile","0.025",0.982834359123849
"2021-12-10","7 day R","2021-03-19","DE","quantile","0.975",1.48891547970365
"2021-12-10","7 day R","2021-03-20","DE","point","NA",1.23849760734533
"2021-12-10","7 day R","2021-03-20","DE","quantile","0.025",0.987078564347966
"2021-12-10","7 day R","2021-03-20","DE","quantile","0.975",1.48989375747879
"2021-12-10","7 day R","2021-03-21","DE","point","NA",1.23869999986131
"2021-12-10","7 day R","2021-03-21","DE","quantile","0.025",0.987670871053273
"2021-12-10","7 day R","2021-03-21","DE","quantile","0.975",1.49300713531124
"2021-12-10","7 day R","2021-03-22","DE","point","NA",1.23560780998344
"2021-12-10","7 day R","2021-03-22","DE","quantile","0.025",0.986945695138594
"2021-12-10","7 day R","2021-03-22","DE","quantile","0.975",1.48830840044202
"2021-12-10","7 day R","2021-03-23","DE","point","NA",1.23459431684851
"2021-12-10","7 day R","2021-03-23","DE","quantile","0.025",0.986825815422478
"2021-12-10","7 day R","2021-03-23","DE","quantile","0.975",1.48754468517805
"2021-12-10","7 day R","2021-03-24","DE","point","NA",1.21833242010358
"2021-12-10","7 day R","2021-03-24","DE","quantile","0.025",0.964585975544706
"2021-12-10","7 day R","2021-03-24","DE","quantile","0.975",1.46906716501034
"2021-12-10","7 day R","2021-03-25","DE","point","NA",1.2028105900533
"2021-12-10","7 day R","2021-03-25","DE","quantile","0.025",0.952857420839726
"2021-12-10","7 day R","2021-03-25","DE","quantile","0.975",1.45050048942757
"2021-12-10","7 day R","2021-03-26","DE","point","NA",1.18392257667575
"2021-12-10","7 day R","2021-03-26","DE","quantile","0.025",0.933949681722359
"2021-12-10","7 day R","2021-03-26","DE","quantile","0.975",1.43164625487118
"2021-12-10","7 day R","2021-03-27","DE","point","NA",1.16274647436243
"2021-12-10","7 day R","2021-03-27","DE","quantile","0.025",0.914186184181391
"2021-12-10","7 day R","2021-03-27","DE","quantile","0.975",1.41260556950125
"2021-12-10","7 day R","2021-03-28","DE","point","NA",1.13855818390831
"2021-12-10","7 day R","2021-03-28","DE","quantile","0.025",0.885997096619056
"2021-12-10","7 day R","2021-03-28","DE","quantile","0.975",1.38746164071391
"2021-12-10","7 day R","2021-03-29","DE","point","NA",1.13283030121305
"2021-12-10","7 day R","2021-03-29","DE","quantile","0.025",0.882427918591763
"2021-12-10","7 day R","2021-03-29","DE","quantile","0.975",1.38161284137243
"2021-12-10","7 day R","2021-03-30","DE","point","NA",1.12636805077309
"2021-12-10","7 day R","2021-03-30","DE","quantile","0.025",0.875470392279932
"2021-12-10","7 day R","2021-03-30","DE","quantile","0.975",1.37270419575641
"2021-12-10","7 day R","2021-03-31","DE","point","NA",1.10306057444075
"2021-12-10","7 day R","2021-03-31","DE","quantile","0.025",0.850071410496837
"2021-12-10","7 day R","2021-03-31","DE","quantile","0.975",1.35443260241153
"2021-12-10","7 day R","2021-04-01","DE","point","NA",1.0831737772499
"2021-12-10","7 day R","2021-04-01","DE","quantile","0.025",0.831750280392547
"2021-12-10","7 day R","2021-04-01","DE","quantile","0.975",1.32909322858237
"2021-12-10","7 day R","2021-04-02","DE","point","NA",1.06213069544383
"2021-12-10","7 day R","2021-04-02","DE","quantile","0.025",0.805873542241542
"2021-12-10","7 day R","2021-04-02","DE","quantile","0.975",1.3101203058228
"2021-12-10","7 day R","2021-04-03","DE","point","NA",1.05098933258073
"2021-12-10","7 day R","2021-04-03","DE","quantile","0.025",0.792849746298666
"2021-12-10","7 day R","2021-04-03","DE","quantile","0.975",1.29927046945213
"2021-12-10","7 day R","2021-04-04","DE","point","NA",1.06335068381709
"2021-12-10","7 day R","2021-04-04","DE","quantile","0.025",0.806203065284081
"2021-12-10","7 day R","2021-04-04","DE","quantile","0.975",1.31766302449329
"2021-12-10","7 day R","2021-04-05","DE","point","NA",1.07013848341767
"2021-12-10","7 day R","2021-04-05","DE","quantile","0.025",0.813276820011751
"2021-12-10","7 day R","2021-04-05","DE","quantile","0.975",1.32070549988877
"2021-12-10","7 day R","2021-04-06","DE","point","NA",1.08527703115249
"2021-12-10","7 day R","2021-04-06","DE","quantile","0.025",0.830681714577692
"2021-12-10","7 day R","2021-04-06","DE","quantile","0.975",1.33875065706136
"2021-12-10","7 day R","2021-04-07","DE","point","NA",1.12789685994442
"2021-12-10","7 day R","2021-04-07","DE","quantile","0.025",0.873775467681738
"2021-12-10","7 day R","2021-04-07","DE","quantile","0.975",1.38075526287719
"2021-12-10","7 day R","2021-04-08","DE","point","NA",1.14506510257253
"2021-12-10","7 day R","2021-04-08","DE","quantile","0.025",0.892548606082848
"2021-12-10","7 day R","2021-04-08","DE","quantile","0.975",1.40080896238399
"2021-12-10","7 day R","2021-04-09","DE","point","NA",1.14923234927839
"2021-12-10","7 day R","2021-04-09","DE","quantile","0.025",0.895323221859636
"2021-12-10","7 day R","2021-04-09","DE","quantile","0.975",1.40642020829397
"2021-12-10","7 day R","2021-04-10","DE","point","NA",1.14566962880129
"2021-12-10","7 day R","2021-04-10","DE","quantile","0.025",0.887994655773316
"2021-12-10","7 day R","2021-04-10","DE","quantile","0.975",1.40160357807595
"2021-12-10","7 day R","2021-04-11","DE","point","NA",1.13798245989214
"2021-12-10","7 day R","2021-04-11","DE","quantile","0.025",0.88629802390571
"2021-12-10","7 day R","2021-04-11","DE","quantile","0.975",1.39444955363004
"2021-12-10","7 day R","2021-04-12","DE","point","NA",1.14647108897998
"2021-12-10","7 day R","2021-04-12","DE","quantile","0.025",0.894409443986547
"2021-12-10","7 day R","2021-04-12","DE","quantile","0.975",1.39832237922183
"2021-12-10","7 day R","2021-04-13","DE","point","NA",1.15102826420066
"2021-12-10","7 day R","2021-04-13","DE","quantile","0.025",0.901731568495353
"2021-12-10","7 day R","2021-04-13","DE","quantile","0.975",1.40455941690835
"2021-12-10","7 day R","2021-04-14","DE","point","NA",1.13787032642068
"2021-12-10","7 day R","2021-04-14","DE","quantile","0.025",0.885812236704374
"2021-12-10","7 day R","2021-04-14","DE","quantile","0.975",1.39235076456069
"2021-12-10","7 day R","2021-04-15","DE","point","NA",1.11935806724239
"2021-12-10","7 day R","2021-04-15","DE","quantile","0.025",0.870584201868023
"2021-12-10","7 day R","2021-04-15","DE","quantile","0.975",1.36938296400533
"2021-12-10","7 day R","2021-04-16","DE","point","NA",1.10411741976577
"2021-12-10","7 day R","2021-04-16","DE","quantile","0.025",0.856597760547975
"2021-12-10","7 day R","2021-04-16","DE","quantile","0.975",1.35700533234908
"2021-12-10","7 day R","2021-04-17","DE","point","NA",1.08853384728336
"2021-12-10","7 day R","2021-04-17","DE","quantile","0.025",0.840382232026851
"2021-12-10","7 day R","2021-04-17","DE","quantile","0.975",1.33793291694591
"2021-12-10","7 day R","2021-04-18","DE","point","NA",1.07218011101603
"2021-12-10","7 day R","2021-04-18","DE","quantile","0.025",0.821803760773472
"2021-12-10","7 day R","2021-04-18","DE","quantile","0.975",1.32688823207525
"2021-12-10","7 day R","2021-04-19","DE","point","NA",1.07287264389106
"2021-12-10","7 day R","2021-04-19","DE","quantile","0.025",0.8226851941971
"2021-12-10","7 day R","2021-04-19","DE","quantile","0.975",1.32521987401583
"2021-12-10","7 day R","2021-04-20","DE","point","NA",1.07129784424278
"2021-12-10","7 day R","2021-04-20","DE","quantile","0.025",0.822023803238375
"2021-12-10","7 day R","2021-04-20","DE","quantile","0.975",1.32285961357036
"2021-12-10","7 day R","2021-04-21","DE","point","NA",1.05513722917606
"2021-12-10","7 day R","2021-04-21","DE","quantile","0.025",0.805692574842184
"2021-12-10","7 day R","2021-04-21","DE","quantile","0.975",1.30768978256021
"2021-12-10","7 day R","2021-04-22","DE","point","NA",1.0470541204275
"2021-12-10","7 day R","2021-04-22","DE","quantile","0.025",0.793428014172373
"2021-12-10","7 day R","2021-04-22","DE","quantile","0.975",1.3005318427766
"2021-12-10","7 day R","2021-04-23","DE","point","NA",1.02931303578764
"2021-12-10","7 day R","2021-04-23","DE","quantile","0.025",0.775850883995783
"2021-12-10","7 day R","2021-04-23","DE","quantile","0.975",1.28375915846229
"2021-12-10","7 day R","2021-04-24","DE","point","NA",1.01188915693367
"2021-12-10","7 day R","2021-04-24","DE","quantile","0.025",0.757787564485683
"2021-12-10","7 day R","2021-04-24","DE","quantile","0.975",1.26206379920058
"2021-12-10","7 day R","2021-04-25","DE","point","NA",1.00280557016231
"2021-12-10","7 day R","2021-04-25","DE","quantile","0.025",0.755153758903394
"2021-12-10","7 day R","2021-04-25","DE","quantile","0.975",1.25669435991695
"2021-12-10","7 day R","2021-04-26","DE","point","NA",0.984246542397642
"2021-12-10","7 day R","2021-04-26","DE","quantile","0.025",0.733582664523148
"2021-12-10","7 day R","2021-04-26","DE","quantile","0.975",1.23665714221571
"2021-12-10","7 day R","2021-04-27","DE","point","NA",0.972260855344635
"2021-12-10","7 day R","2021-04-27","DE","quantile","0.025",0.720743829686753
"2021-12-10","7 day R","2021-04-27","DE","quantile","0.975",1.22270396250845
"2021-12-10","7 day R","2021-04-28","DE","point","NA",0.958006257827395
"2021-12-10","7 day R","2021-04-28","DE","quantile","0.025",0.708606114438253
"2021-12-10","7 day R","2021-04-28","DE","quantile","0.975",1.20979235124301
"2021-12-10","7 day R","2021-04-29","DE","point","NA",0.939273593855069
"2021-12-10","7 day R","2021-04-29","DE","quantile","0.025",0.687035923887917
"2021-12-10","7 day R","2021-04-29","DE","quantile","0.975",1.19075166404919
"2021-12-10","7 day R","2021-04-30","DE","point","NA",0.920752084868582
"2021-12-10","7 day R","2021-04-30","DE","quantile","0.025",0.670795318497264
"2021-12-10","7 day R","2021-04-30","DE","quantile","0.975",1.17103957298975
"2021-12-10","7 day R","2021-05-01","DE","point","NA",0.911474137719377
"2021-12-10","7 day R","2021-05-01","DE","quantile","0.025",0.659374952537541
"2021-12-10","7 day R","2021-05-01","DE","quantile","0.975",1.16180654828062
"2021-12-10","7 day R","2021-05-02","DE","point","NA",0.897932962970039
"2021-12-10","7 day R","2021-05-02","DE","quantile","0.025",0.643797575581787
"2021-12-10","7 day R","2021-05-02","DE","quantile","0.975",1.14830334275883
"2021-12-10","7 day R","2021-05-03","DE","point","NA",0.884036833766374
"2021-12-10","7 day R","2021-05-03","DE","quantile","0.025",0.630482269899033
"2021-12-10","7 day R","2021-05-03","DE","quantile","0.975",1.139041061929
"2021-12-10","7 day R","2021-05-04","DE","point","NA",0.874086932442979
"2021-12-10","7 day R","2021-05-04","DE","quantile","0.025",0.622425945105664
"2021-12-10","7 day R","2021-05-04","DE","quantile","0.975",1.12410822742762
"2021-12-10","7 day R","2021-05-05","DE","point","NA",0.855908241807405
"2021-12-10","7 day R","2021-05-05","DE","quantile","0.025",0.604730929447548
"2021-12-10","7 day R","2021-05-05","DE","quantile","0.975",1.10551590454432
"2021-12-10","7 day R","2021-05-06","DE","point","NA",0.834430002298004
"2021-12-10","7 day R","2021-05-06","DE","quantile","0.025",0.580902351619347
"2021-12-10","7 day R","2021-05-06","DE","quantile","0.975",1.08414515918103
"2021-12-10","7 day R","2021-05-07","DE","point","NA",0.816820444681168
"2021-12-10","7 day R","2021-05-07","DE","quantile","0.025",0.564329375021993
"2021-12-10","7 day R","2021-05-07","DE","quantile","0.975",1.06539672634375
"2021-12-10","7 day R","2021-05-08","DE","point","NA",0.800845308245822
"2021-12-10","7 day R","2021-05-08","DE","quantile","0.025",0.548442071094686
"2021-12-10","7 day R","2021-05-08","DE","quantile","0.975",1.04823972926644
"2021-12-10","7 day R","2021-05-09","DE","point","NA",0.784033380123743
"2021-12-10","7 day R","2021-05-09","DE","quantile","0.025",0.530790899009666
"2021-12-10","7 day R","2021-05-09","DE","quantile","0.975",1.03502097452139
"2021-12-10","7 day R","2021-05-10","DE","point","NA",0.77907450695944
"2021-12-10","7 day R","2021-05-10","DE","quantile","0.025",0.522977748735517
"2021-12-10","7 day R","2021-05-10","DE","quantile","0.975",1.02799968215408
"2021-12-10","7 day R","2021-05-11","DE","point","NA",0.769095180736039
"2021-12-10","7 day R","2021-05-11","DE","quantile","0.025",0.513029343441866
"2021-12-10","7 day R","2021-05-11","DE","quantile","0.975",1.01788202963764
"2021-12-10","7 day R","2021-05-12","DE","point","NA",0.745819105142327
"2021-12-10","7 day R","2021-05-12","DE","quantile","0.025",0.49623294648986
"2021-12-10","7 day R","2021-05-12","DE","quantile","0.975",0.995434667792174
"2021-12-10","7 day R","2021-05-13","DE","point","NA",0.743948419174669
"2021-12-10","7 day R","2021-05-13","DE","quantile","0.025",0.491939646254888
"2021-12-10","7 day R","2021-05-13","DE","quantile","0.975",0.994667858050757
"2021-12-10","7 day R","2021-05-14","DE","point","NA",0.743444058791546
"2021-12-10","7 day R","2021-05-14","DE","quantile","0.025",0.494380288841479
"2021-12-10","7 day R","2021-05-14","DE","quantile","0.975",0.997527950426035
"2021-12-10","7 day R","2021-05-15","DE","point","NA",0.742119558301437
"2021-12-10","7 day R","2021-05-15","DE","quantile","0.025",0.490168856040457
"2021-12-10","7 day R","2021-05-15","DE","quantile","0.975",0.996389613171577
"2021-12-10","7 day R","2021-05-16","DE","point","NA",0.742702502204515
"2021-12-10","7 day R","2021-05-16","DE","quantile","0.025",0.485609610092052
"2021-12-10","7 day R","2021-05-16","DE","quantile","0.975",0.996280804007645
"2021-12-10","7 day R","2021-05-17","DE","point","NA",0.735117844609728
"2021-12-10","7 day R","2021-05-17","DE","quantile","0.025",0.480728713678622
"2021-12-10","7 day R","2021-05-17","DE","quantile","0.975",0.989676041526912
"2021-12-10","7 day R","2021-05-18","DE","point","NA",0.723265472263275
"2021-12-10","7 day R","2021-05-18","DE","quantile","0.025",0.471271834773874
"2021-12-10","7 day R","2021-05-18","DE","quantile","0.975",0.979017875675735
"2021-12-10","7 day R","2021-05-19","DE","point","NA",0.719424336651333
"2021-12-10","7 day R","2021-05-19","DE","quantile","0.025",0.465404280401668
"2021-12-10","7 day R","2021-05-19","DE","quantile","0.975",0.97302984452347
"2021-12-10","7 day R","2021-05-20","DE","point","NA",0.710714176905849
"2021-12-10","7 day R","2021-05-20","DE","quantile","0.025",0.457731936511174
"2021-12-10","7 day R","2021-05-20","DE","quantile","0.975",0.961352998938431
"2021-12-10","7 day R","2021-05-21","DE","point","NA",0.700911444556539
"2021-12-10","7 day R","2021-05-21","DE","quantile","0.025",0.449419967081612
"2021-12-10","7 day R","2021-05-21","DE","quantile","0.975",0.951113307116594
"2021-12-10","7 day R","2021-05-22","DE","point","NA",0.689891736578542
"2021-12-10","7 day R","2021-05-22","DE","quantile","0.025",0.438018585280174
"2021-12-10","7 day R","2021-05-22","DE","quantile","0.975",0.943504792183886
"2021-12-10","7 day R","2021-05-23","DE","point","NA",0.675365130460078
"2021-12-10","7 day R","2021-05-23","DE","quantile","0.025",0.421503914936114
"2021-12-10","7 day R","2021-05-23","DE","quantile","0.975",0.926398780916157
"2021-12-10","7 day R","2021-05-24","DE","point","NA",0.655175892668695
"2021-12-10","7 day R","2021-05-24","DE","quantile","0.025",0.401903234594894
"2021-12-10","7 day R","2021-05-24","DE","quantile","0.975",0.904066021800913
"2021-12-10","7 day R","2021-05-25","DE","point","NA",0.637067378485305
"2021-12-10","7 day R","2021-05-25","DE","quantile","0.025",0.382624804132404
"2021-12-10","7 day R","2021-05-25","DE","quantile","0.975",0.885074299120004
"2021-12-10","7 day R","2021-05-26","DE","point","NA",0.63586580209742
"2021-12-10","7 day R","2021-05-26","DE","quantile","0.025",0.383432365997349
"2021-12-10","7 day R","2021-05-26","DE","quantile","0.975",0.885989759831211
"2021-12-10","7 day R","2021-05-27","DE","point","NA",0.647738694219329
"2021-12-10","7 day R","2021-05-27","DE","quantile","0.025",0.396358629334861
"2021-12-10","7 day R","2021-05-27","DE","quantile","0.975",0.896354752167043
"2021-12-10","7 day R","2021-05-28","DE","point","NA",0.656592621886908
"2021-12-10","7 day R","2021-05-28","DE","quantile","0.025",0.404010542136691
"2021-12-10","7 day R","2021-05-28","DE","quantile","0.975",0.908447605251575
"2021-12-10","7 day R","2021-05-29","DE","point","NA",0.657404817721675
"2021-12-10","7 day R","2021-05-29","DE","quantile","0.025",0.403894795241387
"2021-12-10","7 day R","2021-05-29","DE","quantile","0.975",0.910388036462587
"2021-12-10","7 day R","2021-05-30","DE","point","NA",0.653024844657709
"2021-12-10","7 day R","2021-05-30","DE","quantile","0.025",0.402505517617859
"2021-12-10","7 day R","2021-05-30","DE","quantile","0.975",0.904954784413182
"2021-12-10","7 day R","2021-05-31","DE","point","NA",0.640592872078292
"2021-12-10","7 day R","2021-05-31","DE","quantile","0.025",0.387584710179355
"2021-12-10","7 day R","2021-05-31","DE","quantile","0.975",0.894226345162746
"2021-12-10","7 day R","2021-06-01","DE","point","NA",0.628963575712479
"2021-12-10","7 day R","2021-06-01","DE","quantile","0.025",0.378759238734692
"2021-12-10","7 day R","2021-06-01","DE","quantile","0.975",0.87988291352706
"2021-12-10","7 day R","2021-06-02","DE","point","NA",0.623235915454006
"2021-12-10","7 day R","2021-06-02","DE","quantile","0.025",0.371787642191062
"2021-12-10","7 day R","2021-06-02","DE","quantile","0.975",0.87578997647021
"2021-12-10","7 day R","2021-06-03","DE","point","NA",0.616411286061
"2021-12-10","7 day R","2021-06-03","DE","quantile","0.025",0.363387726641798
"2021-12-10","7 day R","2021-06-03","DE","quantile","0.975",0.866818688982602
"2021-12-10","7 day R","2021-06-04","DE","point","NA",0.61512442955346
"2021-12-10","7 day R","2021-06-04","DE","quantile","0.025",0.362398159068844
"2021-12-10","7 day R","2021-06-04","DE","quantile","0.975",0.868548667327187
"2021-12-10","7 day R","2021-06-05","DE","point","NA",0.615440679095673
"2021-12-10","7 day R","2021-06-05","DE","quantile","0.025",0.362963812458611
"2021-12-10","7 day R","2021-06-05","DE","quantile","0.975",0.86853034506701
"2021-12-10","7 day R","2021-06-06","DE","point","NA",0.615229671292322
"2021-12-10","7 day R","2021-06-06","DE","quantile","0.025",0.363647781913218
"2021-12-10","7 day R","2021-06-06","DE","quantile","0.975",0.867919570584959
"2021-12-10","7 day R","2021-06-07","DE","point","NA",0.608458567008434
"2021-12-10","7 day R","2021-06-07","DE","quantile","0.025",0.357606117991263
"2021-12-10","7 day R","2021-06-07","DE","quantile","0.975",0.861612097157977
"2021-12-10","7 day R","2021-06-08","DE","point","NA",0.599687459346081
"2021-12-10","7 day R","2021-06-08","DE","quantile","0.025",0.347853055170185
"2021-12-10","7 day R","2021-06-08","DE","quantile","0.975",0.856011486078038
"2021-12-10","7 day R","2021-06-09","DE","point","NA",0.59237174635077
"2021-12-10","7 day R","2021-06-09","DE","quantile","0.025",0.341965780483448
"2021-12-10","7 day R","2021-06-09","DE","quantile","0.975",0.842415292705196
"2021-12-10","7 day R","2021-06-10","DE","point","NA",0.58784019186948
"2021-12-10","7 day R","2021-06-10","DE","quantile","0.025",0.335631835997584
"2021-12-10","7 day R","2021-06-10","DE","quantile","0.975",0.839984332278736
"2021-12-10","7 day R","2021-06-11","DE","point","NA",0.580520974334064
"2021-12-10","7 day R","2021-06-11","DE","quantile","0.025",0.331588292218784
"2021-12-10","7 day R","2021-06-11","DE","quantile","0.975",0.832119775104561
"2021-12-10","7 day R","2021-06-12","DE","point","NA",0.572415964132794
"2021-12-10","7 day R","2021-06-12","DE","quantile","0.025",0.32255913914393
"2021-12-10","7 day R","2021-06-12","DE","quantile","0.975",0.820470725488
"2021-12-10","7 day R","2021-06-13","DE","point","NA",0.563970971825207
"2021-12-10","7 day R","2021-06-13","DE","quantile","0.025",0.313322384049323
"2021-12-10","7 day R","2021-06-13","DE","quantile","0.975",0.814051621900597
"2021-12-10","7 day R","2021-06-14","DE","point","NA",0.550908469721061
"2021-12-10","7 day R","2021-06-14","DE","quantile","0.025",0.296517421643755
"2021-12-10","7 day R","2021-06-14","DE","quantile","0.975",0.802381611520026
"2021-12-10","7 day R","2021-06-15","DE","point","NA",0.534569353415191
"2021-12-10","7 day R","2021-06-15","DE","quantile","0.025",0.27845866533511
"2021-12-10","7 day R","2021-06-15","DE","quantile","0.975",0.783874684605604
"2021-12-10","7 day R","2021-06-16","DE","point","NA",0.52318918098726
"2021-12-10","7 day R","2021-06-16","DE","quantile","0.025",0.26743416740663
"2021-12-10","7 day R","2021-06-16","DE","quantile","0.975",0.774013432145859
"2021-12-10","7 day R","2021-06-17","DE","point","NA",0.521653359387839
"2021-12-10","7 day R","2021-06-17","DE","quantile","0.025",0.268288331032219
"2021-12-10","7 day R","2021-06-17","DE","quantile","0.975",0.769898322114284
"2021-12-10","7 day R","2021-06-18","DE","point","NA",0.530526093498946
"2021-12-10","7 day R","2021-06-18","DE","quantile","0.025",0.277755254863047
"2021-12-10","7 day R","2021-06-18","DE","quantile","0.975",0.783661199322103
"2021-12-10","7 day R","2021-06-19","DE","point","NA",0.544088050588555
"2021-12-10","7 day R","2021-06-19","DE","quantile","0.025",0.290996384169809
"2021-12-10","7 day R","2021-06-19","DE","quantile","0.975",0.797376521193904
"2021-12-10","7 day R","2021-06-20","DE","point","NA",0.55248166275094
"2021-12-10","7 day R","2021-06-20","DE","quantile","0.025",0.299616303584404
"2021-12-10","7 day R","2021-06-20","DE","quantile","0.975",0.802159796644178
"2021-12-10","7 day R","2021-06-21","DE","point","NA",0.557215901599349
"2021-12-10","7 day R","2021-06-21","DE","quantile","0.025",0.305149735443165
"2021-12-10","7 day R","2021-06-21","DE","quantile","0.975",0.807092918029122
"2021-12-10","7 day R","2021-06-22","DE","point","NA",0.559759281398609
"2021-12-10","7 day R","2021-06-22","DE","quantile","0.025",0.304206388681651
"2021-12-10","7 day R","2021-06-22","DE","quantile","0.975",0.812570177728051
"2021-12-10","7 day R","2021-06-23","DE","point","NA",0.567166313483248
"2021-12-10","7 day R","2021-06-23","DE","quantile","0.025",0.311323890592431
"2021-12-10","7 day R","2021-06-23","DE","quantile","0.975",0.817866855462596
"2021-12-10","7 day R","2021-06-24","DE","point","NA",0.578029174426309
"2021-12-10","7 day R","2021-06-24","DE","quantile","0.025",0.320063737588788
"2021-12-10","7 day R","2021-06-24","DE","quantile","0.975",0.82783098033765
"2021-12-10","7 day R","2021-06-25","DE","point","NA",0.602518851555374
"2021-12-10","7 day R","2021-06-25","DE","quantile","0.025",0.346748926399714
"2021-12-10","7 day R","2021-06-25","DE","quantile","0.975",0.850771729190766
"2021-12-10","7 day R","2021-06-26","DE","point","NA",0.628892934807917
"2021-12-10","7 day R","2021-06-26","DE","quantile","0.025",0.373096357588185
"2021-12-10","7 day R","2021-06-26","DE","quantile","0.975",0.88009879048932
"2021-12-10","7 day R","2021-06-27","DE","point","NA",0.655929993635822
"2021-12-10","7 day R","2021-06-27","DE","quantile","0.025",0.401949331210237
"2021-12-10","7 day R","2021-06-27","DE","quantile","0.975",0.906526630894847
"2021-12-10","7 day R","2021-06-28","DE","point","NA",0.68309234269876
"2021-12-10","7 day R","2021-06-28","DE","quantile","0.025",0.429554881414513
"2021-12-10","7 day R","2021-06-28","DE","quantile","0.975",0.933031068504807
"2021-12-10","7 day R","2021-06-29","DE","point","NA",0.708576831740585
"2021-12-10","7 day R","2021-06-29","DE","quantile","0.025",0.45628476061368
"2021-12-10","7 day R","2021-06-29","DE","quantile","0.975",0.957168590427943
"2021-12-10","7 day R","2021-06-30","DE","point","NA",0.739514193583946
"2021-12-10","7 day R","2021-06-30","DE","quantile","0.025",0.484346876914509
"2021-12-10","7 day R","2021-06-30","DE","quantile","0.975",0.990375264516279
"2021-12-10","7 day R","2021-07-01","DE","point","NA",0.776159225863199
"2021-12-10","7 day R","2021-07-01","DE","quantile","0.025",0.527206589616634
"2021-12-10","7 day R","2021-07-01","DE","quantile","0.975",1.02666432615003
"2021-12-10","7 day R","2021-07-02","DE","point","NA",0.811882524248148
"2021-12-10","7 day R","2021-07-02","DE","quantile","0.025",0.560547527998606
"2021-12-10","7 day R","2021-07-02","DE","quantile","0.975",1.0627781419029
"2021-12-10","7 day R","2021-07-03","DE","point","NA",0.849751256755569
"2021-12-10","7 day R","2021-07-03","DE","quantile","0.025",0.597061405179709
"2021-12-10","7 day R","2021-07-03","DE","quantile","0.975",1.09926467285764
"2021-12-10","7 day R","2021-07-04","DE","point","NA",0.892709426436685
"2021-12-10","7 day R","2021-07-04","DE","quantile","0.025",0.642250330448262
"2021-12-10","7 day R","2021-07-04","DE","quantile","0.975",1.14229285689135
"2021-12-10","7 day R","2021-07-05","DE","point","NA",0.93442809905944
"2021-12-10","7 day R","2021-07-05","DE","quantile","0.025",0.682152425170175
"2021-12-10","7 day R","2021-07-05","DE","quantile","0.975",1.18415904141136
"2021-12-10","7 day R","2021-07-06","DE","point","NA",0.976668841535993
"2021-12-10","7 day R","2021-07-06","DE","quantile","0.025",0.726852337019686
"2021-12-10","7 day R","2021-07-06","DE","quantile","0.975",1.22877641385875
"2021-12-10","7 day R","2021-07-07","DE","point","NA",1.01823353787463
"2021-12-10","7 day R","2021-07-07","DE","quantile","0.025",0.770235841542027
"2021-12-10","7 day R","2021-07-07","DE","quantile","0.975",1.27102845914531
"2021-12-10","7 day R","2021-07-08","DE","point","NA",1.05833805882459
"2021-12-10","7 day R","2021-07-08","DE","quantile","0.025",0.809729189075381
"2021-12-10","7 day R","2021-07-08","DE","quantile","0.975",1.31200771824019
"2021-12-10","7 day R","2021-07-09","DE","point","NA",1.09603413778074
"2021-12-10","7 day R","2021-07-09","DE","quantile","0.025",0.846545824544848
"2021-12-10","7 day R","2021-07-09","DE","quantile","0.975",1.34835052773874
"2021-12-10","7 day R","2021-07-10","DE","point","NA",1.13262313362076
"2021-12-10","7 day R","2021-07-10","DE","quantile","0.025",0.884007107304984
"2021-12-10","7 day R","2021-07-10","DE","quantile","0.975",1.38284859693193
"2021-12-10","7 day R","2021-07-11","DE","point","NA",1.16466407809691
"2021-12-10","7 day R","2021-07-11","DE","quantile","0.025",0.916037156017606
"2021-12-10","7 day R","2021-07-11","DE","quantile","0.975",1.41372259623426
"2021-12-10","7 day R","2021-07-12","DE","point","NA",1.19880316652783
"2021-12-10","7 day R","2021-07-12","DE","quantile","0.025",0.946482055925471
"2021-12-10","7 day R","2021-07-12","DE","quantile","0.975",1.4516985459467
"2021-12-10","7 day R","2021-07-13","DE","point","NA",1.23520797396736
"2021-12-10","7 day R","2021-07-13","DE","quantile","0.025",0.984528625267769
"2021-12-10","7 day R","2021-07-13","DE","quantile","0.975",1.48986637333769
"2021-12-10","7 day R","2021-07-14","DE","point","NA",1.26885937138174
"2021-12-10","7 day R","2021-07-14","DE","quantile","0.025",1.01634581784758
"2021-12-10","7 day R","2021-07-14","DE","quantile","0.975",1.52192709341768
"2021-12-10","7 day R","2021-07-15","DE","point","NA",1.28740800698977
"2021-12-10","7 day R","2021-07-15","DE","quantile","0.025",1.03790948680862
"2021-12-10","7 day R","2021-07-15","DE","quantile","0.975",1.54121916380742
"2021-12-10","7 day R","2021-07-16","DE","point","NA",1.30044196267812
"2021-12-10","7 day R","2021-07-16","DE","quantile","0.025",1.04736089958859
"2021-12-10","7 day R","2021-07-16","DE","quantile","0.975",1.55416687787472
"2021-12-10","7 day R","2021-07-17","DE","point","NA",1.30310684162807
"2021-12-10","7 day R","2021-07-17","DE","quantile","0.025",1.05255367626454
"2021-12-10","7 day R","2021-07-17","DE","quantile","0.975",1.56008326871493
"2021-12-10","7 day R","2021-07-18","DE","point","NA",1.30043222305132
"2021-12-10","7 day R","2021-07-18","DE","quantile","0.025",1.04788378032009
"2021-12-10","7 day R","2021-07-18","DE","quantile","0.975",1.5555338496353
"2021-12-10","7 day R","2021-07-19","DE","point","NA",1.29795849611785
"2021-12-10","7 day R","2021-07-19","DE","quantile","0.025",1.04588601862627
"2021-12-10","7 day R","2021-07-19","DE","quantile","0.975",1.54739848922961
"2021-12-10","7 day R","2021-07-20","DE","point","NA",1.29609658109517
"2021-12-10","7 day R","2021-07-20","DE","quantile","0.025",1.04385937176826
"2021-12-10","7 day R","2021-07-20","DE","quantile","0.975",1.54666256970796
"2021-12-10","7 day R","2021-07-21","DE","point","NA",1.29143473352385
"2021-12-10","7 day R","2021-07-21","DE","quantile","0.025",1.04118076847958
"2021-12-10","7 day R","2021-07-21","DE","quantile","0.975",1.5418926477189
"2021-12-10","7 day R","2021-07-22","DE","point","NA",1.29972691720557
"2021-12-10","7 day R","2021-07-22","DE","quantile","0.025",1.04965032208536
"2021-12-10","7 day R","2021-07-22","DE","quantile","0.975",1.5528643534712
"2021-12-10","7 day R","2021-07-23","DE","point","NA",1.30549940589934
"2021-12-10","7 day R","2021-07-23","DE","quantile","0.025",1.05439670405378
"2021-12-10","7 day R","2021-07-23","DE","quantile","0.975",1.55600511757304
"2021-12-10","7 day R","2021-07-24","DE","point","NA",1.30899755970056
"2021-12-10","7 day R","2021-07-24","DE","quantile","0.025",1.05531937474719
"2021-12-10","7 day R","2021-07-24","DE","quantile","0.975",1.56153295161898
"2021-12-10","7 day R","2021-07-25","DE","point","NA",1.31162266157551
"2021-12-10","7 day R","2021-07-25","DE","quantile","0.025",1.06099081461094
"2021-12-10","7 day R","2021-07-25","DE","quantile","0.975",1.56439017266488
"2021-12-10","7 day R","2021-07-26","DE","point","NA",1.31723801296017
"2021-12-10","7 day R","2021-07-26","DE","quantile","0.025",1.07127235082874
"2021-12-10","7 day R","2021-07-26","DE","quantile","0.975",1.5689803722007
"2021-12-10","7 day R","2021-07-27","DE","point","NA",1.32000322731315
"2021-12-10","7 day R","2021-07-27","DE","quantile","0.025",1.072042203557
"2021-12-10","7 day R","2021-07-27","DE","quantile","0.975",1.57381544949067
"2021-12-10","7 day R","2021-07-28","DE","point","NA",1.32359327488958
"2021-12-10","7 day R","2021-07-28","DE","quantile","0.025",1.07613258896553
"2021-12-10","7 day R","2021-07-28","DE","quantile","0.975",1.57391385458842
"2021-12-10","7 day R","2021-07-29","DE","point","NA",1.32014160974998
"2021-12-10","7 day R","2021-07-29","DE","quantile","0.025",1.07083642501708
"2021-12-10","7 day R","2021-07-29","DE","quantile","0.975",1.56831253942957
"2021-12-10","7 day R","2021-07-30","DE","point","NA",1.31368575424491
"2021-12-10","7 day R","2021-07-30","DE","quantile","0.025",1.06661730387621
"2021-12-10","7 day R","2021-07-30","DE","quantile","0.975",1.5630742535303
"2021-12-10","7 day R","2021-07-31","DE","point","NA",1.30508812334402
"2021-12-10","7 day R","2021-07-31","DE","quantile","0.025",1.05781501869141
"2021-12-10","7 day R","2021-07-31","DE","quantile","0.975",1.55491600123561
"2021-12-10","7 day R","2021-08-01","DE","point","NA",1.3025369299149
"2021-12-10","7 day R","2021-08-01","DE","quantile","0.025",1.05360682056644
"2021-12-10","7 day R","2021-08-01","DE","quantile","0.975",1.55101319686984
"2021-12-10","7 day R","2021-08-02","DE","point","NA",1.3043538497972
"2021-12-10","7 day R","2021-08-02","DE","quantile","0.025",1.05385567584544
"2021-12-10","7 day R","2021-08-02","DE","quantile","0.975",1.55408981033079
"2021-12-10","7 day R","2021-08-03","DE","point","NA",1.30971340031703
"2021-12-10","7 day R","2021-08-03","DE","quantile","0.025",1.0598953071399
"2021-12-10","7 day R","2021-08-03","DE","quantile","0.975",1.55975931920437
"2021-12-10","7 day R","2021-08-04","DE","point","NA",1.32058412200921
"2021-12-10","7 day R","2021-08-04","DE","quantile","0.025",1.07192413132353
"2021-12-10","7 day R","2021-08-04","DE","quantile","0.975",1.56895864590387
"2021-12-10","7 day R","2021-08-05","DE","point","NA",1.33087527179793
"2021-12-10","7 day R","2021-08-05","DE","quantile","0.025",1.07872494636126
"2021-12-10","7 day R","2021-08-05","DE","quantile","0.975",1.58332255985524
"2021-12-10","7 day R","2021-08-06","DE","point","NA",1.34018360993144
"2021-12-10","7 day R","2021-08-06","DE","quantile","0.025",1.08983533455664
"2021-12-10","7 day R","2021-08-06","DE","quantile","0.975",1.59068922042446
"2021-12-10","7 day R","2021-08-07","DE","point","NA",1.34581404606465
"2021-12-10","7 day R","2021-08-07","DE","quantile","0.025",1.09668370273606
"2021-12-10","7 day R","2021-08-07","DE","quantile","0.975",1.59750012358824
"2021-12-10","7 day R","2021-08-08","DE","point","NA",1.35345620620478
"2021-12-10","7 day R","2021-08-08","DE","quantile","0.025",1.1018954809412
"2021-12-10","7 day R","2021-08-08","DE","quantile","0.975",1.6036423387303
"2021-12-10","7 day R","2021-08-09","DE","point","NA",1.36226752371361
"2021-12-10","7 day R","2021-08-09","DE","quantile","0.025",1.1105614236931
"2021-12-10","7 day R","2021-08-09","DE","quantile","0.975",1.61652080273946
"2021-12-10","7 day R","2021-08-10","DE","point","NA",1.37398407121026
"2021-12-10","7 day R","2021-08-10","DE","quantile","0.025",1.12047162458061
"2021-12-10","7 day R","2021-08-10","DE","quantile","0.975",1.62835699050981
"2021-12-10","7 day R","2021-08-11","DE","point","NA",1.39867618256923
"2021-12-10","7 day R","2021-08-11","DE","quantile","0.025",1.14654865491129
"2021-12-10","7 day R","2021-08-11","DE","quantile","0.975",1.653633001334
"2021-12-10","7 day R","2021-08-12","DE","point","NA",1.41535290892697
"2021-12-10","7 day R","2021-08-12","DE","quantile","0.025",1.16522977905668
"2021-12-10","7 day R","2021-08-12","DE","quantile","0.975",1.67168593235151
"2021-12-10","7 day R","2021-08-13","DE","point","NA",1.42662079207692
"2021-12-10","7 day R","2021-08-13","DE","quantile","0.025",1.17411289276814
"2021-12-10","7 day R","2021-08-13","DE","quantile","0.975",1.68121792024377
"2021-12-10","7 day R","2021-08-14","DE","point","NA",1.42713704653913
"2021-12-10","7 day R","2021-08-14","DE","quantile","0.025",1.17633587301144
"2021-12-10","7 day R","2021-08-14","DE","quantile","0.975",1.68468867502966
"2021-12-10","7 day R","2021-08-15","DE","point","NA",1.42467087968466
"2021-12-10","7 day R","2021-08-15","DE","quantile","0.025",1.17305333983672
"2021-12-10","7 day R","2021-08-15","DE","quantile","0.975",1.68002694345873
"2021-12-10","7 day R","2021-08-16","DE","point","NA",1.423948730071
"2021-12-10","7 day R","2021-08-16","DE","quantile","0.025",1.17728895226804
"2021-12-10","7 day R","2021-08-16","DE","quantile","0.975",1.67774485950151
"2021-12-10","7 day R","2021-08-17","DE","point","NA",1.42522920802419
"2021-12-10","7 day R","2021-08-17","DE","quantile","0.025",1.17473767526425
"2021-12-10","7 day R","2021-08-17","DE","quantile","0.975",1.67751137243907
"2021-12-10","7 day R","2021-08-18","DE","point","NA",1.4407007106359
"2021-12-10","7 day R","2021-08-18","DE","quantile","0.025",1.18885380735805
"2021-12-10","7 day R","2021-08-18","DE","quantile","0.975",1.69393460741883
"2021-12-10","7 day R","2021-08-19","DE","point","NA",1.44322090945488
"2021-12-10","7 day R","2021-08-19","DE","quantile","0.025",1.19090551506925
"2021-12-10","7 day R","2021-08-19","DE","quantile","0.975",1.69649416053666
"2021-12-10","7 day R","2021-08-20","DE","point","NA",1.44616600601114
"2021-12-10","7 day R","2021-08-20","DE","quantile","0.025",1.19445100342977
"2021-12-10","7 day R","2021-08-20","DE","quantile","0.975",1.7020321274192
"2021-12-10","7 day R","2021-08-21","DE","point","NA",1.43271900672499
"2021-12-10","7 day R","2021-08-21","DE","quantile","0.025",1.18223326878381
"2021-12-10","7 day R","2021-08-21","DE","quantile","0.975",1.6835100977329
"2021-12-10","7 day R","2021-08-22","DE","point","NA",1.423395565765
"2021-12-10","7 day R","2021-08-22","DE","quantile","0.025",1.17282024259455
"2021-12-10","7 day R","2021-08-22","DE","quantile","0.975",1.67588121758352
"2021-12-10","7 day R","2021-08-23","DE","point","NA",1.41363228003647
"2021-12-10","7 day R","2021-08-23","DE","quantile","0.025",1.16284171311661
"2021-12-10","7 day R","2021-08-23","DE","quantile","0.975",1.66426773299667
"2021-12-10","7 day R","2021-08-24","DE","point","NA",1.40253864345094
"2021-12-10","7 day R","2021-08-24","DE","quantile","0.025",1.15408403313708
"2021-12-10","7 day R","2021-08-24","DE","quantile","0.975",1.65528722089531
"2021-12-10","7 day R","2021-08-25","DE","point","NA",1.35671570760958
"2021-12-10","7 day R","2021-08-25","DE","quantile","0.025",1.10747378912276
"2021-12-10","7 day R","2021-08-25","DE","quantile","0.975",1.61038459045329
"2021-12-10","7 day R","2021-08-26","DE","point","NA",1.30935205084306
"2021-12-10","7 day R","2021-08-26","DE","quantile","0.025",1.05839603900526
"2021-12-10","7 day R","2021-08-26","DE","quantile","0.975",1.55884253679855
"2021-12-10","7 day R","2021-08-27","DE","point","NA",1.27270634280452
"2021-12-10","7 day R","2021-08-27","DE","quantile","0.025",1.02161720209009
"2021-12-10","7 day R","2021-08-27","DE","quantile","0.975",1.52187418139792
"2021-12-10","7 day R","2021-08-28","DE","point","NA",1.26562848355412
"2021-12-10","7 day R","2021-08-28","DE","quantile","0.025",1.01822732846538
"2021-12-10","7 day R","2021-08-28","DE","quantile","0.975",1.51392825484529
"2021-12-10","7 day R","2021-08-29","DE","point","NA",1.25925435970977
"2021-12-10","7 day R","2021-08-29","DE","quantile","0.025",1.01447104343005
"2021-12-10","7 day R","2021-08-29","DE","quantile","0.975",1.50969825925802
"2021-12-10","7 day R","2021-08-30","DE","point","NA",1.25429749595866
"2021-12-10","7 day R","2021-08-30","DE","quantile","0.025",1.00806653620983
"2021-12-10","7 day R","2021-08-30","DE","quantile","0.975",1.50399131518357
"2021-12-10","7 day R","2021-08-31","DE","point","NA",1.24412712681067
"2021-12-10","7 day R","2021-08-31","DE","quantile","0.025",0.9999076260547
"2021-12-10","7 day R","2021-08-31","DE","quantile","0.975",1.49469786074525
"2021-12-10","7 day R","2021-09-01","DE","point","NA",1.21033982798124
"2021-12-10","7 day R","2021-09-01","DE","quantile","0.025",0.959943355235112
"2021-12-10","7 day R","2021-09-01","DE","quantile","0.975",1.46130380381814
"2021-12-10","7 day R","2021-09-02","DE","point","NA",1.17334673466598
"2021-12-10","7 day R","2021-09-02","DE","quantile","0.025",0.922321221117396
"2021-12-10","7 day R","2021-09-02","DE","quantile","0.975",1.42244264100863
"2021-12-10","7 day R","2021-09-03","DE","point","NA",1.14664363316249
"2021-12-10","7 day R","2021-09-03","DE","quantile","0.025",0.893007458714925
"2021-12-10","7 day R","2021-09-03","DE","quantile","0.975",1.39691614011675
"2021-12-10","7 day R","2021-09-04","DE","point","NA",1.14103096542688
"2021-12-10","7 day R","2021-09-04","DE","quantile","0.025",0.885383662166767
"2021-12-10","7 day R","2021-09-04","DE","quantile","0.975",1.39334051010963
"2021-12-10","7 day R","2021-09-05","DE","point","NA",1.13537642264256
"2021-12-10","7 day R","2021-09-05","DE","quantile","0.025",0.881884108566443
"2021-12-10","7 day R","2021-09-05","DE","quantile","0.975",1.386310945
"2021-12-10","7 day R","2021-09-06","DE","point","NA",1.12533928766043
"2021-12-10","7 day R","2021-09-06","DE","quantile","0.025",0.874484141334311
"2021-12-10","7 day R","2021-09-06","DE","quantile","0.975",1.37584930498702
"2021-12-10","7 day R","2021-09-07","DE","point","NA",1.11200799494996
"2021-12-10","7 day R","2021-09-07","DE","quantile","0.025",0.859590734925726
"2021-12-10","7 day R","2021-09-07","DE","quantile","0.975",1.36365071351427
"2021-12-10","7 day R","2021-09-08","DE","point","NA",1.08147473809643
"2021-12-10","7 day R","2021-09-08","DE","quantile","0.025",0.827726939012531
"2021-12-10","7 day R","2021-09-08","DE","quantile","0.975",1.33563553670418
"2021-12-10","7 day R","2021-09-09","DE","point","NA",1.07886395923823
"2021-12-10","7 day R","2021-09-09","DE","quantile","0.025",0.831216358635588
"2021-12-10","7 day R","2021-09-09","DE","quantile","0.975",1.33220178237293
"2021-12-10","7 day R","2021-09-10","DE","point","NA",1.04558667710847
"2021-12-10","7 day R","2021-09-10","DE","quantile","0.025",0.793958700450992
"2021-12-10","7 day R","2021-09-10","DE","quantile","0.975",1.29530881882738
"2021-12-10","7 day R","2021-09-11","DE","point","NA",1.02967515733259
"2021-12-10","7 day R","2021-09-11","DE","quantile","0.025",0.779914450824855
"2021-12-10","7 day R","2021-09-11","DE","quantile","0.975",1.27994720302798
"2021-12-10","7 day R","2021-09-12","DE","point","NA",1.0141004012149
"2021-12-10","7 day R","2021-09-12","DE","quantile","0.025",0.758533948073897
"2021-12-10","7 day R","2021-09-12","DE","quantile","0.975",1.26159845456845
"2021-12-10","7 day R","2021-09-13","DE","point","NA",0.996573604580887
"2021-12-10","7 day R","2021-09-13","DE","quantile","0.025",0.737461855903929
"2021-12-10","7 day R","2021-09-13","DE","quantile","0.975",1.24774914864851
"2021-12-10","7 day R","2021-09-14","DE","point","NA",0.976775652825125
"2021-12-10","7 day R","2021-09-14","DE","quantile","0.025",0.720261534640702
"2021-12-10","7 day R","2021-09-14","DE","quantile","0.975",1.22780996436139
"2021-12-10","7 day R","2021-09-15","DE","point","NA",0.973450391271225
"2021-12-10","7 day R","2021-09-15","DE","quantile","0.025",0.719898504223354
"2021-12-10","7 day R","2021-09-15","DE","quantile","0.975",1.22342581681107
"2021-12-10","7 day R","2021-09-16","DE","point","NA",0.966483485315998
"2021-12-10","7 day R","2021-09-16","DE","quantile","0.025",0.71344542489926
"2021-12-10","7 day R","2021-09-16","DE","quantile","0.975",1.22042009835493
"2021-12-10","7 day R","2021-09-17","DE","point","NA",0.966590804531996
"2021-12-10","7 day R","2021-09-17","DE","quantile","0.025",0.713464649614157
"2021-12-10","7 day R","2021-09-17","DE","quantile","0.975",1.22043422575242
"2021-12-10","7 day R","2021-09-18","DE","point","NA",0.957817900508047
"2021-12-10","7 day R","2021-09-18","DE","quantile","0.025",0.703978195766559
"2021-12-10","7 day R","2021-09-18","DE","quantile","0.975",1.2086010139591
"2021-12-10","7 day R","2021-09-19","DE","point","NA",0.949700911527322
"2021-12-10","7 day R","2021-09-19","DE","quantile","0.025",0.693567435309265
"2021-12-10","7 day R","2021-09-19","DE","quantile","0.975",1.20121121758006
"2021-12-10","7 day R","2021-09-20","DE","point","NA",0.939897614227692
"2021-12-10","7 day R","2021-09-20","DE","quantile","0.025",0.684625270831119
"2021-12-10","7 day R","2021-09-20","DE","quantile","0.975",1.19304842172194
"2021-12-10","7 day R","2021-09-21","DE","point","NA",0.928788103318314
"2021-12-10","7 day R","2021-09-21","DE","quantile","0.025",0.675783524368023
"2021-12-10","7 day R","2021-09-21","DE","quantile","0.975",1.18038727633626
"2021-12-10","7 day R","2021-09-22","DE","point","NA",0.934035069926535
"2021-12-10","7 day R","2021-09-22","DE","quantile","0.025",0.681727784318451
"2021-12-10","7 day R","2021-09-22","DE","quantile","0.975",1.1858373362549
"2021-12-10","7 day R","2021-09-23","DE","point","NA",0.940948419893683
"2021-12-10","7 day R","2021-09-23","DE","quantile","0.025",0.688023141214182
"2021-12-10","7 day R","2021-09-23","DE","quantile","0.975",1.19390505272408
"2021-12-10","7 day R","2021-09-24","DE","point","NA",0.952808763935977
"2021-12-10","7 day R","2021-09-24","DE","quantile","0.025",0.700020082016206
"2021-12-10","7 day R","2021-09-24","DE","quantile","0.975",1.20647924869863
"2021-12-10","7 day R","2021-09-25","DE","point","NA",0.959138825020039
"2021-12-10","7 day R","2021-09-25","DE","quantile","0.025",0.702824794475455
"2021-12-10","7 day R","2021-09-25","DE","quantile","0.975",1.20959944082154
"2021-12-10","7 day R","2021-09-26","DE","point","NA",0.964321835714286
"2021-12-10","7 day R","2021-09-26","DE","quantile","0.025",0.708571349813167
"2021-12-10","7 day R","2021-09-26","DE","quantile","0.975",1.21377615753706
"2021-12-10","7 day R","2021-09-27","DE","point","NA",0.967833730838257
"2021-12-10","7 day R","2021-09-27","DE","quantile","0.025",0.713351333523652
"2021-12-10","7 day R","2021-09-27","DE","quantile","0.975",1.22036546373136
"2021-12-10","7 day R","2021-09-28","DE","point","NA",0.971280238496107
"2021-12-10","7 day R","2021-09-28","DE","quantile","0.025",0.714905418886974
"2021-12-10","7 day R","2021-09-28","DE","quantile","0.975",1.22487493012563
"2021-12-10","7 day R","2021-09-29","DE","point","NA",0.986351513695044
"2021-12-10","7 day R","2021-09-29","DE","quantile","0.025",0.733094761339756
"2021-12-10","7 day R","2021-09-29","DE","quantile","0.975",1.23982826913671
"2021-12-10","7 day R","2021-09-30","DE","point","NA",0.995812103975704
"2021-12-10","7 day R","2021-09-30","DE","quantile","0.025",0.742979703363149
"2021-12-10","7 day R","2021-09-30","DE","quantile","0.975",1.24803637785726
"2021-12-10","7 day R","2021-10-01","DE","point","NA",1.00462443301025
"2021-12-10","7 day R","2021-10-01","DE","quantile","0.025",0.748882073267468
"2021-12-10","7 day R","2021-10-01","DE","quantile","0.975",1.2532478432788
"2021-12-10","7 day R","2021-10-02","DE","point","NA",1.00970985658152
"2021-12-10","7 day R","2021-10-02","DE","quantile","0.025",0.753884828961529
"2021-12-10","7 day R","2021-10-02","DE","quantile","0.975",1.26258532559066
"2021-12-10","7 day R","2021-10-03","DE","point","NA",1.01135680488267
"2021-12-10","7 day R","2021-10-03","DE","quantile","0.025",0.759874972670691
"2021-12-10","7 day R","2021-10-03","DE","quantile","0.975",1.26242656032971
"2021-12-10","7 day R","2021-10-04","DE","point","NA",1.01358576949955
"2021-12-10","7 day R","2021-10-04","DE","quantile","0.025",0.764932446230911
"2021-12-10","7 day R","2021-10-04","DE","quantile","0.975",1.26504960351761
"2021-12-10","7 day R","2021-10-05","DE","point","NA",1.01862003737475
"2021-12-10","7 day R","2021-10-05","DE","quantile","0.025",0.767085506803017
"2021-12-10","7 day R","2021-10-05","DE","quantile","0.975",1.26930904875629
"2021-12-10","7 day R","2021-10-06","DE","point","NA",1.03641572538895
"2021-12-10","7 day R","2021-10-06","DE","quantile","0.025",0.783760783748664
"2021-12-10","7 day R","2021-10-06","DE","quantile","0.975",1.28750720803771
"2021-12-10","7 day R","2021-10-07","DE","point","NA",1.05393389128652
"2021-12-10","7 day R","2021-10-07","DE","quantile","0.025",0.805737054479879
"2021-12-10","7 day R","2021-10-07","DE","quantile","0.975",1.30197371322937
"2021-12-10","7 day R","2021-10-08","DE","point","NA",1.06750344495907
"2021-12-10","7 day R","2021-10-08","DE","quantile","0.025",0.819234902129178
"2021-12-10","7 day R","2021-10-08","DE","quantile","0.975",1.31647581983079
"2021-12-10","7 day R","2021-10-09","DE","point","NA",1.07962044656127
"2021-12-10","7 day R","2021-10-09","DE","quantile","0.025",0.831107724088034
"2021-12-10","7 day R","2021-10-09","DE","quantile","0.975",1.32888415128515
"2021-12-10","7 day R","2021-10-10","DE","point","NA",1.08872980698999
"2021-12-10","7 day R","2021-10-10","DE","quantile","0.025",0.838222596232477
"2021-12-10","7 day R","2021-10-10","DE","quantile","0.975",1.34074523048841
"2021-12-10","7 day R","2021-10-11","DE","point","NA",1.09540068156107
"2021-12-10","7 day R","2021-10-11","DE","quantile","0.025",0.843292292819013
"2021-12-10","7 day R","2021-10-11","DE","quantile","0.975",1.34759516798888
"2021-12-10","7 day R","2021-10-12","DE","point","NA",1.10401689531644
"2021-12-10","7 day R","2021-10-12","DE","quantile","0.025",0.850482602992562
"2021-12-10","7 day R","2021-10-12","DE","quantile","0.975",1.35497013858051
"2021-12-10","7 day R","2021-10-13","DE","point","NA",1.1331211843787
"2021-12-10","7 day R","2021-10-13","DE","quantile","0.025",0.881895208970128
"2021-12-10","7 day R","2021-10-13","DE","quantile","0.975",1.38604886863455
"2021-12-10","7 day R","2021-10-14","DE","point","NA",1.16395127191892
"2021-12-10","7 day R","2021-10-14","DE","quantile","0.025",0.910766153740704
"2021-12-10","7 day R","2021-10-14","DE","quantile","0.975",1.41318442241222
"2021-12-10","7 day R","2021-10-15","DE","point","NA",1.19446378758801
"2021-12-10","7 day R","2021-10-15","DE","quantile","0.025",0.93991842256335
"2021-12-10","7 day R","2021-10-15","DE","quantile","0.975",1.44461575191725
"2021-12-10","7 day R","2021-10-16","DE","point","NA",1.22407732693872
"2021-12-10","7 day R","2021-10-16","DE","quantile","0.025",0.970714086363678
"2021-12-10","7 day R","2021-10-16","DE","quantile","0.975",1.47959559302977
"2021-12-10","7 day R","2021-10-17","DE","point","NA",1.24865028258777
"2021-12-10","7 day R","2021-10-17","DE","quantile","0.025",0.995344519449958
"2021-12-10","7 day R","2021-10-17","DE","quantile","0.975",1.50009533786233
"2021-12-10","7 day R","2021-10-18","DE","point","NA",1.27528813176133
"2021-12-10","7 day R","2021-10-18","DE","quantile","0.025",1.0226067263484
"2021-12-10","7 day R","2021-10-18","DE","quantile","0.975",1.52688321197782
"2021-12-10","7 day R","2021-10-19","DE","point","NA",1.30498109049934
"2021-12-10","7 day R","2021-10-19","DE","quantile","0.025",1.05265244590845
"2021-12-10","7 day R","2021-10-19","DE","quantile","0.975",1.5572564331645
"2021-12-10","7 day R","2021-10-20","DE","point","NA",1.30613751540899
"2021-12-10","7 day R","2021-10-20","DE","quantile","0.025",1.05290504579831
"2021-12-10","7 day R","2021-10-20","DE","quantile","0.975",1.56163034792883
"2021-12-10","7 day R","2021-10-21","DE","point","NA",1.30653055767684
"2021-12-10","7 day R","2021-10-21","DE","quantile","0.025",1.05051133539716
"2021-12-10","7 day R","2021-10-21","DE","quantile","0.975",1.55980469949866
"2021-12-10","7 day R","2021-10-22","DE","point","NA",1.30385484365024
"2021-12-10","7 day R","2021-10-22","DE","quantile","0.025",1.04803784121971
"2021-12-10","7 day R","2021-10-22","DE","quantile","0.975",1.55694276344124
"2021-12-10","7 day R","2021-10-23","DE","point","NA",1.31261470389915
"2021-12-10","7 day R","2021-10-23","DE","quantile","0.025",1.05837870875498
"2021-12-10","7 day R","2021-10-23","DE","quantile","0.975",1.56675848381582
"2021-12-10","7 day R","2021-10-24","DE","point","NA",1.34113467958369
"2021-12-10","7 day R","2021-10-24","DE","quantile","0.025",1.08759445818932
"2021-12-10","7 day R","2021-10-24","DE","quantile","0.975",1.59559737316767
"2021-12-10","7 day R","2021-10-25","DE","point","NA",1.37081856999193
"2021-12-10","7 day R","2021-10-25","DE","quantile","0.025",1.11734410023309
"2021-12-10","7 day R","2021-10-25","DE","quantile","0.975",1.62642654083948
"2021-12-10","7 day R","2021-10-26","DE","point","NA",1.40245268197989
"2021-12-10","7 day R","2021-10-26","DE","quantile","0.025",1.14666195207405
"2021-12-10","7 day R","2021-10-26","DE","quantile","0.975",1.65869497583072
"2021-12-10","7 day R","2021-10-27","DE","point","NA",1.40505319729206
"2021-12-10","7 day R","2021-10-27","DE","quantile","0.025",1.1473836646327
"2021-12-10","7 day R","2021-10-27","DE","quantile","0.975",1.66563639055695
"2021-12-10","7 day R","2021-10-28","DE","point","NA",1.40019393089376
"2021-12-10","7 day R","2021-10-28","DE","quantile","0.025",1.1401080726172
"2021-12-10","7 day R","2021-10-28","DE","quantile","0.975",1.66097259821521
"2021-12-10","7 day R","2021-10-29","DE","point","NA",1.43143140347294
"2021-12-10","7 day R","2021-10-29","DE","quantile","0.025",1.16540725040772
"2021-12-10","7 day R","2021-10-29","DE","quantile","0.975",1.69794089064066
"2021-12-10","7 day R","2021-10-30","DE","point","NA",1.43196779999275
"2021-12-10","7 day R","2021-10-30","DE","quantile","0.025",1.16284365988879
"2021-12-10","7 day R","2021-10-30","DE","quantile","0.975",1.70360128929836
"2021-12-10","7 day R","2021-10-31","DE","point","NA",1.4341796930535
"2021-12-10","7 day R","2021-10-31","DE","quantile","0.025",1.15730063111377
"2021-12-10","7 day R","2021-10-31","DE","quantile","0.975",1.71282557613712
"2021-12-10","7 day R","2021-11-01","DE","point","NA",1.43565716454653
"2021-12-10","7 day R","2021-11-01","DE","quantile","0.025",1.16062738053256
"2021-12-10","7 day R","2021-11-01","DE","quantile","0.975",1.7128258381011
"2021-12-10","7 day R","2021-11-02","DE","point","NA",1.43744704221879
"2021-12-10","7 day R","2021-11-02","DE","quantile","0.025",1.16808429994553
"2021-12-10","7 day R","2021-11-02","DE","quantile","0.975",1.70904835327231
"2021-12-10","7 day R","2021-11-03","DE","point","NA",1.43800291347129
"2021-12-10","7 day R","2021-11-03","DE","quantile","0.025",1.17762368203612
"2021-12-10","7 day R","2021-11-03","DE","quantile","0.975",1.70150841248743
"2021-12-10","7 day R","2021-11-04","DE","point","NA",1.43506929163794
"2021-12-10","7 day R","2021-11-04","DE","quantile","0.025",1.17508508676721
"2021-12-10","7 day R","2021-11-04","DE","quantile","0.975",1.6992760252844
"2021-12-10","7 day R","2021-11-05","DE","point","NA",1.41699307428356
"2021-12-10","7 day R","2021-11-05","DE","quantile","0.025",1.1606252267334
"2021-12-10","7 day R","2021-11-05","DE","quantile","0.975",1.67546741642821
"2021-12-10","7 day R","2021-11-06","DE","point","NA",1.40318415090872
"2021-12-10","7 day R","2021-11-06","DE","quantile","0.025",1.14740457145959
"2021-12-10","7 day R","2021-11-06","DE","quantile","0.975",1.65855402384992
"2021-12-10","7 day R","2021-11-07","DE","point","NA",1.38949165313227
"2021-12-10","7 day R","2021-11-07","DE","quantile","0.025",1.13727346546707
"2021-12-10","7 day R","2021-11-07","DE","quantile","0.975",1.64233855227513
"2021-12-10","7 day R","2021-11-08","DE","point","NA",1.38444250281866
"2021-12-10","7 day R","2021-11-08","DE","quantile","0.025",1.13276576113638
"2021-12-10","7 day R","2021-11-08","DE","quantile","0.975",1.63767012679338
"2021-12-10","7 day R","2021-11-09","DE","point","NA",1.3789461092909
"2021-12-10","7 day R","2021-11-09","DE","quantile","0.025",1.12979425817257
"2021-12-10","7 day R","2021-11-09","DE","quantile","0.975",1.6306168245151
"2021-12-10","7 day R","2021-11-10","DE","point","NA",1.37730330711864
"2021-12-10","7 day R","2021-11-10","DE","quantile","0.025",1.12654407979568
"2021-12-10","7 day R","2021-11-10","DE","quantile","0.975",1.62876253425938
"2021-12-10","7 day R","2021-11-11","DE","point","NA",1.36913215585666
"2021-12-10","7 day R","2021-11-11","DE","quantile","0.025",1.12124122318816
"2021-12-10","7 day R","2021-11-11","DE","quantile","0.975",1.61802033439692
"2021-12-10","7 day R","2021-11-12","DE","point","NA",1.35403553776502
"2021-12-10","7 day R","2021-11-12","DE","quantile","0.025",1.10757411653512
"2021-12-10","7 day R","2021-11-12","DE","quantile","0.975",1.60274488020693
"2021-12-10","7 day R","2021-11-13","DE","point","NA",1.34180125976392
"2021-12-10","7 day R","2021-11-13","DE","quantile","0.025",1.09881526252576
"2021-12-10","7 day R","2021-11-13","DE","quantile","0.975",1.59209358423867
"2021-12-10","7 day R","2021-11-14","DE","point","NA",1.32711988766826
"2021-12-10","7 day R","2021-11-14","DE","quantile","0.025",1.07471132038244
"2021-12-10","7 day R","2021-11-14","DE","quantile","0.975",1.57973321895544
"2021-12-10","7 day R","2021-11-15","DE","point","NA",1.31805867546753
"2021-12-10","7 day R","2021-11-15","DE","quantile","0.025",1.06451112332881
"2021-12-10","7 day R","2021-11-15","DE","quantile","0.975",1.56738812218512
"2021-12-10","7 day R","2021-11-16","DE","point","NA",1.30506226508352
"2021-12-10","7 day R","2021-11-16","DE","quantile","0.025",1.05459744760965
"2021-12-10","7 day R","2021-11-16","DE","quantile","0.975",1.55534164875467
"2021-12-10","7 day R","2021-11-17","DE","point","NA",1.29888287579676
"2021-12-10","7 day R","2021-11-17","DE","quantile","0.025",1.05164933663388
"2021-12-10","7 day R","2021-11-17","DE","quantile","0.975",1.55008076292537
"2021-12-10","7 day R","2021-11-18","DE","point","NA",1.28494765072864
"2021-12-10","7 day R","2021-11-18","DE","quantile","0.025",1.03492086949734
"2021-12-10","7 day R","2021-11-18","DE","quantile","0.975",1.53830996524675
"2021-12-10","7 day R","2021-11-19","DE","point","NA",1.27174764972601
"2021-12-10","7 day R","2021-11-19","DE","quantile","0.025",1.02158450917071
"2021-12-10","7 day R","2021-11-19","DE","quantile","0.975",1.52426531672312
"2021-12-10","7 day R","2021-11-20","DE","point","NA",1.25994702209566
"2021-12-10","7 day R","2021-11-20","DE","quantile","0.025",1.00952931619066
"2021-12-10","7 day R","2021-11-20","DE","quantile","0.975",1.51234515091305
"2021-12-10","7 day R","2021-11-21","DE","point","NA",1.24614491556566
"2021-12-10","7 day R","2021-11-21","DE","quantile","0.025",0.994572650725849
"2021-12-10","7 day R","2021-11-21","DE","quantile","0.975",1.49769503679489
"2021-12-10","7 day R","2021-11-22","DE","point","NA",1.23073720668754
"2021-12-10","7 day R","2021-11-22","DE","quantile","0.025",0.983335046306722
"2021-12-10","7 day R","2021-11-22","DE","quantile","0.975",1.48001365429768
"2021-12-10","7 day R","2021-11-23","DE","point","NA",1.20991042183048
"2021-12-10","7 day R","2021-11-23","DE","quantile","0.025",0.959148812094008
"2021-12-10","7 day R","2021-11-23","DE","quantile","0.975",1.46151091130804
"2021-12-10","7 day R","2021-11-24","DE","point","NA",1.19348969646491
"2021-12-10","7 day R","2021-11-24","DE","quantile","0.025",0.94111811516359
"2021-12-10","7 day R","2021-11-24","DE","quantile","0.975",1.44503980896423
"2021-12-10","7 day R","2021-11-25","DE","point","NA",1.17312657925629
"2021-12-10","7 day R","2021-11-25","DE","quantile","0.025",0.921874173966817
"2021-12-10","7 day R","2021-11-25","DE","quantile","0.975",1.42391314296137
"2021-12-10","7 day R","2021-11-26","DE","point","NA",1.15161291172556
"2021-12-10","7 day R","2021-11-26","DE","quantile","0.025",0.897563192675473
"2021-12-10","7 day R","2021-11-26","DE","quantile","0.975",1.4040286850302
"2021-12-10","7 day R","2021-11-27","DE","point","NA",1.13176396249459
"2021-12-10","7 day R","2021-11-27","DE","quantile","0.025",0.879103086095466
"2021-12-10","7 day R","2021-11-27","DE","quantile","0.975",1.38508173957682
"2021-12-10","7 day R","2021-11-28","DE","point","NA",1.11268479299606
"2021-12-10","7 day R","2021-11-28","DE","quantile","0.025",0.857743795932034
"2021-12-10","7 day R","2021-11-28","DE","quantile","0.975",1.37025842599629
"2021-12-10","7 day R","2021-11-29","DE","point","NA",1.09473321142409
"2021-12-10","7 day R","2021-11-29","DE","quantile","0.025",0.8396482580495
"2021-12-10","7 day R","2021-11-29","DE","quantile","0.975",1.34949685735188
"2021-12-10","7 day R","2021-11-30","DE","point","NA",1.06869634921718
"2021-12-10","7 day R","2021-11-30","DE","quantile","0.025",0.812426498787625
"2021-12-10","7 day R","2021-11-30","DE","quantile","0.975",1.32415736477745
"2021-12-10","7 day R","2021-12-01","DE","point","NA",1.0531764407706
"2021-12-10","7 day R","2021-12-01","DE","quantile","0.025",0.794517363967077
"2021-12-10","7 day R","2021-12-01","DE","quantile","0.975",1.31236541389868
"2021-12-10","7 day R","2021-12-02","DE","point","NA",1.0352589725837
"2021-12-10","7 day R","2021-12-02","DE","quantile","0.025",0.771900589186215
"2021-12-10","7 day R","2021-12-02","DE","quantile","0.975",1.3000239062814
"2021-12-10","7 day R","2021-12-03","DE","point","NA",1.01809434199414
"2021-12-10","7 day R","2021-12-03","DE","quantile","0.025",0.749400094947579
"2021-12-10","7 day R","2021-12-03","DE","quantile","0.975",1.28666431847531
"2021-12-10","7 day R","2021-12-04","DE","point","NA",1.00160747836164
"2021-12-10","7 day R","2021-12-04","DE","quantile","0.025",0.725428194831742
"2021-12-10","7 day R","2021-12-04","DE","quantile","0.975",1.27223919302915
"2021-12-10","7 day R","2021-12-05","DE","point","NA",0.983367251287067
"2021-12-10","7 day R","2021-12-05","DE","quantile","0.025",0.699087326762184
"2021-12-10","7 day R","2021-12-05","DE","quantile","0.975",1.26415038903992
"2021-12-10","7 day R","2021-12-06","DE","point","NA",0.962703916565933
"2021-12-10","7 day R","2021-12-06","DE","quantile","0.025",0.663382122551588
"2021-12-10","7 day R","2021-12-06","DE","quantile","0.975",1.25846676917181
"2021-12-10","7 day R","2021-12-07","DE","point","NA",0.951084843519481
"2021-12-10","7 day R","2021-12-07","DE","quantile","0.025",0.633378277689861
"2021-12-10","7 day R","2021-12-07","DE","quantile","0.975",1.26787446462738
"2021-12-10","7 day R","2021-12-08","DE","point","NA",0.926960485141335
"2021-12-10","7 day R","2021-12-08","DE","quantile","0.025",0.578855152806725
"2021-12-10","7 day R","2021-12-08","DE","quantile","0.975",1.2734768568052
"2021-12-10","7 day R","2020-03-09","AT","point","NA",2.85525088063103
"2021-12-10","7 day R","2020-03-09","AT","quantile","0.025",2.57458874042673
"2021-12-10","7 day R","2020-03-09","AT","quantile","0.975",3.13170661738833
"2021-12-10","7 day R","2020-03-10","AT","point","NA",2.91747366904002
"2021-12-10","7 day R","2020-03-10","AT","quantile","0.025",2.67508738695632
"2021-12-10","7 day R","2020-03-10","AT","quantile","0.975",3.1612107666685
"2021-12-10","7 day R","2020-03-11","AT","point","NA",2.9913036250175
"2021-12-10","7 day R","2020-03-11","AT","quantile","0.025",2.76480372786504
"2021-12-10","7 day R","2020-03-11","AT","quantile","0.975",3.21719645981627
"2021-12-10","7 day R","2020-03-12","AT","point","NA",3.04621959175814
"2021-12-10","7 day R","2020-03-12","AT","quantile","0.025",2.82489009075482
"2021-12-10","7 day R","2020-03-12","AT","quantile","0.975",3.26674501271108
"2021-12-10","7 day R","2020-03-13","AT","point","NA",3.17399498886379
"2021-12-10","7 day R","2020-03-13","AT","quantile","0.025",2.94420299496613
"2021-12-10","7 day R","2020-03-13","AT","quantile","0.975",3.40966476540138
"2021-12-10","7 day R","2020-03-14","AT","point","NA",3.03908523364166
"2021-12-10","7 day R","2020-03-14","AT","quantile","0.025",2.82184456070352
"2021-12-10","7 day R","2020-03-14","AT","quantile","0.975",3.25806177855663
"2021-12-10","7 day R","2020-03-15","AT","point","NA",2.88177811766924
"2021-12-10","7 day R","2020-03-15","AT","quantile","0.025",2.67413974873455
"2021-12-10","7 day R","2020-03-15","AT","quantile","0.975",3.09401224636793
"2021-12-10","7 day R","2020-03-16","AT","point","NA",2.74369129132546
"2021-12-10","7 day R","2020-03-16","AT","quantile","0.025",2.53568337873682
"2021-12-10","7 day R","2020-03-16","AT","quantile","0.975",2.94864076482623
"2021-12-10","7 day R","2020-03-17","AT","point","NA",2.67076497850228
"2021-12-10","7 day R","2020-03-17","AT","quantile","0.025",2.46765540538585
"2021-12-10","7 day R","2020-03-17","AT","quantile","0.975",2.8762186624137
"2021-12-10","7 day R","2020-03-18","AT","point","NA",2.56255777593814
"2021-12-10","7 day R","2020-03-18","AT","quantile","0.025",2.35657719464237
"2021-12-10","7 day R","2020-03-18","AT","quantile","0.975",2.76743693941192
"2021-12-10","7 day R","2020-03-19","AT","point","NA",2.43452592170343
"2021-12-10","7 day R","2020-03-19","AT","quantile","0.025",2.22752012601263
"2021-12-10","7 day R","2020-03-19","AT","quantile","0.975",2.64097084021978
"2021-12-10","7 day R","2020-03-20","AT","point","NA",2.31101665823502
"2021-12-10","7 day R","2020-03-20","AT","quantile","0.025",2.10311611690036
"2021-12-10","7 day R","2020-03-20","AT","quantile","0.975",2.51624134618752
"2021-12-10","7 day R","2020-03-21","AT","point","NA",2.31110819827998
"2021-12-10","7 day R","2020-03-21","AT","quantile","0.025",2.10647403421159
"2021-12-10","7 day R","2020-03-21","AT","quantile","0.975",2.51662125494958
"2021-12-10","7 day R","2020-03-22","AT","point","NA",2.30993881910151
"2021-12-10","7 day R","2020-03-22","AT","quantile","0.025",2.09995784397062
"2021-12-10","7 day R","2020-03-22","AT","quantile","0.975",2.52378422909063
"2021-12-10","7 day R","2020-03-23","AT","point","NA",2.21618174615716
"2021-12-10","7 day R","2020-03-23","AT","quantile","0.025",2.00646005494871
"2021-12-10","7 day R","2020-03-23","AT","quantile","0.975",2.42863409323928
"2021-12-10","7 day R","2020-03-24","AT","point","NA",2.01685494694375
"2021-12-10","7 day R","2020-03-24","AT","quantile","0.025",1.81168818236921
"2021-12-10","7 day R","2020-03-24","AT","quantile","0.975",2.22234950464491
"2021-12-10","7 day R","2020-03-25","AT","point","NA",1.83234689107649
"2021-12-10","7 day R","2020-03-25","AT","quantile","0.025",1.62408842339354
"2021-12-10","7 day R","2020-03-25","AT","quantile","0.975",2.03739843037485
"2021-12-10","7 day R","2020-03-26","AT","point","NA",1.74596254646792
"2021-12-10","7 day R","2020-03-26","AT","quantile","0.025",1.53750650915382
"2021-12-10","7 day R","2020-03-26","AT","quantile","0.975",1.95215319013028
"2021-12-10","7 day R","2020-03-27","AT","point","NA",1.52839540920357
"2021-12-10","7 day R","2020-03-27","AT","quantile","0.025",1.32038368412926
"2021-12-10","7 day R","2020-03-27","AT","quantile","0.975",1.73491992721142
"2021-12-10","7 day R","2020-03-28","AT","point","NA",1.38088957435365
"2021-12-10","7 day R","2020-03-28","AT","quantile","0.025",1.17172141017143
"2021-12-10","7 day R","2020-03-28","AT","quantile","0.975",1.59053210883633
"2021-12-10","7 day R","2020-03-29","AT","point","NA",1.2552267401367
"2021-12-10","7 day R","2020-03-29","AT","quantile","0.025",1.04727402135912
"2021-12-10","7 day R","2020-03-29","AT","quantile","0.975",1.4621315916111
"2021-12-10","7 day R","2020-03-30","AT","point","NA",1.17851125266078
"2021-12-10","7 day R","2020-03-30","AT","quantile","0.025",0.969843423455342
"2021-12-10","7 day R","2020-03-30","AT","quantile","0.975",1.38448195419725
"2021-12-10","7 day R","2020-03-31","AT","point","NA",1.055857973114
"2021-12-10","7 day R","2020-03-31","AT","quantile","0.025",0.849488837430115
"2021-12-10","7 day R","2020-03-31","AT","quantile","0.975",1.26217101601673
"2021-12-10","7 day R","2020-04-01","AT","point","NA",0.953897768187637
"2021-12-10","7 day R","2020-04-01","AT","quantile","0.025",0.74569404766736
"2021-12-10","7 day R","2020-04-01","AT","quantile","0.975",1.15915527568755
"2021-12-10","7 day R","2020-04-02","AT","point","NA",0.831758288150138
"2021-12-10","7 day R","2020-04-02","AT","quantile","0.025",0.620146965490712
"2021-12-10","7 day R","2020-04-02","AT","quantile","0.975",1.03921495850218
"2021-12-10","7 day R","2020-04-03","AT","point","NA",0.750082937310184
"2021-12-10","7 day R","2020-04-03","AT","quantile","0.025",0.538972978202431
"2021-12-10","7 day R","2020-04-03","AT","quantile","0.975",0.957774365973493
"2021-12-10","7 day R","2020-04-04","AT","point","NA",0.709361983513216
"2021-12-10","7 day R","2020-04-04","AT","quantile","0.025",0.49984075917707
"2021-12-10","7 day R","2020-04-04","AT","quantile","0.975",0.914362680837432
"2021-12-10","7 day R","2020-04-05","AT","point","NA",0.690044570766648
"2021-12-10","7 day R","2020-04-05","AT","quantile","0.025",0.482454667609806
"2021-12-10","7 day R","2020-04-05","AT","quantile","0.975",0.894691811976211
"2021-12-10","7 day R","2020-04-06","AT","point","NA",0.685451621851841
"2021-12-10","7 day R","2020-04-06","AT","quantile","0.025",0.477426986451967
"2021-12-10","7 day R","2020-04-06","AT","quantile","0.975",0.889290083984292
"2021-12-10","7 day R","2020-04-07","AT","point","NA",0.684885078614002
"2021-12-10","7 day R","2020-04-07","AT","quantile","0.025",0.476382140410759
"2021-12-10","7 day R","2020-04-07","AT","quantile","0.975",0.892867656519216
"2021-12-10","7 day R","2020-04-08","AT","point","NA",0.677051904779641
"2021-12-10","7 day R","2020-04-08","AT","quantile","0.025",0.472469375931953
"2021-12-10","7 day R","2020-04-08","AT","quantile","0.975",0.882991119979625
"2021-12-10","7 day R","2020-04-09","AT","point","NA",0.642184810684743
"2021-12-10","7 day R","2020-04-09","AT","quantile","0.025",0.436779462125609
"2021-12-10","7 day R","2020-04-09","AT","quantile","0.975",0.849500082467999
"2021-12-10","7 day R","2020-04-10","AT","point","NA",0.61245843461104
"2021-12-10","7 day R","2020-04-10","AT","quantile","0.025",0.407622644269619
"2021-12-10","7 day R","2020-04-10","AT","quantile","0.975",0.818164434077489
"2021-12-10","7 day R","2020-04-11","AT","point","NA",0.585584679451378
"2021-12-10","7 day R","2020-04-11","AT","quantile","0.025",0.382269961713593
"2021-12-10","7 day R","2020-04-11","AT","quantile","0.975",0.791550776178271
"2021-12-10","7 day R","2020-04-12","AT","point","NA",0.547681077366676
"2021-12-10","7 day R","2020-04-12","AT","quantile","0.025",0.345917837866262
"2021-12-10","7 day R","2020-04-12","AT","quantile","0.975",0.75225563027314
"2021-12-10","7 day R","2020-04-13","AT","point","NA",0.524574004913257
"2021-12-10","7 day R","2020-04-13","AT","quantile","0.025",0.320353718915207
"2021-12-10","7 day R","2020-04-13","AT","quantile","0.975",0.730676735372031
"2021-12-10","7 day R","2020-04-14","AT","point","NA",0.511023035491528
"2021-12-10","7 day R","2020-04-14","AT","quantile","0.025",0.303103355540894
"2021-12-10","7 day R","2020-04-14","AT","quantile","0.975",0.719124645158184
"2021-12-10","7 day R","2020-04-15","AT","point","NA",0.490516836001602
"2021-12-10","7 day R","2020-04-15","AT","quantile","0.025",0.284661566404389
"2021-12-10","7 day R","2020-04-15","AT","quantile","0.975",0.698961798494595
"2021-12-10","7 day R","2020-04-16","AT","point","NA",0.462128620640251
"2021-12-10","7 day R","2020-04-16","AT","quantile","0.025",0.256040097699834
"2021-12-10","7 day R","2020-04-16","AT","quantile","0.975",0.670640982491852
"2021-12-10","7 day R","2020-04-17","AT","point","NA",0.440672661471953
"2021-12-10","7 day R","2020-04-17","AT","quantile","0.025",0.231827217766709
"2021-12-10","7 day R","2020-04-17","AT","quantile","0.975",0.651582019682341
"2021-12-10","7 day R","2020-04-18","AT","point","NA",0.432825373664025
"2021-12-10","7 day R","2020-04-18","AT","quantile","0.025",0.225169941611667
"2021-12-10","7 day R","2020-04-18","AT","quantile","0.975",0.64006087505804
"2021-12-10","7 day R","2020-04-19","AT","point","NA",0.440065545268642
"2021-12-10","7 day R","2020-04-19","AT","quantile","0.025",0.232587599427034
"2021-12-10","7 day R","2020-04-19","AT","quantile","0.975",0.645864925147266
"2021-12-10","7 day R","2020-04-20","AT","point","NA",0.449347600217123
"2021-12-10","7 day R","2020-04-20","AT","quantile","0.025",0.241402982886511
"2021-12-10","7 day R","2020-04-20","AT","quantile","0.975",0.656461366947775
"2021-12-10","7 day R","2020-04-21","AT","point","NA",0.459481438816179
"2021-12-10","7 day R","2020-04-21","AT","quantile","0.025",0.251881860798766
"2021-12-10","7 day R","2020-04-21","AT","quantile","0.975",0.666730076106841
"2021-12-10","7 day R","2020-04-22","AT","point","NA",0.474204772253935
"2021-12-10","7 day R","2020-04-22","AT","quantile","0.025",0.270056976656778
"2021-12-10","7 day R","2020-04-22","AT","quantile","0.975",0.676999219206664
"2021-12-10","7 day R","2020-04-23","AT","point","NA",0.489247353021401
"2021-12-10","7 day R","2020-04-23","AT","quantile","0.025",0.282160627712899
"2021-12-10","7 day R","2020-04-23","AT","quantile","0.975",0.694391517384563
"2021-12-10","7 day R","2020-04-24","AT","point","NA",0.512497770615452
"2021-12-10","7 day R","2020-04-24","AT","quantile","0.025",0.311003340991945
"2021-12-10","7 day R","2020-04-24","AT","quantile","0.975",0.719465135994429
"2021-12-10","7 day R","2020-04-25","AT","point","NA",0.549361643791857
"2021-12-10","7 day R","2020-04-25","AT","quantile","0.025",0.34511414183459
"2021-12-10","7 day R","2020-04-25","AT","quantile","0.975",0.755341697516621
"2021-12-10","7 day R","2020-04-26","AT","point","NA",0.581928859393898
"2021-12-10","7 day R","2020-04-26","AT","quantile","0.025",0.378011490215658
"2021-12-10","7 day R","2020-04-26","AT","quantile","0.975",0.786245924106534
"2021-12-10","7 day R","2020-04-27","AT","point","NA",0.597964904538215
"2021-12-10","7 day R","2020-04-27","AT","quantile","0.025",0.392718701233732
"2021-12-10","7 day R","2020-04-27","AT","quantile","0.975",0.803249931033041
"2021-12-10","7 day R","2020-04-28","AT","point","NA",0.602971530135124
"2021-12-10","7 day R","2020-04-28","AT","quantile","0.025",0.396312161455673
"2021-12-10","7 day R","2020-04-28","AT","quantile","0.975",0.80639001175088
"2021-12-10","7 day R","2020-04-29","AT","point","NA",0.591261963014097
"2021-12-10","7 day R","2020-04-29","AT","quantile","0.025",0.382433737382672
"2021-12-10","7 day R","2020-04-29","AT","quantile","0.975",0.795231235612222
"2021-12-10","7 day R","2020-04-30","AT","point","NA",0.576733803729212
"2021-12-10","7 day R","2020-04-30","AT","quantile","0.025",0.369635559072586
"2021-12-10","7 day R","2020-04-30","AT","quantile","0.975",0.784107243339333
"2021-12-10","7 day R","2020-05-01","AT","point","NA",0.584892135445335
"2021-12-10","7 day R","2020-05-01","AT","quantile","0.025",0.378617839388181
"2021-12-10","7 day R","2020-05-01","AT","quantile","0.975",0.791210458365926
"2021-12-10","7 day R","2020-05-02","AT","point","NA",0.559326200671222
"2021-12-10","7 day R","2020-05-02","AT","quantile","0.025",0.350362485468749
"2021-12-10","7 day R","2020-05-02","AT","quantile","0.975",0.766707038103378
"2021-12-10","7 day R","2020-05-03","AT","point","NA",0.579452077274081
"2021-12-10","7 day R","2020-05-03","AT","quantile","0.025",0.37170109264681
"2021-12-10","7 day R","2020-05-03","AT","quantile","0.975",0.784598471123362
"2021-12-10","7 day R","2020-05-04","AT","point","NA",0.60156152640566
"2021-12-10","7 day R","2020-05-04","AT","quantile","0.025",0.394519057871467
"2021-12-10","7 day R","2020-05-04","AT","quantile","0.975",0.806797147419192
"2021-12-10","7 day R","2020-05-05","AT","point","NA",0.622821873074637
"2021-12-10","7 day R","2020-05-05","AT","quantile","0.025",0.414229803400788
"2021-12-10","7 day R","2020-05-05","AT","quantile","0.975",0.829196007767111
"2021-12-10","7 day R","2020-05-06","AT","point","NA",0.680865053800836
"2021-12-10","7 day R","2020-05-06","AT","quantile","0.025",0.474748282949506
"2021-12-10","7 day R","2020-05-06","AT","quantile","0.975",0.88518050046031
"2021-12-10","7 day R","2020-05-07","AT","point","NA",0.728020879150564
"2021-12-10","7 day R","2020-05-07","AT","quantile","0.025",0.521062114414713
"2021-12-10","7 day R","2020-05-07","AT","quantile","0.975",0.934513005210454
"2021-12-10","7 day R","2020-05-08","AT","point","NA",0.739763518341772
"2021-12-10","7 day R","2020-05-08","AT","quantile","0.025",0.533595215955968
"2021-12-10","7 day R","2020-05-08","AT","quantile","0.975",0.942806397907053
"2021-12-10","7 day R","2020-05-09","AT","point","NA",0.793661751157735
"2021-12-10","7 day R","2020-05-09","AT","quantile","0.025",0.589951784892257
"2021-12-10","7 day R","2020-05-09","AT","quantile","0.975",0.998889004403313
"2021-12-10","7 day R","2020-05-10","AT","point","NA",0.83564406366025
"2021-12-10","7 day R","2020-05-10","AT","quantile","0.025",0.62961040607144
"2021-12-10","7 day R","2020-05-10","AT","quantile","0.975",1.04109304635492
"2021-12-10","7 day R","2020-05-11","AT","point","NA",0.881262512054423
"2021-12-10","7 day R","2020-05-11","AT","quantile","0.025",0.674505256907412
"2021-12-10","7 day R","2020-05-11","AT","quantile","0.975",1.0891869745761
"2021-12-10","7 day R","2020-05-12","AT","point","NA",0.970553774630674
"2021-12-10","7 day R","2020-05-12","AT","quantile","0.025",0.765145039048389
"2021-12-10","7 day R","2020-05-12","AT","quantile","0.975",1.17622201474064
"2021-12-10","7 day R","2020-05-13","AT","point","NA",0.984534097874064
"2021-12-10","7 day R","2020-05-13","AT","quantile","0.025",0.776798737301272
"2021-12-10","7 day R","2020-05-13","AT","quantile","0.975",1.19242505527509
"2021-12-10","7 day R","2020-05-14","AT","point","NA",1.00345868887844
"2021-12-10","7 day R","2020-05-14","AT","quantile","0.025",0.796966251247034
"2021-12-10","7 day R","2020-05-14","AT","quantile","0.975",1.21141765306588
"2021-12-10","7 day R","2020-05-15","AT","point","NA",1.0165642075938
"2021-12-10","7 day R","2020-05-15","AT","quantile","0.025",0.807325149877274
"2021-12-10","7 day R","2020-05-15","AT","quantile","0.975",1.22662581284112
"2021-12-10","7 day R","2020-05-16","AT","point","NA",1.02214283484636
"2021-12-10","7 day R","2020-05-16","AT","quantile","0.025",0.810526292630606
"2021-12-10","7 day R","2020-05-16","AT","quantile","0.975",1.23405811689431
"2021-12-10","7 day R","2020-05-17","AT","point","NA",0.965856416207255
"2021-12-10","7 day R","2020-05-17","AT","quantile","0.025",0.761273730688795
"2021-12-10","7 day R","2020-05-17","AT","quantile","0.975",1.17153221242326
"2021-12-10","7 day R","2020-05-18","AT","point","NA",0.91894339883094
"2021-12-10","7 day R","2020-05-18","AT","quantile","0.025",0.712905377142516
"2021-12-10","7 day R","2020-05-18","AT","quantile","0.975",1.12580537844565
"2021-12-10","7 day R","2020-05-19","AT","point","NA",0.893076312530322
"2021-12-10","7 day R","2020-05-19","AT","quantile","0.025",0.690286891966293
"2021-12-10","7 day R","2020-05-19","AT","quantile","0.975",1.09932477998817
"2021-12-10","7 day R","2020-05-20","AT","point","NA",0.861713422620887
"2021-12-10","7 day R","2020-05-20","AT","quantile","0.025",0.658305032933328
"2021-12-10","7 day R","2020-05-20","AT","quantile","0.975",1.06896422714239
"2021-12-10","7 day R","2020-05-21","AT","point","NA",0.834724792563525
"2021-12-10","7 day R","2020-05-21","AT","quantile","0.025",0.625451706489563
"2021-12-10","7 day R","2020-05-21","AT","quantile","0.975",1.04333151389139
"2021-12-10","7 day R","2020-05-22","AT","point","NA",0.803873037938865
"2021-12-10","7 day R","2020-05-22","AT","quantile","0.025",0.597044179720566
"2021-12-10","7 day R","2020-05-22","AT","quantile","0.975",1.01067665645491
"2021-12-10","7 day R","2020-05-23","AT","point","NA",0.786951594212111
"2021-12-10","7 day R","2020-05-23","AT","quantile","0.025",0.579583244322781
"2021-12-10","7 day R","2020-05-23","AT","quantile","0.975",0.994420668703125
"2021-12-10","7 day R","2020-05-24","AT","point","NA",0.772447660696956
"2021-12-10","7 day R","2020-05-24","AT","quantile","0.025",0.5676965907528
"2021-12-10","7 day R","2020-05-24","AT","quantile","0.975",0.978592631832493
"2021-12-10","7 day R","2020-05-25","AT","point","NA",0.786699345612617
"2021-12-10","7 day R","2020-05-25","AT","quantile","0.025",0.576502329466129
"2021-12-10","7 day R","2020-05-25","AT","quantile","0.975",0.9959600335419
"2021-12-10","7 day R","2020-05-26","AT","point","NA",0.775135737792918
"2021-12-10","7 day R","2020-05-26","AT","quantile","0.025",0.570175345506242
"2021-12-10","7 day R","2020-05-26","AT","quantile","0.975",0.985587055703669
"2021-12-10","7 day R","2020-05-27","AT","point","NA",0.803512980550771
"2021-12-10","7 day R","2020-05-27","AT","quantile","0.025",0.594108780188399
"2021-12-10","7 day R","2020-05-27","AT","quantile","0.975",1.01433239688318
"2021-12-10","7 day R","2020-05-28","AT","point","NA",0.801819590349823
"2021-12-10","7 day R","2020-05-28","AT","quantile","0.025",0.592999065083579
"2021-12-10","7 day R","2020-05-28","AT","quantile","0.975",1.00957647818123
"2021-12-10","7 day R","2020-05-29","AT","point","NA",0.795639224922998
"2021-12-10","7 day R","2020-05-29","AT","quantile","0.025",0.587133609576065
"2021-12-10","7 day R","2020-05-29","AT","quantile","0.975",1.00241006897427
"2021-12-10","7 day R","2020-05-30","AT","point","NA",0.804746665075093
"2021-12-10","7 day R","2020-05-30","AT","quantile","0.025",0.597092465144112
"2021-12-10","7 day R","2020-05-30","AT","quantile","0.975",1.01278509901113
"2021-12-10","7 day R","2020-05-31","AT","point","NA",0.841482866586859
"2021-12-10","7 day R","2020-05-31","AT","quantile","0.025",0.63227299652061
"2021-12-10","7 day R","2020-05-31","AT","quantile","0.975",1.0476909870541
"2021-12-10","7 day R","2020-06-01","AT","point","NA",0.799588713204862
"2021-12-10","7 day R","2020-06-01","AT","quantile","0.025",0.592366472766273
"2021-12-10","7 day R","2020-06-01","AT","quantile","0.975",1.00947426405551
"2021-12-10","7 day R","2020-06-02","AT","point","NA",0.838423283717917
"2021-12-10","7 day R","2020-06-02","AT","quantile","0.025",0.632428925246282
"2021-12-10","7 day R","2020-06-02","AT","quantile","0.975",1.04392584386074
"2021-12-10","7 day R","2020-06-03","AT","point","NA",0.875410752758655
"2021-12-10","7 day R","2020-06-03","AT","quantile","0.025",0.669045004283276
"2021-12-10","7 day R","2020-06-03","AT","quantile","0.975",1.08328394867234
"2021-12-10","7 day R","2020-06-04","AT","point","NA",0.952958191136776
"2021-12-10","7 day R","2020-06-04","AT","quantile","0.025",0.746440924992298
"2021-12-10","7 day R","2020-06-04","AT","quantile","0.975",1.16128044888482
"2021-12-10","7 day R","2020-06-05","AT","point","NA",1.01267180950876
"2021-12-10","7 day R","2020-06-05","AT","quantile","0.025",0.807283849893719
"2021-12-10","7 day R","2020-06-05","AT","quantile","0.975",1.21894828294586
"2021-12-10","7 day R","2020-06-06","AT","point","NA",1.04721721541612
"2021-12-10","7 day R","2020-06-06","AT","quantile","0.025",0.839495499641254
"2021-12-10","7 day R","2020-06-06","AT","quantile","0.975",1.25495168885272
"2021-12-10","7 day R","2020-06-07","AT","point","NA",1.02038649532916
"2021-12-10","7 day R","2020-06-07","AT","quantile","0.025",0.816159231475928
"2021-12-10","7 day R","2020-06-07","AT","quantile","0.975",1.22610523312773
"2021-12-10","7 day R","2020-06-08","AT","point","NA",1.06845032217942
"2021-12-10","7 day R","2020-06-08","AT","quantile","0.025",0.864341279345964
"2021-12-10","7 day R","2020-06-08","AT","quantile","0.975",1.27663606575223
"2021-12-10","7 day R","2020-06-09","AT","point","NA",0.981226956444864
"2021-12-10","7 day R","2020-06-09","AT","quantile","0.025",0.778211866924401
"2021-12-10","7 day R","2020-06-09","AT","quantile","0.975",1.18963869465827
"2021-12-10","7 day R","2020-06-10","AT","point","NA",0.958837116344784
"2021-12-10","7 day R","2020-06-10","AT","quantile","0.025",0.751963926341915
"2021-12-10","7 day R","2020-06-10","AT","quantile","0.975",1.16632665076231
"2021-12-10","7 day R","2020-06-11","AT","point","NA",0.939327476088946
"2021-12-10","7 day R","2020-06-11","AT","quantile","0.025",0.732647479735656
"2021-12-10","7 day R","2020-06-11","AT","quantile","0.975",1.14229899183177
"2021-12-10","7 day R","2020-06-12","AT","point","NA",0.92214099240528
"2021-12-10","7 day R","2020-06-12","AT","quantile","0.025",0.713645344301705
"2021-12-10","7 day R","2020-06-12","AT","quantile","0.975",1.12877561564699
"2021-12-10","7 day R","2020-06-13","AT","point","NA",0.924263080031161
"2021-12-10","7 day R","2020-06-13","AT","quantile","0.025",0.714459516998827
"2021-12-10","7 day R","2020-06-13","AT","quantile","0.975",1.13104223550906
"2021-12-10","7 day R","2020-06-14","AT","point","NA",1.00749761076223
"2021-12-10","7 day R","2020-06-14","AT","quantile","0.025",0.803426444056511
"2021-12-10","7 day R","2020-06-14","AT","quantile","0.975",1.21218361857948
"2021-12-10","7 day R","2020-06-15","AT","point","NA",1.0537452959526
"2021-12-10","7 day R","2020-06-15","AT","quantile","0.025",0.848648263014055
"2021-12-10","7 day R","2020-06-15","AT","quantile","0.975",1.25868917738097
"2021-12-10","7 day R","2020-06-16","AT","point","NA",1.11459305040016
"2021-12-10","7 day R","2020-06-16","AT","quantile","0.025",0.906572926255881
"2021-12-10","7 day R","2020-06-16","AT","quantile","0.975",1.32164424164698
"2021-12-10","7 day R","2020-06-17","AT","point","NA",1.0644720328633
"2021-12-10","7 day R","2020-06-17","AT","quantile","0.025",0.854763602485951
"2021-12-10","7 day R","2020-06-17","AT","quantile","0.975",1.27023227840519
"2021-12-10","7 day R","2020-06-18","AT","point","NA",1.08109183668288
"2021-12-10","7 day R","2020-06-18","AT","quantile","0.025",0.872537793653546
"2021-12-10","7 day R","2020-06-18","AT","quantile","0.975",1.28620314302773
"2021-12-10","7 day R","2020-06-19","AT","point","NA",1.13972503280336
"2021-12-10","7 day R","2020-06-19","AT","quantile","0.025",0.933198690775673
"2021-12-10","7 day R","2020-06-19","AT","quantile","0.975",1.34507885562237
"2021-12-10","7 day R","2020-06-20","AT","point","NA",1.1593856872303
"2021-12-10","7 day R","2020-06-20","AT","quantile","0.025",0.950615268482633
"2021-12-10","7 day R","2020-06-20","AT","quantile","0.975",1.36445943599904
"2021-12-10","7 day R","2020-06-21","AT","point","NA",1.13610945531161
"2021-12-10","7 day R","2020-06-21","AT","quantile","0.025",0.928589540072327
"2021-12-10","7 day R","2020-06-21","AT","quantile","0.975",1.34305203820038
"2021-12-10","7 day R","2020-06-22","AT","point","NA",1.16632061516377
"2021-12-10","7 day R","2020-06-22","AT","quantile","0.025",0.959319931048439
"2021-12-10","7 day R","2020-06-22","AT","quantile","0.975",1.37253232337189
"2021-12-10","7 day R","2020-06-23","AT","point","NA",1.18412393123166
"2021-12-10","7 day R","2020-06-23","AT","quantile","0.025",0.979162339174185
"2021-12-10","7 day R","2020-06-23","AT","quantile","0.975",1.39217265406265
"2021-12-10","7 day R","2020-06-24","AT","point","NA",1.21747687728746
"2021-12-10","7 day R","2020-06-24","AT","quantile","0.025",1.01276788702134
"2021-12-10","7 day R","2020-06-24","AT","quantile","0.975",1.42312256619359
"2021-12-10","7 day R","2020-06-25","AT","point","NA",1.25387606718323
"2021-12-10","7 day R","2020-06-25","AT","quantile","0.025",1.05171642204379
"2021-12-10","7 day R","2020-06-25","AT","quantile","0.975",1.45850290070903
"2021-12-10","7 day R","2020-06-26","AT","point","NA",1.32725955590318
"2021-12-10","7 day R","2020-06-26","AT","quantile","0.025",1.12468319702888
"2021-12-10","7 day R","2020-06-26","AT","quantile","0.975",1.52911341304421
"2021-12-10","7 day R","2020-06-27","AT","point","NA",1.42739305996333
"2021-12-10","7 day R","2020-06-27","AT","quantile","0.025",1.22001872237133
"2021-12-10","7 day R","2020-06-27","AT","quantile","0.975",1.63407617313857
"2021-12-10","7 day R","2020-06-28","AT","point","NA",1.51309106307038
"2021-12-10","7 day R","2020-06-28","AT","quantile","0.025",1.30846937190599
"2021-12-10","7 day R","2020-06-28","AT","quantile","0.975",1.72178318168691
"2021-12-10","7 day R","2020-06-29","AT","point","NA",1.53236548591788
"2021-12-10","7 day R","2020-06-29","AT","quantile","0.025",1.32607801114284
"2021-12-10","7 day R","2020-06-29","AT","quantile","0.975",1.74325783771569
"2021-12-10","7 day R","2020-06-30","AT","point","NA",1.52887839943926
"2021-12-10","7 day R","2020-06-30","AT","quantile","0.025",1.32349193695501
"2021-12-10","7 day R","2020-06-30","AT","quantile","0.975",1.73441138838212
"2021-12-10","7 day R","2020-07-01","AT","point","NA",1.56125534482018
"2021-12-10","7 day R","2020-07-01","AT","quantile","0.025",1.35515268393391
"2021-12-10","7 day R","2020-07-01","AT","quantile","0.975",1.77024416055911
"2021-12-10","7 day R","2020-07-02","AT","point","NA",1.52537004462456
"2021-12-10","7 day R","2020-07-02","AT","quantile","0.025",1.32126501690605
"2021-12-10","7 day R","2020-07-02","AT","quantile","0.975",1.7328120485524
"2021-12-10","7 day R","2020-07-03","AT","point","NA",1.51135758290849
"2021-12-10","7 day R","2020-07-03","AT","quantile","0.025",1.30619301405097
"2021-12-10","7 day R","2020-07-03","AT","quantile","0.975",1.7209348441632
"2021-12-10","7 day R","2020-07-04","AT","point","NA",1.47950849176327
"2021-12-10","7 day R","2020-07-04","AT","quantile","0.025",1.27280606165417
"2021-12-10","7 day R","2020-07-04","AT","quantile","0.975",1.68728925769538
"2021-12-10","7 day R","2020-07-05","AT","point","NA",1.41829649567743
"2021-12-10","7 day R","2020-07-05","AT","quantile","0.025",1.21325474294564
"2021-12-10","7 day R","2020-07-05","AT","quantile","0.975",1.62510078514159
"2021-12-10","7 day R","2020-07-06","AT","point","NA",1.33346512330928
"2021-12-10","7 day R","2020-07-06","AT","quantile","0.025",1.12761413699937
"2021-12-10","7 day R","2020-07-06","AT","quantile","0.975",1.54180792763154
"2021-12-10","7 day R","2020-07-07","AT","point","NA",1.25429012301696
"2021-12-10","7 day R","2020-07-07","AT","quantile","0.025",1.04482072223847
"2021-12-10","7 day R","2020-07-07","AT","quantile","0.975",1.45974405783428
"2021-12-10","7 day R","2020-07-08","AT","point","NA",1.20553151702737
"2021-12-10","7 day R","2020-07-08","AT","quantile","0.025",0.995902756829583
"2021-12-10","7 day R","2020-07-08","AT","quantile","0.975",1.41231798001616
"2021-12-10","7 day R","2020-07-09","AT","point","NA",1.18158824209025
"2021-12-10","7 day R","2020-07-09","AT","quantile","0.025",0.971401658919905
"2021-12-10","7 day R","2020-07-09","AT","quantile","0.975",1.38776302750085
"2021-12-10","7 day R","2020-07-10","AT","point","NA",1.13989717562971
"2021-12-10","7 day R","2020-07-10","AT","quantile","0.025",0.92994635775261
"2021-12-10","7 day R","2020-07-10","AT","quantile","0.975",1.34734254267587
"2021-12-10","7 day R","2020-07-11","AT","point","NA",1.13024555230507
"2021-12-10","7 day R","2020-07-11","AT","quantile","0.025",0.923371993959758
"2021-12-10","7 day R","2020-07-11","AT","quantile","0.975",1.33559432098204
"2021-12-10","7 day R","2020-07-12","AT","point","NA",1.15464227408562
"2021-12-10","7 day R","2020-07-12","AT","quantile","0.025",0.948279455355029
"2021-12-10","7 day R","2020-07-12","AT","quantile","0.975",1.35951775515273
"2021-12-10","7 day R","2020-07-13","AT","point","NA",1.15148834475532
"2021-12-10","7 day R","2020-07-13","AT","quantile","0.025",0.944628995662207
"2021-12-10","7 day R","2020-07-13","AT","quantile","0.975",1.35402503872807
"2021-12-10","7 day R","2020-07-14","AT","point","NA",1.18545122860126
"2021-12-10","7 day R","2020-07-14","AT","quantile","0.025",0.983669504032024
"2021-12-10","7 day R","2020-07-14","AT","quantile","0.975",1.3898041644567
"2021-12-10","7 day R","2020-07-15","AT","point","NA",1.22329977193588
"2021-12-10","7 day R","2020-07-15","AT","quantile","0.025",1.02046473560824
"2021-12-10","7 day R","2020-07-15","AT","quantile","0.975",1.42640616172042
"2021-12-10","7 day R","2020-07-16","AT","point","NA",1.22994821184157
"2021-12-10","7 day R","2020-07-16","AT","quantile","0.025",1.02551520157119
"2021-12-10","7 day R","2020-07-16","AT","quantile","0.975",1.43716619756491
"2021-12-10","7 day R","2020-07-17","AT","point","NA",1.23066675776506
"2021-12-10","7 day R","2020-07-17","AT","quantile","0.025",1.02228417912285
"2021-12-10","7 day R","2020-07-17","AT","quantile","0.975",1.43760749088838
"2021-12-10","7 day R","2020-07-18","AT","point","NA",1.18921131976657
"2021-12-10","7 day R","2020-07-18","AT","quantile","0.025",0.986142222933265
"2021-12-10","7 day R","2020-07-18","AT","quantile","0.975",1.39564822248571
"2021-12-10","7 day R","2020-07-19","AT","point","NA",1.13575319267563
"2021-12-10","7 day R","2020-07-19","AT","quantile","0.025",0.930220592869609
"2021-12-10","7 day R","2020-07-19","AT","quantile","0.975",1.34085322070835
"2021-12-10","7 day R","2020-07-20","AT","point","NA",1.1226159891581
"2021-12-10","7 day R","2020-07-20","AT","quantile","0.025",0.918224292382942
"2021-12-10","7 day R","2020-07-20","AT","quantile","0.975",1.3270122751372
"2021-12-10","7 day R","2020-07-21","AT","point","NA",1.10978333520097
"2021-12-10","7 day R","2020-07-21","AT","quantile","0.025",0.901115785670242
"2021-12-10","7 day R","2020-07-21","AT","quantile","0.975",1.31808284130517
"2021-12-10","7 day R","2020-07-22","AT","point","NA",1.10796303727899
"2021-12-10","7 day R","2020-07-22","AT","quantile","0.025",0.901133253824006
"2021-12-10","7 day R","2020-07-22","AT","quantile","0.975",1.31371426816465
"2021-12-10","7 day R","2020-07-23","AT","point","NA",1.13419628421312
"2021-12-10","7 day R","2020-07-23","AT","quantile","0.025",0.928645379685557
"2021-12-10","7 day R","2020-07-23","AT","quantile","0.975",1.34146092365293
"2021-12-10","7 day R","2020-07-24","AT","point","NA",1.1050671075744
"2021-12-10","7 day R","2020-07-24","AT","quantile","0.025",0.899220069077763
"2021-12-10","7 day R","2020-07-24","AT","quantile","0.975",1.31091114199271
"2021-12-10","7 day R","2020-07-25","AT","point","NA",1.11310510839895
"2021-12-10","7 day R","2020-07-25","AT","quantile","0.025",0.907726235422668
"2021-12-10","7 day R","2020-07-25","AT","quantile","0.975",1.32029413970015
"2021-12-10","7 day R","2020-07-26","AT","point","NA",1.11963932616873
"2021-12-10","7 day R","2020-07-26","AT","quantile","0.025",0.914177107675652
"2021-12-10","7 day R","2020-07-26","AT","quantile","0.975",1.32856287511116
"2021-12-10","7 day R","2020-07-27","AT","point","NA",1.10936615204013
"2021-12-10","7 day R","2020-07-27","AT","quantile","0.025",0.901286146953573
"2021-12-10","7 day R","2020-07-27","AT","quantile","0.975",1.31753515874758
"2021-12-10","7 day R","2020-07-28","AT","point","NA",1.10506437542975
"2021-12-10","7 day R","2020-07-28","AT","quantile","0.025",0.896535204161456
"2021-12-10","7 day R","2020-07-28","AT","quantile","0.975",1.3115107091841
"2021-12-10","7 day R","2020-07-29","AT","point","NA",1.08704857678908
"2021-12-10","7 day R","2020-07-29","AT","quantile","0.025",0.883441512902914
"2021-12-10","7 day R","2020-07-29","AT","quantile","0.975",1.29564532251307
"2021-12-10","7 day R","2020-07-30","AT","point","NA",1.0312990498392
"2021-12-10","7 day R","2020-07-30","AT","quantile","0.025",0.825312804124641
"2021-12-10","7 day R","2020-07-30","AT","quantile","0.975",1.23913500153355
"2021-12-10","7 day R","2020-07-31","AT","point","NA",1.00770986813795
"2021-12-10","7 day R","2020-07-31","AT","quantile","0.025",0.802114038403468
"2021-12-10","7 day R","2020-07-31","AT","quantile","0.975",1.21795886189872
"2021-12-10","7 day R","2020-08-01","AT","point","NA",0.965223962066528
"2021-12-10","7 day R","2020-08-01","AT","quantile","0.025",0.759016827212687
"2021-12-10","7 day R","2020-08-01","AT","quantile","0.975",1.17205404376306
"2021-12-10","7 day R","2020-08-02","AT","point","NA",0.95976138887343
"2021-12-10","7 day R","2020-08-02","AT","quantile","0.025",0.752005259646763
"2021-12-10","7 day R","2020-08-02","AT","quantile","0.975",1.16831984771821
"2021-12-10","7 day R","2020-08-03","AT","point","NA",0.965532492167249
"2021-12-10","7 day R","2020-08-03","AT","quantile","0.025",0.758130524934724
"2021-12-10","7 day R","2020-08-03","AT","quantile","0.975",1.17384362061106
"2021-12-10","7 day R","2020-08-04","AT","point","NA",0.962889608503302
"2021-12-10","7 day R","2020-08-04","AT","quantile","0.025",0.754513609627365
"2021-12-10","7 day R","2020-08-04","AT","quantile","0.975",1.17089628059138
"2021-12-10","7 day R","2020-08-05","AT","point","NA",0.962868053632496
"2021-12-10","7 day R","2020-08-05","AT","quantile","0.025",0.751973195836058
"2021-12-10","7 day R","2020-08-05","AT","quantile","0.975",1.17070580255379
"2021-12-10","7 day R","2020-08-06","AT","point","NA",1.00324330181898
"2021-12-10","7 day R","2020-08-06","AT","quantile","0.025",0.79281730654137
"2021-12-10","7 day R","2020-08-06","AT","quantile","0.975",1.21079828194772
"2021-12-10","7 day R","2020-08-07","AT","point","NA",1.02773092180116
"2021-12-10","7 day R","2020-08-07","AT","quantile","0.025",0.818491346744309
"2021-12-10","7 day R","2020-08-07","AT","quantile","0.975",1.2383499472692
"2021-12-10","7 day R","2020-08-08","AT","point","NA",1.05903488549457
"2021-12-10","7 day R","2020-08-08","AT","quantile","0.025",0.849000072170823
"2021-12-10","7 day R","2020-08-08","AT","quantile","0.975",1.26924511058367
"2021-12-10","7 day R","2020-08-09","AT","point","NA",1.1331011081816
"2021-12-10","7 day R","2020-08-09","AT","quantile","0.025",0.922447171730522
"2021-12-10","7 day R","2020-08-09","AT","quantile","0.975",1.34228402918564
"2021-12-10","7 day R","2020-08-10","AT","point","NA",1.20101552601916
"2021-12-10","7 day R","2020-08-10","AT","quantile","0.025",0.994335864306022
"2021-12-10","7 day R","2020-08-10","AT","quantile","0.975",1.40833474382205
"2021-12-10","7 day R","2020-08-11","AT","point","NA",1.2885469959509
"2021-12-10","7 day R","2020-08-11","AT","quantile","0.025",1.08355352718664
"2021-12-10","7 day R","2020-08-11","AT","quantile","0.975",1.49497379166621
"2021-12-10","7 day R","2020-08-12","AT","point","NA",1.36760013395156
"2021-12-10","7 day R","2020-08-12","AT","quantile","0.025",1.16100931007928
"2021-12-10","7 day R","2020-08-12","AT","quantile","0.975",1.57671370328675
"2021-12-10","7 day R","2020-08-13","AT","point","NA",1.4125975970931
"2021-12-10","7 day R","2020-08-13","AT","quantile","0.025",1.20555640145417
"2021-12-10","7 day R","2020-08-13","AT","quantile","0.975",1.62227830281558
"2021-12-10","7 day R","2020-08-14","AT","point","NA",1.48785895510301
"2021-12-10","7 day R","2020-08-14","AT","quantile","0.025",1.27907003401043
"2021-12-10","7 day R","2020-08-14","AT","quantile","0.975",1.69958247096135
"2021-12-10","7 day R","2020-08-15","AT","point","NA",1.50492839767838
"2021-12-10","7 day R","2020-08-15","AT","quantile","0.025",1.29474699714509
"2021-12-10","7 day R","2020-08-15","AT","quantile","0.975",1.71342648977149
"2021-12-10","7 day R","2020-08-16","AT","point","NA",1.46694332887402
"2021-12-10","7 day R","2020-08-16","AT","quantile","0.025",1.25992329986388
"2021-12-10","7 day R","2020-08-16","AT","quantile","0.975",1.67561807492305
"2021-12-10","7 day R","2020-08-17","AT","point","NA",1.43922471056628
"2021-12-10","7 day R","2020-08-17","AT","quantile","0.025",1.23415124590448
"2021-12-10","7 day R","2020-08-17","AT","quantile","0.975",1.64721948078993
"2021-12-10","7 day R","2020-08-18","AT","point","NA",1.43031673222398
"2021-12-10","7 day R","2020-08-18","AT","quantile","0.025",1.22364619346388
"2021-12-10","7 day R","2020-08-18","AT","quantile","0.975",1.63976754011552
"2021-12-10","7 day R","2020-08-19","AT","point","NA",1.38495835088693
"2021-12-10","7 day R","2020-08-19","AT","quantile","0.025",1.17855306129695
"2021-12-10","7 day R","2020-08-19","AT","quantile","0.975",1.59495518889178
"2021-12-10","7 day R","2020-08-20","AT","point","NA",1.35768663706402
"2021-12-10","7 day R","2020-08-20","AT","quantile","0.025",1.15027872658945
"2021-12-10","7 day R","2020-08-20","AT","quantile","0.975",1.5648416767234
"2021-12-10","7 day R","2020-08-21","AT","point","NA",1.30539396395835
"2021-12-10","7 day R","2020-08-21","AT","quantile","0.025",1.09835346523199
"2021-12-10","7 day R","2020-08-21","AT","quantile","0.975",1.51028814797256
"2021-12-10","7 day R","2020-08-22","AT","point","NA",1.2495637504764
"2021-12-10","7 day R","2020-08-22","AT","quantile","0.025",1.04301428485907
"2021-12-10","7 day R","2020-08-22","AT","quantile","0.975",1.45474957093481
"2021-12-10","7 day R","2020-08-23","AT","point","NA",1.21528537889847
"2021-12-10","7 day R","2020-08-23","AT","quantile","0.025",1.00849093855761
"2021-12-10","7 day R","2020-08-23","AT","quantile","0.975",1.41922261755374
"2021-12-10","7 day R","2020-08-24","AT","point","NA",1.19271572662864
"2021-12-10","7 day R","2020-08-24","AT","quantile","0.025",0.986904813327858
"2021-12-10","7 day R","2020-08-24","AT","quantile","0.975",1.39379599754857
"2021-12-10","7 day R","2020-08-25","AT","point","NA",1.1578710100268
"2021-12-10","7 day R","2020-08-25","AT","quantile","0.025",0.950932559739304
"2021-12-10","7 day R","2020-08-25","AT","quantile","0.975",1.36085233278194
"2021-12-10","7 day R","2020-08-26","AT","point","NA",1.1498035693216
"2021-12-10","7 day R","2020-08-26","AT","quantile","0.025",0.943861792479632
"2021-12-10","7 day R","2020-08-26","AT","quantile","0.975",1.35120777021872
"2021-12-10","7 day R","2020-08-27","AT","point","NA",1.12621010721437
"2021-12-10","7 day R","2020-08-27","AT","quantile","0.025",0.919224093462826
"2021-12-10","7 day R","2020-08-27","AT","quantile","0.975",1.33110654015561
"2021-12-10","7 day R","2020-08-28","AT","point","NA",1.10670249872938
"2021-12-10","7 day R","2020-08-28","AT","quantile","0.025",0.899482507795299
"2021-12-10","7 day R","2020-08-28","AT","quantile","0.975",1.3119134809397
"2021-12-10","7 day R","2020-08-29","AT","point","NA",1.12793871493582
"2021-12-10","7 day R","2020-08-29","AT","quantile","0.025",0.922970414407978
"2021-12-10","7 day R","2020-08-29","AT","quantile","0.975",1.33306322838639
"2021-12-10","7 day R","2020-08-30","AT","point","NA",1.12704414009514
"2021-12-10","7 day R","2020-08-30","AT","quantile","0.025",0.917019592914893
"2021-12-10","7 day R","2020-08-30","AT","quantile","0.975",1.33128249579101
"2021-12-10","7 day R","2020-08-31","AT","point","NA",1.13575013131314
"2021-12-10","7 day R","2020-08-31","AT","quantile","0.025",0.927403083763598
"2021-12-10","7 day R","2020-08-31","AT","quantile","0.975",1.34197038228519
"2021-12-10","7 day R","2020-09-01","AT","point","NA",1.1256132973704
"2021-12-10","7 day R","2020-09-01","AT","quantile","0.025",0.919838386306066
"2021-12-10","7 day R","2020-09-01","AT","quantile","0.975",1.3326843348068
"2021-12-10","7 day R","2020-09-02","AT","point","NA",1.15210919275831
"2021-12-10","7 day R","2020-09-02","AT","quantile","0.025",0.94580827747734
"2021-12-10","7 day R","2020-09-02","AT","quantile","0.975",1.35770254363335
"2021-12-10","7 day R","2020-09-03","AT","point","NA",1.17622507742176
"2021-12-10","7 day R","2020-09-03","AT","quantile","0.025",0.972829312766042
"2021-12-10","7 day R","2020-09-03","AT","quantile","0.975",1.38188548002526
"2021-12-10","7 day R","2020-09-04","AT","point","NA",1.18876324576977
"2021-12-10","7 day R","2020-09-04","AT","quantile","0.025",0.982758979252781
"2021-12-10","7 day R","2020-09-04","AT","quantile","0.975",1.39497171264772
"2021-12-10","7 day R","2020-09-05","AT","point","NA",1.20165470058044
"2021-12-10","7 day R","2020-09-05","AT","quantile","0.025",0.993629765811661
"2021-12-10","7 day R","2020-09-05","AT","quantile","0.975",1.40549279352823
"2021-12-10","7 day R","2020-09-06","AT","point","NA",1.2464681482624
"2021-12-10","7 day R","2020-09-06","AT","quantile","0.025",1.03902762798257
"2021-12-10","7 day R","2020-09-06","AT","quantile","0.975",1.4500432963426
"2021-12-10","7 day R","2020-09-07","AT","point","NA",1.32411312775418
"2021-12-10","7 day R","2020-09-07","AT","quantile","0.025",1.11597224230413
"2021-12-10","7 day R","2020-09-07","AT","quantile","0.975",1.52778617283693
"2021-12-10","7 day R","2020-09-08","AT","point","NA",1.40321416000347
"2021-12-10","7 day R","2020-09-08","AT","quantile","0.025",1.19604034597383
"2021-12-10","7 day R","2020-09-08","AT","quantile","0.975",1.60985718385144
"2021-12-10","7 day R","2020-09-09","AT","point","NA",1.43335427862024
"2021-12-10","7 day R","2020-09-09","AT","quantile","0.025",1.22655287247364
"2021-12-10","7 day R","2020-09-09","AT","quantile","0.975",1.63961538888007
"2021-12-10","7 day R","2020-09-10","AT","point","NA",1.45554861658169
"2021-12-10","7 day R","2020-09-10","AT","quantile","0.025",1.24874649568912
"2021-12-10","7 day R","2020-09-10","AT","quantile","0.975",1.66487105460284
"2021-12-10","7 day R","2020-09-11","AT","point","NA",1.45387276314545
"2021-12-10","7 day R","2020-09-11","AT","quantile","0.025",1.25002630791229
"2021-12-10","7 day R","2020-09-11","AT","quantile","0.975",1.66589732405401
"2021-12-10","7 day R","2020-09-12","AT","point","NA",1.4510293522503
"2021-12-10","7 day R","2020-09-12","AT","quantile","0.025",1.24187270069651
"2021-12-10","7 day R","2020-09-12","AT","quantile","0.975",1.66008884308521
"2021-12-10","7 day R","2020-09-13","AT","point","NA",1.40645459847148
"2021-12-10","7 day R","2020-09-13","AT","quantile","0.025",1.19873492675644
"2021-12-10","7 day R","2020-09-13","AT","quantile","0.975",1.61251008233171
"2021-12-10","7 day R","2020-09-14","AT","point","NA",1.37260573707002
"2021-12-10","7 day R","2020-09-14","AT","quantile","0.025",1.16676542560564
"2021-12-10","7 day R","2020-09-14","AT","quantile","0.975",1.57739001817062
"2021-12-10","7 day R","2020-09-15","AT","point","NA",1.36921398572057
"2021-12-10","7 day R","2020-09-15","AT","quantile","0.025",1.16534509344857
"2021-12-10","7 day R","2020-09-15","AT","quantile","0.975",1.57504067524287
"2021-12-10","7 day R","2020-09-16","AT","point","NA",1.33717553611567
"2021-12-10","7 day R","2020-09-16","AT","quantile","0.025",1.13471758187638
"2021-12-10","7 day R","2020-09-16","AT","quantile","0.975",1.54613570455243
"2021-12-10","7 day R","2020-09-17","AT","point","NA",1.29262733517978
"2021-12-10","7 day R","2020-09-17","AT","quantile","0.025",1.08784914919775
"2021-12-10","7 day R","2020-09-17","AT","quantile","0.975",1.50104742531072
"2021-12-10","7 day R","2020-09-18","AT","point","NA",1.26214019131519
"2021-12-10","7 day R","2020-09-18","AT","quantile","0.025",1.05498112629467
"2021-12-10","7 day R","2020-09-18","AT","quantile","0.975",1.46836312407266
"2021-12-10","7 day R","2020-09-19","AT","point","NA",1.22033112608224
"2021-12-10","7 day R","2020-09-19","AT","quantile","0.025",1.01773731461055
"2021-12-10","7 day R","2020-09-19","AT","quantile","0.975",1.42629102040717
"2021-12-10","7 day R","2020-09-20","AT","point","NA",1.1946296518025
"2021-12-10","7 day R","2020-09-20","AT","quantile","0.025",0.990828838941009
"2021-12-10","7 day R","2020-09-20","AT","quantile","0.975",1.40440956220697
"2021-12-10","7 day R","2020-09-21","AT","point","NA",1.16056636884745
"2021-12-10","7 day R","2020-09-21","AT","quantile","0.025",0.955740991804797
"2021-12-10","7 day R","2020-09-21","AT","quantile","0.975",1.36828414565753
"2021-12-10","7 day R","2020-09-22","AT","point","NA",1.12150585776673
"2021-12-10","7 day R","2020-09-22","AT","quantile","0.025",0.914398986734184
"2021-12-10","7 day R","2020-09-22","AT","quantile","0.975",1.32585682401349
"2021-12-10","7 day R","2020-09-23","AT","point","NA",1.09174238760616
"2021-12-10","7 day R","2020-09-23","AT","quantile","0.025",0.884693736162526
"2021-12-10","7 day R","2020-09-23","AT","quantile","0.975",1.2980394593707
"2021-12-10","7 day R","2020-09-24","AT","point","NA",1.07600093774439
"2021-12-10","7 day R","2020-09-24","AT","quantile","0.025",0.867583898863138
"2021-12-10","7 day R","2020-09-24","AT","quantile","0.975",1.2797492535798
"2021-12-10","7 day R","2020-09-25","AT","point","NA",1.06295438176955
"2021-12-10","7 day R","2020-09-25","AT","quantile","0.025",0.854204021358652
"2021-12-10","7 day R","2020-09-25","AT","quantile","0.975",1.26928761111847
"2021-12-10","7 day R","2020-09-26","AT","point","NA",1.0599043268761
"2021-12-10","7 day R","2020-09-26","AT","quantile","0.025",0.85064369483602
"2021-12-10","7 day R","2020-09-26","AT","quantile","0.975",1.26645592136508
"2021-12-10","7 day R","2020-09-27","AT","point","NA",1.08181672373316
"2021-12-10","7 day R","2020-09-27","AT","quantile","0.025",0.87584604150229
"2021-12-10","7 day R","2020-09-27","AT","quantile","0.975",1.28952232280087
"2021-12-10","7 day R","2020-09-28","AT","point","NA",1.08684037748808
"2021-12-10","7 day R","2020-09-28","AT","quantile","0.025",0.878966468861692
"2021-12-10","7 day R","2020-09-28","AT","quantile","0.975",1.29234031609274
"2021-12-10","7 day R","2020-09-29","AT","point","NA",1.08520025323312
"2021-12-10","7 day R","2020-09-29","AT","quantile","0.025",0.879631957464682
"2021-12-10","7 day R","2020-09-29","AT","quantile","0.975",1.2899010946542
"2021-12-10","7 day R","2020-09-30","AT","point","NA",1.09569719238244
"2021-12-10","7 day R","2020-09-30","AT","quantile","0.025",0.887709022905058
"2021-12-10","7 day R","2020-09-30","AT","quantile","0.975",1.30147939502729
"2021-12-10","7 day R","2020-10-01","AT","point","NA",1.10877273836133
"2021-12-10","7 day R","2020-10-01","AT","quantile","0.025",0.903673585186147
"2021-12-10","7 day R","2020-10-01","AT","quantile","0.975",1.31459922538886
"2021-12-10","7 day R","2020-10-02","AT","point","NA",1.12934805117746
"2021-12-10","7 day R","2020-10-02","AT","quantile","0.025",0.923055154584408
"2021-12-10","7 day R","2020-10-02","AT","quantile","0.975",1.33524926510615
"2021-12-10","7 day R","2020-10-03","AT","point","NA",1.16892550898973
"2021-12-10","7 day R","2020-10-03","AT","quantile","0.025",0.963369565487321
"2021-12-10","7 day R","2020-10-03","AT","quantile","0.975",1.37398084795697
"2021-12-10","7 day R","2020-10-04","AT","point","NA",1.1935727862327
"2021-12-10","7 day R","2020-10-04","AT","quantile","0.025",0.987845271680952
"2021-12-10","7 day R","2020-10-04","AT","quantile","0.975",1.40098342073224
"2021-12-10","7 day R","2020-10-05","AT","point","NA",1.21860255228671
"2021-12-10","7 day R","2020-10-05","AT","quantile","0.025",1.01308523779339
"2021-12-10","7 day R","2020-10-05","AT","quantile","0.975",1.42770795836407
"2021-12-10","7 day R","2020-10-06","AT","point","NA",1.23273472931301
"2021-12-10","7 day R","2020-10-06","AT","quantile","0.025",1.02535389855199
"2021-12-10","7 day R","2020-10-06","AT","quantile","0.975",1.43979052445085
"2021-12-10","7 day R","2020-10-07","AT","point","NA",1.23440299069481
"2021-12-10","7 day R","2020-10-07","AT","quantile","0.025",1.02864853135503
"2021-12-10","7 day R","2020-10-07","AT","quantile","0.975",1.43924025250922
"2021-12-10","7 day R","2020-10-08","AT","point","NA",1.23568143564712
"2021-12-10","7 day R","2020-10-08","AT","quantile","0.025",1.02497883158348
"2021-12-10","7 day R","2020-10-08","AT","quantile","0.975",1.44335665218013
"2021-12-10","7 day R","2020-10-09","AT","point","NA",1.23712270504453
"2021-12-10","7 day R","2020-10-09","AT","quantile","0.025",1.02946331551927
"2021-12-10","7 day R","2020-10-09","AT","quantile","0.975",1.44346428635432
"2021-12-10","7 day R","2020-10-10","AT","point","NA",1.23090546064998
"2021-12-10","7 day R","2020-10-10","AT","quantile","0.025",1.02196919565394
"2021-12-10","7 day R","2020-10-10","AT","quantile","0.975",1.43876578055772
"2021-12-10","7 day R","2020-10-11","AT","point","NA",1.2364038558522
"2021-12-10","7 day R","2020-10-11","AT","quantile","0.025",1.03139254064136
"2021-12-10","7 day R","2020-10-11","AT","quantile","0.975",1.44308460830314
"2021-12-10","7 day R","2020-10-12","AT","point","NA",1.2534269453792
"2021-12-10","7 day R","2020-10-12","AT","quantile","0.025",1.04678565404172
"2021-12-10","7 day R","2020-10-12","AT","quantile","0.975",1.45907037239851
"2021-12-10","7 day R","2020-10-13","AT","point","NA",1.25908036815587
"2021-12-10","7 day R","2020-10-13","AT","quantile","0.025",1.05508964282
"2021-12-10","7 day R","2020-10-13","AT","quantile","0.975",1.46754168872936
"2021-12-10","7 day R","2020-10-14","AT","point","NA",1.27002475757588
"2021-12-10","7 day R","2020-10-14","AT","quantile","0.025",1.06436478822042
"2021-12-10","7 day R","2020-10-14","AT","quantile","0.975",1.47610280715944
"2021-12-10","7 day R","2020-10-15","AT","point","NA",1.27953566215741
"2021-12-10","7 day R","2020-10-15","AT","quantile","0.025",1.07293832346155
"2021-12-10","7 day R","2020-10-15","AT","quantile","0.975",1.48625867770179
"2021-12-10","7 day R","2020-10-16","AT","point","NA",1.28999743385045
"2021-12-10","7 day R","2020-10-16","AT","quantile","0.025",1.08382754740543
"2021-12-10","7 day R","2020-10-16","AT","quantile","0.975",1.49684214875512
"2021-12-10","7 day R","2020-10-17","AT","point","NA",1.33088479611462
"2021-12-10","7 day R","2020-10-17","AT","quantile","0.025",1.12474614406689
"2021-12-10","7 day R","2020-10-17","AT","quantile","0.975",1.53653289316386
"2021-12-10","7 day R","2020-10-18","AT","point","NA",1.36956909497253
"2021-12-10","7 day R","2020-10-18","AT","quantile","0.025",1.16540118083136
"2021-12-10","7 day R","2020-10-18","AT","quantile","0.975",1.5714717870779
"2021-12-10","7 day R","2020-10-19","AT","point","NA",1.38392137363108
"2021-12-10","7 day R","2020-10-19","AT","quantile","0.025",1.17915482093778
"2021-12-10","7 day R","2020-10-19","AT","quantile","0.975",1.58823321342053
"2021-12-10","7 day R","2020-10-20","AT","point","NA",1.41685390450604
"2021-12-10","7 day R","2020-10-20","AT","quantile","0.025",1.20980978662513
"2021-12-10","7 day R","2020-10-20","AT","quantile","0.975",1.62135376291696
"2021-12-10","7 day R","2020-10-21","AT","point","NA",1.45752331551528
"2021-12-10","7 day R","2020-10-21","AT","quantile","0.025",1.25258380443669
"2021-12-10","7 day R","2020-10-21","AT","quantile","0.975",1.6616826466628
"2021-12-10","7 day R","2020-10-22","AT","point","NA",1.50388273322624
"2021-12-10","7 day R","2020-10-22","AT","quantile","0.025",1.29819342146868
"2021-12-10","7 day R","2020-10-22","AT","quantile","0.975",1.70962666247697
"2021-12-10","7 day R","2020-10-23","AT","point","NA",1.54839791942506
"2021-12-10","7 day R","2020-10-23","AT","quantile","0.025",1.34488868274425
"2021-12-10","7 day R","2020-10-23","AT","quantile","0.975",1.75198042453694
"2021-12-10","7 day R","2020-10-24","AT","point","NA",1.58285902830115
"2021-12-10","7 day R","2020-10-24","AT","quantile","0.025",1.37494776318848
"2021-12-10","7 day R","2020-10-24","AT","quantile","0.975",1.79040179135299
"2021-12-10","7 day R","2020-10-25","AT","point","NA",1.57376846597062
"2021-12-10","7 day R","2020-10-25","AT","quantile","0.025",1.37020295545656
"2021-12-10","7 day R","2020-10-25","AT","quantile","0.975",1.78151036111897
"2021-12-10","7 day R","2020-10-26","AT","point","NA",1.56212960183969
"2021-12-10","7 day R","2020-10-26","AT","quantile","0.025",1.35862866044875
"2021-12-10","7 day R","2020-10-26","AT","quantile","0.975",1.7702475102505
"2021-12-10","7 day R","2020-10-27","AT","point","NA",1.55646202514475
"2021-12-10","7 day R","2020-10-27","AT","quantile","0.025",1.35102167958106
"2021-12-10","7 day R","2020-10-27","AT","quantile","0.975",1.76490987741625
"2021-12-10","7 day R","2020-10-28","AT","point","NA",1.55952247955789
"2021-12-10","7 day R","2020-10-28","AT","quantile","0.025",1.35059385391574
"2021-12-10","7 day R","2020-10-28","AT","quantile","0.975",1.77000012911426
"2021-12-10","7 day R","2020-10-29","AT","point","NA",1.58251865822171
"2021-12-10","7 day R","2020-10-29","AT","quantile","0.025",1.37372635366656
"2021-12-10","7 day R","2020-10-29","AT","quantile","0.975",1.79157379438336
"2021-12-10","7 day R","2020-10-30","AT","point","NA",1.60042685200877
"2021-12-10","7 day R","2020-10-30","AT","quantile","0.025",1.39599632743032
"2021-12-10","7 day R","2020-10-30","AT","quantile","0.975",1.80685707220962
"2021-12-10","7 day R","2020-10-31","AT","point","NA",1.57052017615057
"2021-12-10","7 day R","2020-10-31","AT","quantile","0.025",1.3644867337329
"2021-12-10","7 day R","2020-10-31","AT","quantile","0.975",1.77735925191159
"2021-12-10","7 day R","2020-11-01","AT","point","NA",1.54391805560548
"2021-12-10","7 day R","2020-11-01","AT","quantile","0.025",1.33572968718975
"2021-12-10","7 day R","2020-11-01","AT","quantile","0.975",1.75345441055731
"2021-12-10","7 day R","2020-11-02","AT","point","NA",1.50818177736283
"2021-12-10","7 day R","2020-11-02","AT","quantile","0.025",1.3026884221103
"2021-12-10","7 day R","2020-11-02","AT","quantile","0.975",1.71503913293717
"2021-12-10","7 day R","2020-11-03","AT","point","NA",1.48012448333759
"2021-12-10","7 day R","2020-11-03","AT","quantile","0.025",1.27376822778085
"2021-12-10","7 day R","2020-11-03","AT","quantile","0.975",1.68797182577912
"2021-12-10","7 day R","2020-11-04","AT","point","NA",1.47486546111659
"2021-12-10","7 day R","2020-11-04","AT","quantile","0.025",1.26817158081945
"2021-12-10","7 day R","2020-11-04","AT","quantile","0.975",1.68136175773503
"2021-12-10","7 day R","2020-11-05","AT","point","NA",1.44496690494747
"2021-12-10","7 day R","2020-11-05","AT","quantile","0.025",1.2394421536715
"2021-12-10","7 day R","2020-11-05","AT","quantile","0.975",1.64917856358995
"2021-12-10","7 day R","2020-11-06","AT","point","NA",1.40477263176619
"2021-12-10","7 day R","2020-11-06","AT","quantile","0.025",1.19714637310851
"2021-12-10","7 day R","2020-11-06","AT","quantile","0.975",1.60717468224811
"2021-12-10","7 day R","2020-11-07","AT","point","NA",1.38145846989144
"2021-12-10","7 day R","2020-11-07","AT","quantile","0.025",1.17461763696864
"2021-12-10","7 day R","2020-11-07","AT","quantile","0.975",1.5912915095443
"2021-12-10","7 day R","2020-11-08","AT","point","NA",1.34115588731739
"2021-12-10","7 day R","2020-11-08","AT","quantile","0.025",1.1352832768625
"2021-12-10","7 day R","2020-11-08","AT","quantile","0.975",1.54903304110583
"2021-12-10","7 day R","2020-11-09","AT","point","NA",1.31124259617632
"2021-12-10","7 day R","2020-11-09","AT","quantile","0.025",1.10340580322258
"2021-12-10","7 day R","2020-11-09","AT","quantile","0.975",1.51858251806181
"2021-12-10","7 day R","2020-11-10","AT","point","NA",1.2790146526485
"2021-12-10","7 day R","2020-11-10","AT","quantile","0.025",1.06963384392808
"2021-12-10","7 day R","2020-11-10","AT","quantile","0.975",1.48599698392175
"2021-12-10","7 day R","2020-11-11","AT","point","NA",1.24770519323083
"2021-12-10","7 day R","2020-11-11","AT","quantile","0.025",1.04347664717658
"2021-12-10","7 day R","2020-11-11","AT","quantile","0.975",1.4541055324796
"2021-12-10","7 day R","2020-11-12","AT","point","NA",1.22299811808247
"2021-12-10","7 day R","2020-11-12","AT","quantile","0.025",1.01680102646776
"2021-12-10","7 day R","2020-11-12","AT","quantile","0.975",1.42870721445928
"2021-12-10","7 day R","2020-11-13","AT","point","NA",1.18185289769065
"2021-12-10","7 day R","2020-11-13","AT","quantile","0.025",0.973985542419312
"2021-12-10","7 day R","2020-11-13","AT","quantile","0.975",1.3865426840704
"2021-12-10","7 day R","2020-11-14","AT","point","NA",1.11693089861781
"2021-12-10","7 day R","2020-11-14","AT","quantile","0.025",0.908260884651837
"2021-12-10","7 day R","2020-11-14","AT","quantile","0.975",1.32636023901209
"2021-12-10","7 day R","2020-11-15","AT","point","NA",1.07285252379551
"2021-12-10","7 day R","2020-11-15","AT","quantile","0.025",0.865907709252632
"2021-12-10","7 day R","2020-11-15","AT","quantile","0.975",1.27663115368525
"2021-12-10","7 day R","2020-11-16","AT","point","NA",1.04104684799836
"2021-12-10","7 day R","2020-11-16","AT","quantile","0.025",0.836258009865034
"2021-12-10","7 day R","2020-11-16","AT","quantile","0.975",1.2471069608627
"2021-12-10","7 day R","2020-11-17","AT","point","NA",1.01538804674937
"2021-12-10","7 day R","2020-11-17","AT","quantile","0.025",0.809728351892689
"2021-12-10","7 day R","2020-11-17","AT","quantile","0.975",1.21853156376592
"2021-12-10","7 day R","2020-11-18","AT","point","NA",0.983171038243526
"2021-12-10","7 day R","2020-11-18","AT","quantile","0.025",0.775516690675405
"2021-12-10","7 day R","2020-11-18","AT","quantile","0.975",1.18946690865594
"2021-12-10","7 day R","2020-11-19","AT","point","NA",0.953340285240712
"2021-12-10","7 day R","2020-11-19","AT","quantile","0.025",0.748108322859359
"2021-12-10","7 day R","2020-11-19","AT","quantile","0.975",1.15964499021855
"2021-12-10","7 day R","2020-11-20","AT","point","NA",0.931734721079687
"2021-12-10","7 day R","2020-11-20","AT","quantile","0.025",0.722783741177739
"2021-12-10","7 day R","2020-11-20","AT","quantile","0.975",1.13729405885679
"2021-12-10","7 day R","2020-11-21","AT","point","NA",0.913719326307484
"2021-12-10","7 day R","2020-11-21","AT","quantile","0.025",0.70679732297053
"2021-12-10","7 day R","2020-11-21","AT","quantile","0.975",1.11940781146204
"2021-12-10","7 day R","2020-11-22","AT","point","NA",0.893586811497543
"2021-12-10","7 day R","2020-11-22","AT","quantile","0.025",0.685468336484568
"2021-12-10","7 day R","2020-11-22","AT","quantile","0.975",1.10023524593648
"2021-12-10","7 day R","2020-11-23","AT","point","NA",0.867890443540838
"2021-12-10","7 day R","2020-11-23","AT","quantile","0.025",0.661085735619618
"2021-12-10","7 day R","2020-11-23","AT","quantile","0.975",1.07459830546064
"2021-12-10","7 day R","2020-11-24","AT","point","NA",0.85329419528345
"2021-12-10","7 day R","2020-11-24","AT","quantile","0.025",0.645898147046023
"2021-12-10","7 day R","2020-11-24","AT","quantile","0.975",1.06243305528734
"2021-12-10","7 day R","2020-11-25","AT","point","NA",0.839165343915594
"2021-12-10","7 day R","2020-11-25","AT","quantile","0.025",0.631431291527882
"2021-12-10","7 day R","2020-11-25","AT","quantile","0.975",1.04605008883057
"2021-12-10","7 day R","2020-11-26","AT","point","NA",0.821108418624469
"2021-12-10","7 day R","2020-11-26","AT","quantile","0.025",0.614591489727198
"2021-12-10","7 day R","2020-11-26","AT","quantile","0.975",1.02955636177343
"2021-12-10","7 day R","2020-11-27","AT","point","NA",0.808265270917806
"2021-12-10","7 day R","2020-11-27","AT","quantile","0.025",0.599802941039666
"2021-12-10","7 day R","2020-11-27","AT","quantile","0.975",1.01526181816169
"2021-12-10","7 day R","2020-11-28","AT","point","NA",0.801006457890703
"2021-12-10","7 day R","2020-11-28","AT","quantile","0.025",0.591938182242019
"2021-12-10","7 day R","2020-11-28","AT","quantile","0.975",1.00609696201901
"2021-12-10","7 day R","2020-11-29","AT","point","NA",0.795039002608195
"2021-12-10","7 day R","2020-11-29","AT","quantile","0.025",0.585401456810884
"2021-12-10","7 day R","2020-11-29","AT","quantile","0.975",1.00204407023417
"2021-12-10","7 day R","2020-11-30","AT","point","NA",0.779861155365908
"2021-12-10","7 day R","2020-11-30","AT","quantile","0.025",0.570978837223572
"2021-12-10","7 day R","2020-11-30","AT","quantile","0.975",0.986477145082457
"2021-12-10","7 day R","2020-12-01","AT","point","NA",0.764232595203872
"2021-12-10","7 day R","2020-12-01","AT","quantile","0.025",0.557362310272337
"2021-12-10","7 day R","2020-12-01","AT","quantile","0.975",0.9702990089647
"2021-12-10","7 day R","2020-12-02","AT","point","NA",0.75478790594144
"2021-12-10","7 day R","2020-12-02","AT","quantile","0.025",0.548932088836046
"2021-12-10","7 day R","2020-12-02","AT","quantile","0.975",0.963768029575982
"2021-12-10","7 day R","2020-12-03","AT","point","NA",0.750629161249067
"2021-12-10","7 day R","2020-12-03","AT","quantile","0.025",0.544637689955467
"2021-12-10","7 day R","2020-12-03","AT","quantile","0.975",0.95591267087294
"2021-12-10","7 day R","2020-12-04","AT","point","NA",0.753427837838705
"2021-12-10","7 day R","2020-12-04","AT","quantile","0.025",0.548237610940996
"2021-12-10","7 day R","2020-12-04","AT","quantile","0.975",0.959178959375626
"2021-12-10","7 day R","2020-12-05","AT","point","NA",0.755805586683721
"2021-12-10","7 day R","2020-12-05","AT","quantile","0.025",0.550914121445592
"2021-12-10","7 day R","2020-12-05","AT","quantile","0.975",0.96380689107038
"2021-12-10","7 day R","2020-12-06","AT","point","NA",0.758250719558278
"2021-12-10","7 day R","2020-12-06","AT","quantile","0.025",0.551270149114253
"2021-12-10","7 day R","2020-12-06","AT","quantile","0.975",0.966341536011253
"2021-12-10","7 day R","2020-12-07","AT","point","NA",0.757392157571972
"2021-12-10","7 day R","2020-12-07","AT","quantile","0.025",0.550259387057114
"2021-12-10","7 day R","2020-12-07","AT","quantile","0.975",0.966228592710832
"2021-12-10","7 day R","2020-12-08","AT","point","NA",0.752610511502002
"2021-12-10","7 day R","2020-12-08","AT","quantile","0.025",0.545620431096881
"2021-12-10","7 day R","2020-12-08","AT","quantile","0.975",0.957554218490754
"2021-12-10","7 day R","2020-12-09","AT","point","NA",0.752692502825922
"2021-12-10","7 day R","2020-12-09","AT","quantile","0.025",0.544564433775111
"2021-12-10","7 day R","2020-12-09","AT","quantile","0.975",0.958460503735857
"2021-12-10","7 day R","2020-12-10","AT","point","NA",0.761979514257708
"2021-12-10","7 day R","2020-12-10","AT","quantile","0.025",0.554859816670692
"2021-12-10","7 day R","2020-12-10","AT","quantile","0.975",0.966983158138315
"2021-12-10","7 day R","2020-12-11","AT","point","NA",0.793482270661063
"2021-12-10","7 day R","2020-12-11","AT","quantile","0.025",0.586759182338338
"2021-12-10","7 day R","2020-12-11","AT","quantile","0.975",1.00037501845588
"2021-12-10","7 day R","2020-12-12","AT","point","NA",0.826856997740561
"2021-12-10","7 day R","2020-12-12","AT","quantile","0.025",0.619747307361633
"2021-12-10","7 day R","2020-12-12","AT","quantile","0.975",1.03424952475913
"2021-12-10","7 day R","2020-12-13","AT","point","NA",0.844401082358141
"2021-12-10","7 day R","2020-12-13","AT","quantile","0.025",0.638998297007023
"2021-12-10","7 day R","2020-12-13","AT","quantile","0.975",1.05167727515335
"2021-12-10","7 day R","2020-12-14","AT","point","NA",0.847394421901014
"2021-12-10","7 day R","2020-12-14","AT","quantile","0.025",0.642938652652377
"2021-12-10","7 day R","2020-12-14","AT","quantile","0.975",1.05489297138116
"2021-12-10","7 day R","2020-12-15","AT","point","NA",0.827139586580961
"2021-12-10","7 day R","2020-12-15","AT","quantile","0.025",0.619048406431798
"2021-12-10","7 day R","2020-12-15","AT","quantile","0.975",1.03335132376647
"2021-12-10","7 day R","2020-12-16","AT","point","NA",0.796527835146053
"2021-12-10","7 day R","2020-12-16","AT","quantile","0.025",0.591036027309084
"2021-12-10","7 day R","2020-12-16","AT","quantile","0.975",1.00129189853223
"2021-12-10","7 day R","2020-12-17","AT","point","NA",0.772236073305911
"2021-12-10","7 day R","2020-12-17","AT","quantile","0.025",0.566070182445122
"2021-12-10","7 day R","2020-12-17","AT","quantile","0.975",0.977471721597198
"2021-12-10","7 day R","2020-12-18","AT","point","NA",0.770825762728719
"2021-12-10","7 day R","2020-12-18","AT","quantile","0.025",0.563456218679384
"2021-12-10","7 day R","2020-12-18","AT","quantile","0.975",0.976986206729466
"2021-12-10","7 day R","2020-12-19","AT","point","NA",0.781414592518284
"2021-12-10","7 day R","2020-12-19","AT","quantile","0.025",0.57163026614615
"2021-12-10","7 day R","2020-12-19","AT","quantile","0.975",0.988057701071709
"2021-12-10","7 day R","2020-12-20","AT","point","NA",0.788252618095738
"2021-12-10","7 day R","2020-12-20","AT","quantile","0.025",0.581597777823473
"2021-12-10","7 day R","2020-12-20","AT","quantile","0.975",0.993983001015461
"2021-12-10","7 day R","2020-12-21","AT","point","NA",0.798343508423062
"2021-12-10","7 day R","2020-12-21","AT","quantile","0.025",0.591592962479701
"2021-12-10","7 day R","2020-12-21","AT","quantile","0.975",1.00398503438261
"2021-12-10","7 day R","2020-12-22","AT","point","NA",0.808775069072379
"2021-12-10","7 day R","2020-12-22","AT","quantile","0.025",0.601756985125126
"2021-12-10","7 day R","2020-12-22","AT","quantile","0.975",1.01466017457941
"2021-12-10","7 day R","2020-12-23","AT","point","NA",0.817861926921961
"2021-12-10","7 day R","2020-12-23","AT","quantile","0.025",0.611080806557022
"2021-12-10","7 day R","2020-12-23","AT","quantile","0.975",1.02367067954442
"2021-12-10","7 day R","2020-12-24","AT","point","NA",0.830096023485448
"2021-12-10","7 day R","2020-12-24","AT","quantile","0.025",0.624904198641042
"2021-12-10","7 day R","2020-12-24","AT","quantile","0.975",1.03746401932601
"2021-12-10","7 day R","2020-12-25","AT","point","NA",0.827390948930418
"2021-12-10","7 day R","2020-12-25","AT","quantile","0.025",0.621084271940114
"2021-12-10","7 day R","2020-12-25","AT","quantile","0.975",1.03151606990553
"2021-12-10","7 day R","2020-12-26","AT","point","NA",0.835321041757882
"2021-12-10","7 day R","2020-12-26","AT","quantile","0.025",0.629931640499976
"2021-12-10","7 day R","2020-12-26","AT","quantile","0.975",1.0374992237046
"2021-12-10","7 day R","2020-12-27","AT","point","NA",0.868002100411766
"2021-12-10","7 day R","2020-12-27","AT","quantile","0.025",0.661293370407315
"2021-12-10","7 day R","2020-12-27","AT","quantile","0.975",1.07256431962026
"2021-12-10","7 day R","2020-12-28","AT","point","NA",0.908221159891006
"2021-12-10","7 day R","2020-12-28","AT","quantile","0.025",0.701817841064044
"2021-12-10","7 day R","2020-12-28","AT","quantile","0.975",1.11465869006379
"2021-12-10","7 day R","2020-12-29","AT","point","NA",0.940581783870606
"2021-12-10","7 day R","2020-12-29","AT","quantile","0.025",0.732492131727946
"2021-12-10","7 day R","2020-12-29","AT","quantile","0.975",1.14752445624903
"2021-12-10","7 day R","2020-12-30","AT","point","NA",0.967604425418074
"2021-12-10","7 day R","2020-12-30","AT","quantile","0.025",0.76117358093898
"2021-12-10","7 day R","2020-12-30","AT","quantile","0.975",1.1752155961714
"2021-12-10","7 day R","2020-12-31","AT","point","NA",0.968756906959795
"2021-12-10","7 day R","2020-12-31","AT","quantile","0.025",0.762950032472726
"2021-12-10","7 day R","2020-12-31","AT","quantile","0.975",1.17472077291249
"2021-12-10","7 day R","2021-01-01","AT","point","NA",0.953978898851754
"2021-12-10","7 day R","2021-01-01","AT","quantile","0.025",0.752835376757532
"2021-12-10","7 day R","2021-01-01","AT","quantile","0.975",1.16038295681772
"2021-12-10","7 day R","2021-01-02","AT","point","NA",0.94095972762884
"2021-12-10","7 day R","2021-01-02","AT","quantile","0.025",0.735522444337138
"2021-12-10","7 day R","2021-01-02","AT","quantile","0.975",1.14679115835927
"2021-12-10","7 day R","2021-01-03","AT","point","NA",0.961166197227132
"2021-12-10","7 day R","2021-01-03","AT","quantile","0.025",0.753558140170397
"2021-12-10","7 day R","2021-01-03","AT","quantile","0.975",1.16759517263818
"2021-12-10","7 day R","2021-01-04","AT","point","NA",0.992289238802502
"2021-12-10","7 day R","2021-01-04","AT","quantile","0.025",0.784725603259008
"2021-12-10","7 day R","2021-01-04","AT","quantile","0.975",1.19983359026079
"2021-12-10","7 day R","2021-01-05","AT","point","NA",1.01813931042798
"2021-12-10","7 day R","2021-01-05","AT","quantile","0.025",0.810661903128669
"2021-12-10","7 day R","2021-01-05","AT","quantile","0.975",1.22655575788064
"2021-12-10","7 day R","2021-01-06","AT","point","NA",1.0159219895567
"2021-12-10","7 day R","2021-01-06","AT","quantile","0.025",0.809648842699458
"2021-12-10","7 day R","2021-01-06","AT","quantile","0.975",1.22153590446225
"2021-12-10","7 day R","2021-01-07","AT","point","NA",0.999107770340845
"2021-12-10","7 day R","2021-01-07","AT","quantile","0.025",0.794609096944342
"2021-12-10","7 day R","2021-01-07","AT","quantile","0.975",1.20451139318802
"2021-12-10","7 day R","2021-01-08","AT","point","NA",0.993174815755352
"2021-12-10","7 day R","2021-01-08","AT","quantile","0.025",0.787078124973664
"2021-12-10","7 day R","2021-01-08","AT","quantile","0.975",1.19903677377377
"2021-12-10","7 day R","2021-01-09","AT","point","NA",0.990176950430883
"2021-12-10","7 day R","2021-01-09","AT","quantile","0.025",0.784347094916296
"2021-12-10","7 day R","2021-01-09","AT","quantile","0.975",1.19791049244566
"2021-12-10","7 day R","2021-01-10","AT","point","NA",0.974968226316191
"2021-12-10","7 day R","2021-01-10","AT","quantile","0.025",0.768930202161291
"2021-12-10","7 day R","2021-01-10","AT","quantile","0.975",1.18050868391691
"2021-12-10","7 day R","2021-01-11","AT","point","NA",0.962963995255388
"2021-12-10","7 day R","2021-01-11","AT","quantile","0.025",0.757356266830074
"2021-12-10","7 day R","2021-01-11","AT","quantile","0.975",1.16559327425687
"2021-12-10","7 day R","2021-01-12","AT","point","NA",0.953028839809571
"2021-12-10","7 day R","2021-01-12","AT","quantile","0.025",0.747211745890558
"2021-12-10","7 day R","2021-01-12","AT","quantile","0.975",1.15753035007702
"2021-12-10","7 day R","2021-01-13","AT","point","NA",0.958427903528994
"2021-12-10","7 day R","2021-01-13","AT","quantile","0.025",0.752007695009027
"2021-12-10","7 day R","2021-01-13","AT","quantile","0.975",1.16345424802315
"2021-12-10","7 day R","2021-01-14","AT","point","NA",0.970692954617407
"2021-12-10","7 day R","2021-01-14","AT","quantile","0.025",0.763678905949205
"2021-12-10","7 day R","2021-01-14","AT","quantile","0.975",1.17885438600099
"2021-12-10","7 day R","2021-01-15","AT","point","NA",0.920348951203662
"2021-12-10","7 day R","2021-01-15","AT","quantile","0.025",0.714285929676213
"2021-12-10","7 day R","2021-01-15","AT","quantile","0.975",1.12249774807741
"2021-12-10","7 day R","2021-01-16","AT","point","NA",0.894962241170346
"2021-12-10","7 day R","2021-01-16","AT","quantile","0.025",0.689699971981806
"2021-12-10","7 day R","2021-01-16","AT","quantile","0.975",1.09695499512391
"2021-12-10","7 day R","2021-01-17","AT","point","NA",0.878198168291847
"2021-12-10","7 day R","2021-01-17","AT","quantile","0.025",0.668123919353763
"2021-12-10","7 day R","2021-01-17","AT","quantile","0.975",1.08335191275852
"2021-12-10","7 day R","2021-01-18","AT","point","NA",0.871443000252539
"2021-12-10","7 day R","2021-01-18","AT","quantile","0.025",0.667247284524454
"2021-12-10","7 day R","2021-01-18","AT","quantile","0.975",1.07723295215385
"2021-12-10","7 day R","2021-01-19","AT","point","NA",0.870870825312178
"2021-12-10","7 day R","2021-01-19","AT","quantile","0.025",0.667557365923881
"2021-12-10","7 day R","2021-01-19","AT","quantile","0.975",1.07588229248277
"2021-12-10","7 day R","2021-01-20","AT","point","NA",0.870849701210069
"2021-12-10","7 day R","2021-01-20","AT","quantile","0.025",0.664331583373627
"2021-12-10","7 day R","2021-01-20","AT","quantile","0.975",1.07453635658797
"2021-12-10","7 day R","2021-01-21","AT","point","NA",0.875408041363021
"2021-12-10","7 day R","2021-01-21","AT","quantile","0.025",0.66833088116997
"2021-12-10","7 day R","2021-01-21","AT","quantile","0.975",1.0822769076639
"2021-12-10","7 day R","2021-01-22","AT","point","NA",0.899719580461034
"2021-12-10","7 day R","2021-01-22","AT","quantile","0.025",0.695221238875664
"2021-12-10","7 day R","2021-01-22","AT","quantile","0.975",1.10490579425344
"2021-12-10","7 day R","2021-01-23","AT","point","NA",0.893527640417479
"2021-12-10","7 day R","2021-01-23","AT","quantile","0.025",0.688005253319306
"2021-12-10","7 day R","2021-01-23","AT","quantile","0.975",1.09747959657135
"2021-12-10","7 day R","2021-01-24","AT","point","NA",0.885894168424626
"2021-12-10","7 day R","2021-01-24","AT","quantile","0.025",0.681159968210607
"2021-12-10","7 day R","2021-01-24","AT","quantile","0.975",1.09031677436965
"2021-12-10","7 day R","2021-01-25","AT","point","NA",0.881683389384208
"2021-12-10","7 day R","2021-01-25","AT","quantile","0.025",0.674949498866673
"2021-12-10","7 day R","2021-01-25","AT","quantile","0.975",1.08661864456138
"2021-12-10","7 day R","2021-01-26","AT","point","NA",0.885181587839157
"2021-12-10","7 day R","2021-01-26","AT","quantile","0.025",0.679159314627654
"2021-12-10","7 day R","2021-01-26","AT","quantile","0.975",1.09056292134464
"2021-12-10","7 day R","2021-01-27","AT","point","NA",0.881802435130691
"2021-12-10","7 day R","2021-01-27","AT","quantile","0.025",0.676229405758397
"2021-12-10","7 day R","2021-01-27","AT","quantile","0.975",1.08883762752344
"2021-12-10","7 day R","2021-01-28","AT","point","NA",0.875057039145641
"2021-12-10","7 day R","2021-01-28","AT","quantile","0.025",0.6699236606338
"2021-12-10","7 day R","2021-01-28","AT","quantile","0.975",1.07959903593834
"2021-12-10","7 day R","2021-01-29","AT","point","NA",0.888537961795942
"2021-12-10","7 day R","2021-01-29","AT","quantile","0.025",0.682431894392504
"2021-12-10","7 day R","2021-01-29","AT","quantile","0.975",1.09645482554378
"2021-12-10","7 day R","2021-01-30","AT","point","NA",0.904805880139258
"2021-12-10","7 day R","2021-01-30","AT","quantile","0.025",0.698178193338151
"2021-12-10","7 day R","2021-01-30","AT","quantile","0.975",1.11086675632326
"2021-12-10","7 day R","2021-01-31","AT","point","NA",0.915047271433491
"2021-12-10","7 day R","2021-01-31","AT","quantile","0.025",0.707615886666871
"2021-12-10","7 day R","2021-01-31","AT","quantile","0.975",1.12067319411717
"2021-12-10","7 day R","2021-02-01","AT","point","NA",0.924418224421935
"2021-12-10","7 day R","2021-02-01","AT","quantile","0.025",0.718258659818203
"2021-12-10","7 day R","2021-02-01","AT","quantile","0.975",1.13067184293597
"2021-12-10","7 day R","2021-02-02","AT","point","NA",0.925839616554705
"2021-12-10","7 day R","2021-02-02","AT","quantile","0.025",0.719436450358932
"2021-12-10","7 day R","2021-02-02","AT","quantile","0.975",1.13166462814416
"2021-12-10","7 day R","2021-02-03","AT","point","NA",0.927744358156119
"2021-12-10","7 day R","2021-02-03","AT","quantile","0.025",0.72117569538439
"2021-12-10","7 day R","2021-02-03","AT","quantile","0.975",1.13378332236797
"2021-12-10","7 day R","2021-02-04","AT","point","NA",0.928499207588772
"2021-12-10","7 day R","2021-02-04","AT","quantile","0.025",0.721149036097298
"2021-12-10","7 day R","2021-02-04","AT","quantile","0.975",1.1331487187052
"2021-12-10","7 day R","2021-02-05","AT","point","NA",0.936080906267433
"2021-12-10","7 day R","2021-02-05","AT","quantile","0.025",0.731887149198142
"2021-12-10","7 day R","2021-02-05","AT","quantile","0.975",1.13879886027785
"2021-12-10","7 day R","2021-02-06","AT","point","NA",0.952658775684721
"2021-12-10","7 day R","2021-02-06","AT","quantile","0.025",0.748997767102488
"2021-12-10","7 day R","2021-02-06","AT","quantile","0.975",1.15595079553409
"2021-12-10","7 day R","2021-02-07","AT","point","NA",0.971993783499072
"2021-12-10","7 day R","2021-02-07","AT","quantile","0.025",0.765973342962079
"2021-12-10","7 day R","2021-02-07","AT","quantile","0.975",1.17871631593962
"2021-12-10","7 day R","2021-02-08","AT","point","NA",0.979908918873516
"2021-12-10","7 day R","2021-02-08","AT","quantile","0.025",0.777446032632742
"2021-12-10","7 day R","2021-02-08","AT","quantile","0.975",1.18769874844945
"2021-12-10","7 day R","2021-02-09","AT","point","NA",0.986341721443781
"2021-12-10","7 day R","2021-02-09","AT","quantile","0.025",0.78100009075743
"2021-12-10","7 day R","2021-02-09","AT","quantile","0.975",1.19096154918903
"2021-12-10","7 day R","2021-02-10","AT","point","NA",0.997695888111745
"2021-12-10","7 day R","2021-02-10","AT","quantile","0.025",0.791864922807273
"2021-12-10","7 day R","2021-02-10","AT","quantile","0.975",1.20134718680502
"2021-12-10","7 day R","2021-02-11","AT","point","NA",1.01354317964383
"2021-12-10","7 day R","2021-02-11","AT","quantile","0.025",0.80581577962932
"2021-12-10","7 day R","2021-02-11","AT","quantile","0.975",1.21861662043843
"2021-12-10","7 day R","2021-02-12","AT","point","NA",1.03289885639674
"2021-12-10","7 day R","2021-02-12","AT","quantile","0.025",0.825721703074151
"2021-12-10","7 day R","2021-02-12","AT","quantile","0.975",1.23518667793607
"2021-12-10","7 day R","2021-02-13","AT","point","NA",1.03896365702855
"2021-12-10","7 day R","2021-02-13","AT","quantile","0.025",0.833212242072762
"2021-12-10","7 day R","2021-02-13","AT","quantile","0.975",1.24407679750012
"2021-12-10","7 day R","2021-02-14","AT","point","NA",1.05101917386247
"2021-12-10","7 day R","2021-02-14","AT","quantile","0.025",0.845731901515226
"2021-12-10","7 day R","2021-02-14","AT","quantile","0.975",1.25796432526165
"2021-12-10","7 day R","2021-02-15","AT","point","NA",1.07685713981951
"2021-12-10","7 day R","2021-02-15","AT","quantile","0.025",0.869523196760858
"2021-12-10","7 day R","2021-02-15","AT","quantile","0.975",1.28491060601881
"2021-12-10","7 day R","2021-02-16","AT","point","NA",1.09461756612727
"2021-12-10","7 day R","2021-02-16","AT","quantile","0.025",0.888349997357252
"2021-12-10","7 day R","2021-02-16","AT","quantile","0.975",1.29969445318414
"2021-12-10","7 day R","2021-02-17","AT","point","NA",1.11275410422476
"2021-12-10","7 day R","2021-02-17","AT","quantile","0.025",0.908294372234965
"2021-12-10","7 day R","2021-02-17","AT","quantile","0.975",1.31552602156472
"2021-12-10","7 day R","2021-02-18","AT","point","NA",1.12734262447378
"2021-12-10","7 day R","2021-02-18","AT","quantile","0.025",0.923604802338836
"2021-12-10","7 day R","2021-02-18","AT","quantile","0.975",1.33208801526198
"2021-12-10","7 day R","2021-02-19","AT","point","NA",1.1355130311441
"2021-12-10","7 day R","2021-02-19","AT","quantile","0.025",0.929188727400358
"2021-12-10","7 day R","2021-02-19","AT","quantile","0.975",1.33927717919548
"2021-12-10","7 day R","2021-02-20","AT","point","NA",1.14566951893581
"2021-12-10","7 day R","2021-02-20","AT","quantile","0.025",0.941307785878578
"2021-12-10","7 day R","2021-02-20","AT","quantile","0.975",1.35075122365192
"2021-12-10","7 day R","2021-02-21","AT","point","NA",1.15252077520071
"2021-12-10","7 day R","2021-02-21","AT","quantile","0.025",0.946439546835934
"2021-12-10","7 day R","2021-02-21","AT","quantile","0.975",1.35690244245383
"2021-12-10","7 day R","2021-02-22","AT","point","NA",1.14772224924541
"2021-12-10","7 day R","2021-02-22","AT","quantile","0.025",0.944427211700332
"2021-12-10","7 day R","2021-02-22","AT","quantile","0.975",1.35291878020664
"2021-12-10","7 day R","2021-02-23","AT","point","NA",1.15166813649347
"2021-12-10","7 day R","2021-02-23","AT","quantile","0.025",0.947405938217317
"2021-12-10","7 day R","2021-02-23","AT","quantile","0.975",1.35744032353053
"2021-12-10","7 day R","2021-02-24","AT","point","NA",1.15653751052031
"2021-12-10","7 day R","2021-02-24","AT","quantile","0.025",0.949738780560013
"2021-12-10","7 day R","2021-02-24","AT","quantile","0.975",1.35795420610362
"2021-12-10","7 day R","2021-02-25","AT","point","NA",1.1664738550079
"2021-12-10","7 day R","2021-02-25","AT","quantile","0.025",0.95966198604305
"2021-12-10","7 day R","2021-02-25","AT","quantile","0.975",1.37202949074996
"2021-12-10","7 day R","2021-02-26","AT","point","NA",1.16456700483876
"2021-12-10","7 day R","2021-02-26","AT","quantile","0.025",0.958467507612197
"2021-12-10","7 day R","2021-02-26","AT","quantile","0.975",1.3686993333611
"2021-12-10","7 day R","2021-02-27","AT","point","NA",1.17072908979474
"2021-12-10","7 day R","2021-02-27","AT","quantile","0.025",0.965710468025329
"2021-12-10","7 day R","2021-02-27","AT","quantile","0.975",1.37494095612596
"2021-12-10","7 day R","2021-02-28","AT","point","NA",1.16008196340486
"2021-12-10","7 day R","2021-02-28","AT","quantile","0.025",0.954914452928984
"2021-12-10","7 day R","2021-02-28","AT","quantile","0.975",1.36454940287883
"2021-12-10","7 day R","2021-03-01","AT","point","NA",1.14280432171791
"2021-12-10","7 day R","2021-03-01","AT","quantile","0.025",0.939709940205732
"2021-12-10","7 day R","2021-03-01","AT","quantile","0.975",1.34810691447239
"2021-12-10","7 day R","2021-03-02","AT","point","NA",1.13985106188954
"2021-12-10","7 day R","2021-03-02","AT","quantile","0.025",0.93231842269137
"2021-12-10","7 day R","2021-03-02","AT","quantile","0.975",1.34541048524095
"2021-12-10","7 day R","2021-03-03","AT","point","NA",1.1443462175851
"2021-12-10","7 day R","2021-03-03","AT","quantile","0.025",0.941019266315398
"2021-12-10","7 day R","2021-03-03","AT","quantile","0.975",1.35287217970047
"2021-12-10","7 day R","2021-03-04","AT","point","NA",1.13900145847287
"2021-12-10","7 day R","2021-03-04","AT","quantile","0.025",0.930533050250644
"2021-12-10","7 day R","2021-03-04","AT","quantile","0.975",1.34633938294718
"2021-12-10","7 day R","2021-03-05","AT","point","NA",1.14631812437025
"2021-12-10","7 day R","2021-03-05","AT","quantile","0.025",0.940067423986196
"2021-12-10","7 day R","2021-03-05","AT","quantile","0.975",1.35256784988575
"2021-12-10","7 day R","2021-03-06","AT","point","NA",1.14534182946739
"2021-12-10","7 day R","2021-03-06","AT","quantile","0.025",0.939692778936439
"2021-12-10","7 day R","2021-03-06","AT","quantile","0.975",1.35043366870549
"2021-12-10","7 day R","2021-03-07","AT","point","NA",1.14396092460883
"2021-12-10","7 day R","2021-03-07","AT","quantile","0.025",0.936133813535462
"2021-12-10","7 day R","2021-03-07","AT","quantile","0.975",1.34964635324629
"2021-12-10","7 day R","2021-03-08","AT","point","NA",1.14498518919295
"2021-12-10","7 day R","2021-03-08","AT","quantile","0.025",0.937868327845678
"2021-12-10","7 day R","2021-03-08","AT","quantile","0.975",1.35088136852264
"2021-12-10","7 day R","2021-03-09","AT","point","NA",1.1435172825275
"2021-12-10","7 day R","2021-03-09","AT","quantile","0.025",0.935954744435442
"2021-12-10","7 day R","2021-03-09","AT","quantile","0.975",1.34882699987036
"2021-12-10","7 day R","2021-03-10","AT","point","NA",1.13941630711751
"2021-12-10","7 day R","2021-03-10","AT","quantile","0.025",0.933415684468704
"2021-12-10","7 day R","2021-03-10","AT","quantile","0.975",1.34469176865479
"2021-12-10","7 day R","2021-03-11","AT","point","NA",1.14860816706563
"2021-12-10","7 day R","2021-03-11","AT","quantile","0.025",0.941671858885706
"2021-12-10","7 day R","2021-03-11","AT","quantile","0.975",1.3553853169248
"2021-12-10","7 day R","2021-03-12","AT","point","NA",1.14913438650847
"2021-12-10","7 day R","2021-03-12","AT","quantile","0.025",0.946354058669487
"2021-12-10","7 day R","2021-03-12","AT","quantile","0.975",1.35463292541546
"2021-12-10","7 day R","2021-03-13","AT","point","NA",1.14251892451567
"2021-12-10","7 day R","2021-03-13","AT","quantile","0.025",0.936256409862216
"2021-12-10","7 day R","2021-03-13","AT","quantile","0.975",1.34701941554674
"2021-12-10","7 day R","2021-03-14","AT","point","NA",1.13203798515337
"2021-12-10","7 day R","2021-03-14","AT","quantile","0.025",0.926030661508518
"2021-12-10","7 day R","2021-03-14","AT","quantile","0.975",1.33658365557166
"2021-12-10","7 day R","2021-03-15","AT","point","NA",1.12242645349805
"2021-12-10","7 day R","2021-03-15","AT","quantile","0.025",0.916243181672674
"2021-12-10","7 day R","2021-03-15","AT","quantile","0.975",1.325718854571
"2021-12-10","7 day R","2021-03-16","AT","point","NA",1.12596982031865
"2021-12-10","7 day R","2021-03-16","AT","quantile","0.025",0.918457773702364
"2021-12-10","7 day R","2021-03-16","AT","quantile","0.975",1.33131502769493
"2021-12-10","7 day R","2021-03-17","AT","point","NA",1.14016492447655
"2021-12-10","7 day R","2021-03-17","AT","quantile","0.025",0.933566649338684
"2021-12-10","7 day R","2021-03-17","AT","quantile","0.975",1.34941122816615
"2021-12-10","7 day R","2021-03-18","AT","point","NA",1.14387605759706
"2021-12-10","7 day R","2021-03-18","AT","quantile","0.025",0.934992713598917
"2021-12-10","7 day R","2021-03-18","AT","quantile","0.975",1.34976472942822
"2021-12-10","7 day R","2021-03-19","AT","point","NA",1.1401707171902
"2021-12-10","7 day R","2021-03-19","AT","quantile","0.025",0.933184451331586
"2021-12-10","7 day R","2021-03-19","AT","quantile","0.975",1.34747534807722
"2021-12-10","7 day R","2021-03-20","AT","point","NA",1.13179563483386
"2021-12-10","7 day R","2021-03-20","AT","quantile","0.025",0.925095375807332
"2021-12-10","7 day R","2021-03-20","AT","quantile","0.975",1.33846056155341
"2021-12-10","7 day R","2021-03-21","AT","point","NA",1.1210330942737
"2021-12-10","7 day R","2021-03-21","AT","quantile","0.025",0.911331111872046
"2021-12-10","7 day R","2021-03-21","AT","quantile","0.975",1.3273499797121
"2021-12-10","7 day R","2021-03-22","AT","point","NA",1.11500929537235
"2021-12-10","7 day R","2021-03-22","AT","quantile","0.025",0.907779887180283
"2021-12-10","7 day R","2021-03-22","AT","quantile","0.975",1.31954472192527
"2021-12-10","7 day R","2021-03-23","AT","point","NA",1.11185460686496
"2021-12-10","7 day R","2021-03-23","AT","quantile","0.025",0.906441838432593
"2021-12-10","7 day R","2021-03-23","AT","quantile","0.975",1.3150409992766
"2021-12-10","7 day R","2021-03-24","AT","point","NA",1.08943678146802
"2021-12-10","7 day R","2021-03-24","AT","quantile","0.025",0.885879825274981
"2021-12-10","7 day R","2021-03-24","AT","quantile","0.975",1.29470780715331
"2021-12-10","7 day R","2021-03-25","AT","point","NA",1.07852787632635
"2021-12-10","7 day R","2021-03-25","AT","quantile","0.025",0.873955799486948
"2021-12-10","7 day R","2021-03-25","AT","quantile","0.975",1.2813196700258
"2021-12-10","7 day R","2021-03-26","AT","point","NA",1.08061552054838
"2021-12-10","7 day R","2021-03-26","AT","quantile","0.025",0.877282333936908
"2021-12-10","7 day R","2021-03-26","AT","quantile","0.975",1.28734800678046
"2021-12-10","7 day R","2021-03-27","AT","point","NA",1.07035691899691
"2021-12-10","7 day R","2021-03-27","AT","quantile","0.025",0.864308302220569
"2021-12-10","7 day R","2021-03-27","AT","quantile","0.975",1.27664040677369
"2021-12-10","7 day R","2021-03-28","AT","point","NA",1.06072142214363
"2021-12-10","7 day R","2021-03-28","AT","quantile","0.025",0.85586692882822
"2021-12-10","7 day R","2021-03-28","AT","quantile","0.975",1.26621043858909
"2021-12-10","7 day R","2021-03-29","AT","point","NA",1.05767486832809
"2021-12-10","7 day R","2021-03-29","AT","quantile","0.025",0.849166665389172
"2021-12-10","7 day R","2021-03-29","AT","quantile","0.975",1.26518656039945
"2021-12-10","7 day R","2021-03-30","AT","point","NA",1.03691217235074
"2021-12-10","7 day R","2021-03-30","AT","quantile","0.025",0.826936774303561
"2021-12-10","7 day R","2021-03-30","AT","quantile","0.975",1.24267655959957
"2021-12-10","7 day R","2021-03-31","AT","point","NA",1.01480298655457
"2021-12-10","7 day R","2021-03-31","AT","quantile","0.025",0.804986554241683
"2021-12-10","7 day R","2021-03-31","AT","quantile","0.975",1.22310458391622
"2021-12-10","7 day R","2021-04-01","AT","point","NA",0.989455887196144
"2021-12-10","7 day R","2021-04-01","AT","quantile","0.025",0.783070387296444
"2021-12-10","7 day R","2021-04-01","AT","quantile","0.975",1.19471139387186
"2021-12-10","7 day R","2021-04-02","AT","point","NA",0.967355707006548
"2021-12-10","7 day R","2021-04-02","AT","quantile","0.025",0.760195949587228
"2021-12-10","7 day R","2021-04-02","AT","quantile","0.975",1.1745271898347
"2021-12-10","7 day R","2021-04-03","AT","point","NA",0.955485786198312
"2021-12-10","7 day R","2021-04-03","AT","quantile","0.025",0.752371436845049
"2021-12-10","7 day R","2021-04-03","AT","quantile","0.975",1.16222473038741
"2021-12-10","7 day R","2021-04-04","AT","point","NA",0.941215833758527
"2021-12-10","7 day R","2021-04-04","AT","quantile","0.025",0.736658579323681
"2021-12-10","7 day R","2021-04-04","AT","quantile","0.975",1.14802222939458
"2021-12-10","7 day R","2021-04-05","AT","point","NA",0.921250384558537
"2021-12-10","7 day R","2021-04-05","AT","quantile","0.025",0.715128654950375
"2021-12-10","7 day R","2021-04-05","AT","quantile","0.975",1.12863185744014
"2021-12-10","7 day R","2021-04-06","AT","point","NA",0.90442691117773
"2021-12-10","7 day R","2021-04-06","AT","quantile","0.025",0.697357906522258
"2021-12-10","7 day R","2021-04-06","AT","quantile","0.975",1.11282507091635
"2021-12-10","7 day R","2021-04-07","AT","point","NA",0.907258405562976
"2021-12-10","7 day R","2021-04-07","AT","quantile","0.025",0.699588042470204
"2021-12-10","7 day R","2021-04-07","AT","quantile","0.975",1.11326068996236
"2021-12-10","7 day R","2021-04-08","AT","point","NA",0.909004395398333
"2021-12-10","7 day R","2021-04-08","AT","quantile","0.025",0.7019310337944
"2021-12-10","7 day R","2021-04-08","AT","quantile","0.975",1.11442812293447
"2021-12-10","7 day R","2021-04-09","AT","point","NA",0.911060742004923
"2021-12-10","7 day R","2021-04-09","AT","quantile","0.025",0.706189939193159
"2021-12-10","7 day R","2021-04-09","AT","quantile","0.975",1.11777367268209
"2021-12-10","7 day R","2021-04-10","AT","point","NA",0.921120289118848
"2021-12-10","7 day R","2021-04-10","AT","quantile","0.025",0.7160707970237
"2021-12-10","7 day R","2021-04-10","AT","quantile","0.975",1.12392601857734
"2021-12-10","7 day R","2021-04-11","AT","point","NA",0.915154306272544
"2021-12-10","7 day R","2021-04-11","AT","quantile","0.025",0.708292558569378
"2021-12-10","7 day R","2021-04-11","AT","quantile","0.975",1.11845518222004
"2021-12-10","7 day R","2021-04-12","AT","point","NA",0.912375117577662
"2021-12-10","7 day R","2021-04-12","AT","quantile","0.025",0.707757280743073
"2021-12-10","7 day R","2021-04-12","AT","quantile","0.975",1.11617670370307
"2021-12-10","7 day R","2021-04-13","AT","point","NA",0.913268718092967
"2021-12-10","7 day R","2021-04-13","AT","quantile","0.025",0.707572531301889
"2021-12-10","7 day R","2021-04-13","AT","quantile","0.975",1.11496451620361
"2021-12-10","7 day R","2021-04-14","AT","point","NA",0.906868797792581
"2021-12-10","7 day R","2021-04-14","AT","quantile","0.025",0.700435148782662
"2021-12-10","7 day R","2021-04-14","AT","quantile","0.975",1.11298376813922
"2021-12-10","7 day R","2021-04-15","AT","point","NA",0.896849839415036
"2021-12-10","7 day R","2021-04-15","AT","quantile","0.025",0.693109973893315
"2021-12-10","7 day R","2021-04-15","AT","quantile","0.975",1.10259969593919
"2021-12-10","7 day R","2021-04-16","AT","point","NA",0.885893192860529
"2021-12-10","7 day R","2021-04-16","AT","quantile","0.025",0.680892393389841
"2021-12-10","7 day R","2021-04-16","AT","quantile","0.975",1.09164450560932
"2021-12-10","7 day R","2021-04-17","AT","point","NA",0.883442642511911
"2021-12-10","7 day R","2021-04-17","AT","quantile","0.025",0.678712983353993
"2021-12-10","7 day R","2021-04-17","AT","quantile","0.975",1.09101266679023
"2021-12-10","7 day R","2021-04-18","AT","point","NA",0.897038678040589
"2021-12-10","7 day R","2021-04-18","AT","quantile","0.025",0.691923418918397
"2021-12-10","7 day R","2021-04-18","AT","quantile","0.975",1.10138858834225
"2021-12-10","7 day R","2021-04-19","AT","point","NA",0.910587400270381
"2021-12-10","7 day R","2021-04-19","AT","quantile","0.025",0.703776694976646
"2021-12-10","7 day R","2021-04-19","AT","quantile","0.975",1.11559356486752
"2021-12-10","7 day R","2021-04-20","AT","point","NA",0.908352952413613
"2021-12-10","7 day R","2021-04-20","AT","quantile","0.025",0.700251512036148
"2021-12-10","7 day R","2021-04-20","AT","quantile","0.975",1.11522468468823
"2021-12-10","7 day R","2021-04-21","AT","point","NA",0.902643862949335
"2021-12-10","7 day R","2021-04-21","AT","quantile","0.025",0.695211032635645
"2021-12-10","7 day R","2021-04-21","AT","quantile","0.975",1.10974881676189
"2021-12-10","7 day R","2021-04-22","AT","point","NA",0.899564589277234
"2021-12-10","7 day R","2021-04-22","AT","quantile","0.025",0.691416513094336
"2021-12-10","7 day R","2021-04-22","AT","quantile","0.975",1.10592478225257
"2021-12-10","7 day R","2021-04-23","AT","point","NA",0.895654480882551
"2021-12-10","7 day R","2021-04-23","AT","quantile","0.025",0.690991446250207
"2021-12-10","7 day R","2021-04-23","AT","quantile","0.975",1.09966374424551
"2021-12-10","7 day R","2021-04-24","AT","point","NA",0.893273903436546
"2021-12-10","7 day R","2021-04-24","AT","quantile","0.025",0.68718216163138
"2021-12-10","7 day R","2021-04-24","AT","quantile","0.975",1.09933151638356
"2021-12-10","7 day R","2021-04-25","AT","point","NA",0.890346769223472
"2021-12-10","7 day R","2021-04-25","AT","quantile","0.025",0.685541618773784
"2021-12-10","7 day R","2021-04-25","AT","quantile","0.975",1.09575159357281
"2021-12-10","7 day R","2021-04-26","AT","point","NA",0.882146516218372
"2021-12-10","7 day R","2021-04-26","AT","quantile","0.025",0.677437852295363
"2021-12-10","7 day R","2021-04-26","AT","quantile","0.975",1.08870238533304
"2021-12-10","7 day R","2021-04-27","AT","point","NA",0.876544244037475
"2021-12-10","7 day R","2021-04-27","AT","quantile","0.025",0.669895010747928
"2021-12-10","7 day R","2021-04-27","AT","quantile","0.975",1.08475630808117
"2021-12-10","7 day R","2021-04-28","AT","point","NA",0.874833119719797
"2021-12-10","7 day R","2021-04-28","AT","quantile","0.025",0.672068116055296
"2021-12-10","7 day R","2021-04-28","AT","quantile","0.975",1.08038693348875
"2021-12-10","7 day R","2021-04-29","AT","point","NA",0.867641309094258
"2021-12-10","7 day R","2021-04-29","AT","quantile","0.025",0.663026622634438
"2021-12-10","7 day R","2021-04-29","AT","quantile","0.975",1.07507527832291
"2021-12-10","7 day R","2021-04-30","AT","point","NA",0.847652510202343
"2021-12-10","7 day R","2021-04-30","AT","quantile","0.025",0.64246170622642
"2021-12-10","7 day R","2021-04-30","AT","quantile","0.975",1.05309830517536
"2021-12-10","7 day R","2021-05-01","AT","point","NA",0.822352796878648
"2021-12-10","7 day R","2021-05-01","AT","quantile","0.025",0.615520036039691
"2021-12-10","7 day R","2021-05-01","AT","quantile","0.975",1.02861466152983
"2021-12-10","7 day R","2021-05-02","AT","point","NA",0.804737590136258
"2021-12-10","7 day R","2021-05-02","AT","quantile","0.025",0.599420451901597
"2021-12-10","7 day R","2021-05-02","AT","quantile","0.975",1.01171445511322
"2021-12-10","7 day R","2021-05-03","AT","point","NA",0.78533517056322
"2021-12-10","7 day R","2021-05-03","AT","quantile","0.025",0.580036208027732
"2021-12-10","7 day R","2021-05-03","AT","quantile","0.975",0.986891737585097
"2021-12-10","7 day R","2021-05-04","AT","point","NA",0.769727582532033
"2021-12-10","7 day R","2021-05-04","AT","quantile","0.025",0.563874425863678
"2021-12-10","7 day R","2021-05-04","AT","quantile","0.975",0.974315218813095
"2021-12-10","7 day R","2021-05-05","AT","point","NA",0.747470472752077
"2021-12-10","7 day R","2021-05-05","AT","quantile","0.025",0.540446111552334
"2021-12-10","7 day R","2021-05-05","AT","quantile","0.975",0.95543311188064
"2021-12-10","7 day R","2021-05-06","AT","point","NA",0.726996209810274
"2021-12-10","7 day R","2021-05-06","AT","quantile","0.025",0.519492922927484
"2021-12-10","7 day R","2021-05-06","AT","quantile","0.975",0.935948191324603
"2021-12-10","7 day R","2021-05-07","AT","point","NA",0.71814519328015
"2021-12-10","7 day R","2021-05-07","AT","quantile","0.025",0.513747301065282
"2021-12-10","7 day R","2021-05-07","AT","quantile","0.975",0.926016987859262
"2021-12-10","7 day R","2021-05-08","AT","point","NA",0.714521583793421
"2021-12-10","7 day R","2021-05-08","AT","quantile","0.025",0.509572695442534
"2021-12-10","7 day R","2021-05-08","AT","quantile","0.975",0.919203036060649
"2021-12-10","7 day R","2021-05-09","AT","point","NA",0.707358119807179
"2021-12-10","7 day R","2021-05-09","AT","quantile","0.025",0.504440543722625
"2021-12-10","7 day R","2021-05-09","AT","quantile","0.975",0.913308443662052
"2021-12-10","7 day R","2021-05-10","AT","point","NA",0.703035502257591
"2021-12-10","7 day R","2021-05-10","AT","quantile","0.025",0.500094957618106
"2021-12-10","7 day R","2021-05-10","AT","quantile","0.975",0.908997250620006
"2021-12-10","7 day R","2021-05-11","AT","point","NA",0.692676248889414
"2021-12-10","7 day R","2021-05-11","AT","quantile","0.025",0.488569226937966
"2021-12-10","7 day R","2021-05-11","AT","quantile","0.975",0.898671794179762
"2021-12-10","7 day R","2021-05-12","AT","point","NA",0.680687118030568
"2021-12-10","7 day R","2021-05-12","AT","quantile","0.025",0.477636204894846
"2021-12-10","7 day R","2021-05-12","AT","quantile","0.975",0.884150244813749
"2021-12-10","7 day R","2021-05-13","AT","point","NA",0.666042219083288
"2021-12-10","7 day R","2021-05-13","AT","quantile","0.025",0.459767148573042
"2021-12-10","7 day R","2021-05-13","AT","quantile","0.975",0.869081534364964
"2021-12-10","7 day R","2021-05-14","AT","point","NA",0.652030374124958
"2021-12-10","7 day R","2021-05-14","AT","quantile","0.025",0.446216387771285
"2021-12-10","7 day R","2021-05-14","AT","quantile","0.975",0.855060141420309
"2021-12-10","7 day R","2021-05-15","AT","point","NA",0.643604698746181
"2021-12-10","7 day R","2021-05-15","AT","quantile","0.025",0.437593521251875
"2021-12-10","7 day R","2021-05-15","AT","quantile","0.975",0.847031164427467
"2021-12-10","7 day R","2021-05-16","AT","point","NA",0.649636120848581
"2021-12-10","7 day R","2021-05-16","AT","quantile","0.025",0.445270334228329
"2021-12-10","7 day R","2021-05-16","AT","quantile","0.975",0.85407819894586
"2021-12-10","7 day R","2021-05-17","AT","point","NA",0.65746938762946
"2021-12-10","7 day R","2021-05-17","AT","quantile","0.025",0.451303618683843
"2021-12-10","7 day R","2021-05-17","AT","quantile","0.975",0.864949197712289
"2021-12-10","7 day R","2021-05-18","AT","point","NA",0.66752047719676
"2021-12-10","7 day R","2021-05-18","AT","quantile","0.025",0.462905904843717
"2021-12-10","7 day R","2021-05-18","AT","quantile","0.975",0.873091775793949
"2021-12-10","7 day R","2021-05-19","AT","point","NA",0.673987659560691
"2021-12-10","7 day R","2021-05-19","AT","quantile","0.025",0.469210849273694
"2021-12-10","7 day R","2021-05-19","AT","quantile","0.975",0.880708272299101
"2021-12-10","7 day R","2021-05-20","AT","point","NA",0.66548893653056
"2021-12-10","7 day R","2021-05-20","AT","quantile","0.025",0.457642584844997
"2021-12-10","7 day R","2021-05-20","AT","quantile","0.975",0.87063718089334
"2021-12-10","7 day R","2021-05-21","AT","point","NA",0.669085661206495
"2021-12-10","7 day R","2021-05-21","AT","quantile","0.025",0.463610868144986
"2021-12-10","7 day R","2021-05-21","AT","quantile","0.975",0.875479558727063
"2021-12-10","7 day R","2021-05-22","AT","point","NA",0.671421146269914
"2021-12-10","7 day R","2021-05-22","AT","quantile","0.025",0.465502971639724
"2021-12-10","7 day R","2021-05-22","AT","quantile","0.975",0.878211328111717
"2021-12-10","7 day R","2021-05-23","AT","point","NA",0.671377671938025
"2021-12-10","7 day R","2021-05-23","AT","quantile","0.025",0.46840152047832
"2021-12-10","7 day R","2021-05-23","AT","quantile","0.975",0.87531648236228
"2021-12-10","7 day R","2021-05-24","AT","point","NA",0.674300576437607
"2021-12-10","7 day R","2021-05-24","AT","quantile","0.025",0.47139683936709
"2021-12-10","7 day R","2021-05-24","AT","quantile","0.975",0.876311438543479
"2021-12-10","7 day R","2021-05-25","AT","point","NA",0.678344655817054
"2021-12-10","7 day R","2021-05-25","AT","quantile","0.025",0.474392652215119
"2021-12-10","7 day R","2021-05-25","AT","quantile","0.975",0.882697880403782
"2021-12-10","7 day R","2021-05-26","AT","point","NA",0.683563152680856
"2021-12-10","7 day R","2021-05-26","AT","quantile","0.025",0.479810702363826
"2021-12-10","7 day R","2021-05-26","AT","quantile","0.975",0.890853801207398
"2021-12-10","7 day R","2021-05-27","AT","point","NA",0.70758212170981
"2021-12-10","7 day R","2021-05-27","AT","quantile","0.025",0.504234178236581
"2021-12-10","7 day R","2021-05-27","AT","quantile","0.975",0.912510252676595
"2021-12-10","7 day R","2021-05-28","AT","point","NA",0.713431642277194
"2021-12-10","7 day R","2021-05-28","AT","quantile","0.025",0.50928953070989
"2021-12-10","7 day R","2021-05-28","AT","quantile","0.975",0.912492226055939
"2021-12-10","7 day R","2021-05-29","AT","point","NA",0.709490250264599
"2021-12-10","7 day R","2021-05-29","AT","quantile","0.025",0.506249072101523
"2021-12-10","7 day R","2021-05-29","AT","quantile","0.975",0.91360819492107
"2021-12-10","7 day R","2021-05-30","AT","point","NA",0.695295448040164
"2021-12-10","7 day R","2021-05-30","AT","quantile","0.025",0.492738113921151
"2021-12-10","7 day R","2021-05-30","AT","quantile","0.975",0.897250936917902
"2021-12-10","7 day R","2021-05-31","AT","point","NA",0.686963395630988
"2021-12-10","7 day R","2021-05-31","AT","quantile","0.025",0.483218055623883
"2021-12-10","7 day R","2021-05-31","AT","quantile","0.975",0.890416339988631
"2021-12-10","7 day R","2021-06-01","AT","point","NA",0.688010483767589
"2021-12-10","7 day R","2021-06-01","AT","quantile","0.025",0.482761760988781
"2021-12-10","7 day R","2021-06-01","AT","quantile","0.975",0.890626660368194
"2021-12-10","7 day R","2021-06-02","AT","point","NA",0.680318774643113
"2021-12-10","7 day R","2021-06-02","AT","quantile","0.025",0.472197103008586
"2021-12-10","7 day R","2021-06-02","AT","quantile","0.975",0.88662873688169
"2021-12-10","7 day R","2021-06-03","AT","point","NA",0.6740071897058
"2021-12-10","7 day R","2021-06-03","AT","quantile","0.025",0.467149506262898
"2021-12-10","7 day R","2021-06-03","AT","quantile","0.975",0.881854090038487
"2021-12-10","7 day R","2021-06-04","AT","point","NA",0.685955998727374
"2021-12-10","7 day R","2021-06-04","AT","quantile","0.025",0.479290028966188
"2021-12-10","7 day R","2021-06-04","AT","quantile","0.975",0.888742546359187
"2021-12-10","7 day R","2021-06-05","AT","point","NA",0.70314254461202
"2021-12-10","7 day R","2021-06-05","AT","quantile","0.025",0.498553466209876
"2021-12-10","7 day R","2021-06-05","AT","quantile","0.975",0.909305784836425
"2021-12-10","7 day R","2021-06-06","AT","point","NA",0.73225065954521
"2021-12-10","7 day R","2021-06-06","AT","quantile","0.025",0.528147057478408
"2021-12-10","7 day R","2021-06-06","AT","quantile","0.975",0.938407355696599
"2021-12-10","7 day R","2021-06-07","AT","point","NA",0.740471919797675
"2021-12-10","7 day R","2021-06-07","AT","quantile","0.025",0.536806118726526
"2021-12-10","7 day R","2021-06-07","AT","quantile","0.975",0.946424786212313
"2021-12-10","7 day R","2021-06-08","AT","point","NA",0.732066911028272
"2021-12-10","7 day R","2021-06-08","AT","quantile","0.025",0.524673895763263
"2021-12-10","7 day R","2021-06-08","AT","quantile","0.975",0.943747227373219
"2021-12-10","7 day R","2021-06-09","AT","point","NA",0.717728110818158
"2021-12-10","7 day R","2021-06-09","AT","quantile","0.025",0.509477724846339
"2021-12-10","7 day R","2021-06-09","AT","quantile","0.975",0.924410295179155
"2021-12-10","7 day R","2021-06-10","AT","point","NA",0.687725011713869
"2021-12-10","7 day R","2021-06-10","AT","quantile","0.025",0.480704960659997
"2021-12-10","7 day R","2021-06-10","AT","quantile","0.975",0.895664814614135
"2021-12-10","7 day R","2021-06-11","AT","point","NA",0.655628110126078
"2021-12-10","7 day R","2021-06-11","AT","quantile","0.025",0.449848672312022
"2021-12-10","7 day R","2021-06-11","AT","quantile","0.975",0.86115472601986
"2021-12-10","7 day R","2021-06-12","AT","point","NA",0.637610607346861
"2021-12-10","7 day R","2021-06-12","AT","quantile","0.025",0.432979937663258
"2021-12-10","7 day R","2021-06-12","AT","quantile","0.975",0.842600993238497
"2021-12-10","7 day R","2021-06-13","AT","point","NA",0.631329920939271
"2021-12-10","7 day R","2021-06-13","AT","quantile","0.025",0.426615962537588
"2021-12-10","7 day R","2021-06-13","AT","quantile","0.975",0.837213949531098
"2021-12-10","7 day R","2021-06-14","AT","point","NA",0.610806476972816
"2021-12-10","7 day R","2021-06-14","AT","quantile","0.025",0.407542260074002
"2021-12-10","7 day R","2021-06-14","AT","quantile","0.975",0.8124398834459
"2021-12-10","7 day R","2021-06-15","AT","point","NA",0.596814587206875
"2021-12-10","7 day R","2021-06-15","AT","quantile","0.025",0.393852601751764
"2021-12-10","7 day R","2021-06-15","AT","quantile","0.975",0.799505915304595
"2021-12-10","7 day R","2021-06-16","AT","point","NA",0.583824203668749
"2021-12-10","7 day R","2021-06-16","AT","quantile","0.025",0.378346023417453
"2021-12-10","7 day R","2021-06-16","AT","quantile","0.975",0.787305195195585
"2021-12-10","7 day R","2021-06-17","AT","point","NA",0.58930087931749
"2021-12-10","7 day R","2021-06-17","AT","quantile","0.025",0.386808643789618
"2021-12-10","7 day R","2021-06-17","AT","quantile","0.975",0.795827054330051
"2021-12-10","7 day R","2021-06-18","AT","point","NA",0.582670534898464
"2021-12-10","7 day R","2021-06-18","AT","quantile","0.025",0.374715978910395
"2021-12-10","7 day R","2021-06-18","AT","quantile","0.975",0.787752176428656
"2021-12-10","7 day R","2021-06-19","AT","point","NA",0.585913695161639
"2021-12-10","7 day R","2021-06-19","AT","quantile","0.025",0.37686953163311
"2021-12-10","7 day R","2021-06-19","AT","quantile","0.975",0.793536340844796
"2021-12-10","7 day R","2021-06-20","AT","point","NA",0.599021665282016
"2021-12-10","7 day R","2021-06-20","AT","quantile","0.025",0.393590723478417
"2021-12-10","7 day R","2021-06-20","AT","quantile","0.975",0.805617315211054
"2021-12-10","7 day R","2021-06-21","AT","point","NA",0.600564535228108
"2021-12-10","7 day R","2021-06-21","AT","quantile","0.025",0.391065489231478
"2021-12-10","7 day R","2021-06-21","AT","quantile","0.975",0.807817727311125
"2021-12-10","7 day R","2021-06-22","AT","point","NA",0.593180237044281
"2021-12-10","7 day R","2021-06-22","AT","quantile","0.025",0.385832317352634
"2021-12-10","7 day R","2021-06-22","AT","quantile","0.975",0.796302604109207
"2021-12-10","7 day R","2021-06-23","AT","point","NA",0.598202813079368
"2021-12-10","7 day R","2021-06-23","AT","quantile","0.025",0.396241405859584
"2021-12-10","7 day R","2021-06-23","AT","quantile","0.975",0.803394091022078
"2021-12-10","7 day R","2021-06-24","AT","point","NA",0.608467190794626
"2021-12-10","7 day R","2021-06-24","AT","quantile","0.025",0.403124128638545
"2021-12-10","7 day R","2021-06-24","AT","quantile","0.975",0.811440295381681
"2021-12-10","7 day R","2021-06-25","AT","point","NA",0.6400588338441
"2021-12-10","7 day R","2021-06-25","AT","quantile","0.025",0.437093838351099
"2021-12-10","7 day R","2021-06-25","AT","quantile","0.975",0.844513350291983
"2021-12-10","7 day R","2021-06-26","AT","point","NA",0.678007614128524
"2021-12-10","7 day R","2021-06-26","AT","quantile","0.025",0.472188325671792
"2021-12-10","7 day R","2021-06-26","AT","quantile","0.975",0.884753130110572
"2021-12-10","7 day R","2021-06-27","AT","point","NA",0.661141694292293
"2021-12-10","7 day R","2021-06-27","AT","quantile","0.025",0.455617654020216
"2021-12-10","7 day R","2021-06-27","AT","quantile","0.975",0.868552603004977
"2021-12-10","7 day R","2021-06-28","AT","point","NA",0.651262931823438
"2021-12-10","7 day R","2021-06-28","AT","quantile","0.025",0.448246663137513
"2021-12-10","7 day R","2021-06-28","AT","quantile","0.975",0.855191732110504
"2021-12-10","7 day R","2021-06-29","AT","point","NA",0.644003911867144
"2021-12-10","7 day R","2021-06-29","AT","quantile","0.025",0.436649802937279
"2021-12-10","7 day R","2021-06-29","AT","quantile","0.975",0.850412927990109
"2021-12-10","7 day R","2021-06-30","AT","point","NA",0.66511249365315
"2021-12-10","7 day R","2021-06-30","AT","quantile","0.025",0.451892208372325
"2021-12-10","7 day R","2021-06-30","AT","quantile","0.975",0.873846212862858
"2021-12-10","7 day R","2021-07-01","AT","point","NA",0.722915621802498
"2021-12-10","7 day R","2021-07-01","AT","quantile","0.025",0.510699922490257
"2021-12-10","7 day R","2021-07-01","AT","quantile","0.975",0.933011765604552
"2021-12-10","7 day R","2021-07-02","AT","point","NA",0.799973645874981
"2021-12-10","7 day R","2021-07-02","AT","quantile","0.025",0.589445983904482
"2021-12-10","7 day R","2021-07-02","AT","quantile","0.975",1.00620183143929
"2021-12-10","7 day R","2021-07-03","AT","point","NA",0.869250843275089
"2021-12-10","7 day R","2021-07-03","AT","quantile","0.025",0.661543258522668
"2021-12-10","7 day R","2021-07-03","AT","quantile","0.975",1.07775551159777
"2021-12-10","7 day R","2021-07-04","AT","point","NA",0.944748470291378
"2021-12-10","7 day R","2021-07-04","AT","quantile","0.025",0.735622555843056
"2021-12-10","7 day R","2021-07-04","AT","quantile","0.975",1.14989932739393
"2021-12-10","7 day R","2021-07-05","AT","point","NA",1.02403943198674
"2021-12-10","7 day R","2021-07-05","AT","quantile","0.025",0.81684511978254
"2021-12-10","7 day R","2021-07-05","AT","quantile","0.975",1.23025365063939
"2021-12-10","7 day R","2021-07-06","AT","point","NA",1.09912030886208
"2021-12-10","7 day R","2021-07-06","AT","quantile","0.025",0.89167084725229
"2021-12-10","7 day R","2021-07-06","AT","quantile","0.975",1.30868064563579
"2021-12-10","7 day R","2021-07-07","AT","point","NA",1.1731986010483
"2021-12-10","7 day R","2021-07-07","AT","quantile","0.025",0.965411349187342
"2021-12-10","7 day R","2021-07-07","AT","quantile","0.975",1.38284117822988
"2021-12-10","7 day R","2021-07-08","AT","point","NA",1.27040895220624
"2021-12-10","7 day R","2021-07-08","AT","quantile","0.025",1.06441706938538
"2021-12-10","7 day R","2021-07-08","AT","quantile","0.975",1.47751089758354
"2021-12-10","7 day R","2021-07-09","AT","point","NA",1.36992993179237
"2021-12-10","7 day R","2021-07-09","AT","quantile","0.025",1.16275203359203
"2021-12-10","7 day R","2021-07-09","AT","quantile","0.975",1.57819609398659
"2021-12-10","7 day R","2021-07-10","AT","point","NA",1.44597263408111
"2021-12-10","7 day R","2021-07-10","AT","quantile","0.025",1.23941929486936
"2021-12-10","7 day R","2021-07-10","AT","quantile","0.975",1.65267950022928
"2021-12-10","7 day R","2021-07-11","AT","point","NA",1.52723055007589
"2021-12-10","7 day R","2021-07-11","AT","quantile","0.025",1.32094723447311
"2021-12-10","7 day R","2021-07-11","AT","quantile","0.975",1.73694529421404
"2021-12-10","7 day R","2021-07-12","AT","point","NA",1.60511912565484
"2021-12-10","7 day R","2021-07-12","AT","quantile","0.025",1.39942279611036
"2021-12-10","7 day R","2021-07-12","AT","quantile","0.975",1.81762660186051
"2021-12-10","7 day R","2021-07-13","AT","point","NA",1.65830988110507
"2021-12-10","7 day R","2021-07-13","AT","quantile","0.025",1.45008266330636
"2021-12-10","7 day R","2021-07-13","AT","quantile","0.975",1.87046094078263
"2021-12-10","7 day R","2021-07-14","AT","point","NA",1.68619106138911
"2021-12-10","7 day R","2021-07-14","AT","quantile","0.025",1.47442239507844
"2021-12-10","7 day R","2021-07-14","AT","quantile","0.975",1.89886487056285
"2021-12-10","7 day R","2021-07-15","AT","point","NA",1.6651923071843
"2021-12-10","7 day R","2021-07-15","AT","quantile","0.025",1.45529587548438
"2021-12-10","7 day R","2021-07-15","AT","quantile","0.975",1.87936397384375
"2021-12-10","7 day R","2021-07-16","AT","point","NA",1.63430851324074
"2021-12-10","7 day R","2021-07-16","AT","quantile","0.025",1.42544896625955
"2021-12-10","7 day R","2021-07-16","AT","quantile","0.975",1.84522923853969
"2021-12-10","7 day R","2021-07-17","AT","point","NA",1.5948045162322
"2021-12-10","7 day R","2021-07-17","AT","quantile","0.025",1.38825874602908
"2021-12-10","7 day R","2021-07-17","AT","quantile","0.975",1.8077623602425
"2021-12-10","7 day R","2021-07-18","AT","point","NA",1.52896913469404
"2021-12-10","7 day R","2021-07-18","AT","quantile","0.025",1.32107482667565
"2021-12-10","7 day R","2021-07-18","AT","quantile","0.975",1.74000102474148
"2021-12-10","7 day R","2021-07-19","AT","point","NA",1.46715741012433
"2021-12-10","7 day R","2021-07-19","AT","quantile","0.025",1.26365398503788
"2021-12-10","7 day R","2021-07-19","AT","quantile","0.975",1.67342235660675
"2021-12-10","7 day R","2021-07-20","AT","point","NA",1.42539252763083
"2021-12-10","7 day R","2021-07-20","AT","quantile","0.025",1.21926164740918
"2021-12-10","7 day R","2021-07-20","AT","quantile","0.975",1.62906595204101
"2021-12-10","7 day R","2021-07-21","AT","point","NA",1.3861360446542
"2021-12-10","7 day R","2021-07-21","AT","quantile","0.025",1.18048458845854
"2021-12-10","7 day R","2021-07-21","AT","quantile","0.975",1.59048420924929
"2021-12-10","7 day R","2021-07-22","AT","point","NA",1.34809549558478
"2021-12-10","7 day R","2021-07-22","AT","quantile","0.025",1.14179745368261
"2021-12-10","7 day R","2021-07-22","AT","quantile","0.975",1.55551304532236
"2021-12-10","7 day R","2021-07-23","AT","point","NA",1.29214548779052
"2021-12-10","7 day R","2021-07-23","AT","quantile","0.025",1.08615025185074
"2021-12-10","7 day R","2021-07-23","AT","quantile","0.975",1.49742150233302
"2021-12-10","7 day R","2021-07-24","AT","point","NA",1.25189082823666
"2021-12-10","7 day R","2021-07-24","AT","quantile","0.025",1.04578297097971
"2021-12-10","7 day R","2021-07-24","AT","quantile","0.975",1.45795597955864
"2021-12-10","7 day R","2021-07-25","AT","point","NA",1.24682907839947
"2021-12-10","7 day R","2021-07-25","AT","quantile","0.025",1.04100537763319
"2021-12-10","7 day R","2021-07-25","AT","quantile","0.975",1.45065799499402
"2021-12-10","7 day R","2021-07-26","AT","point","NA",1.2540968140379
"2021-12-10","7 day R","2021-07-26","AT","quantile","0.025",1.04598897482618
"2021-12-10","7 day R","2021-07-26","AT","quantile","0.975",1.45995250336597
"2021-12-10","7 day R","2021-07-27","AT","point","NA",1.26309520755977
"2021-12-10","7 day R","2021-07-27","AT","quantile","0.025",1.05798678281853
"2021-12-10","7 day R","2021-07-27","AT","quantile","0.975",1.46931993704466
"2021-12-10","7 day R","2021-07-28","AT","point","NA",1.2677378124464
"2021-12-10","7 day R","2021-07-28","AT","quantile","0.025",1.06671692132008
"2021-12-10","7 day R","2021-07-28","AT","quantile","0.975",1.47181883829263
"2021-12-10","7 day R","2021-07-29","AT","point","NA",1.25743979478757
"2021-12-10","7 day R","2021-07-29","AT","quantile","0.025",1.0519020844323
"2021-12-10","7 day R","2021-07-29","AT","quantile","0.975",1.46161950618525
"2021-12-10","7 day R","2021-07-30","AT","point","NA",1.24234547067158
"2021-12-10","7 day R","2021-07-30","AT","quantile","0.025",1.03454900680953
"2021-12-10","7 day R","2021-07-30","AT","quantile","0.975",1.44859282680892
"2021-12-10","7 day R","2021-07-31","AT","point","NA",1.22700458502052
"2021-12-10","7 day R","2021-07-31","AT","quantile","0.025",1.02085727312129
"2021-12-10","7 day R","2021-07-31","AT","quantile","0.975",1.43069215711215
"2021-12-10","7 day R","2021-08-01","AT","point","NA",1.20872998576944
"2021-12-10","7 day R","2021-08-01","AT","quantile","0.025",1.00122632292335
"2021-12-10","7 day R","2021-08-01","AT","quantile","0.975",1.41441208850769
"2021-12-10","7 day R","2021-08-02","AT","point","NA",1.19370242956593
"2021-12-10","7 day R","2021-08-02","AT","quantile","0.025",0.983978545202185
"2021-12-10","7 day R","2021-08-02","AT","quantile","0.975",1.40090144393321
"2021-12-10","7 day R","2021-08-03","AT","point","NA",1.18246394302031
"2021-12-10","7 day R","2021-08-03","AT","quantile","0.025",0.973332255282841
"2021-12-10","7 day R","2021-08-03","AT","quantile","0.975",1.38977209495806
"2021-12-10","7 day R","2021-08-04","AT","point","NA",1.18006246012572
"2021-12-10","7 day R","2021-08-04","AT","quantile","0.025",0.974566540173708
"2021-12-10","7 day R","2021-08-04","AT","quantile","0.975",1.3849754288382
"2021-12-10","7 day R","2021-08-05","AT","point","NA",1.18580196973701
"2021-12-10","7 day R","2021-08-05","AT","quantile","0.025",0.981051794348093
"2021-12-10","7 day R","2021-08-05","AT","quantile","0.975",1.39261263754707
"2021-12-10","7 day R","2021-08-06","AT","point","NA",1.20454514940177
"2021-12-10","7 day R","2021-08-06","AT","quantile","0.025",0.99778659152227
"2021-12-10","7 day R","2021-08-06","AT","quantile","0.975",1.4116877504874
"2021-12-10","7 day R","2021-08-07","AT","point","NA",1.23336206882963
"2021-12-10","7 day R","2021-08-07","AT","quantile","0.025",1.02678704200739
"2021-12-10","7 day R","2021-08-07","AT","quantile","0.975",1.43985101219554
"2021-12-10","7 day R","2021-08-08","AT","point","NA",1.26240466252639
"2021-12-10","7 day R","2021-08-08","AT","quantile","0.025",1.05753789806565
"2021-12-10","7 day R","2021-08-08","AT","quantile","0.975",1.4640150000745
"2021-12-10","7 day R","2021-08-09","AT","point","NA",1.2933053615232
"2021-12-10","7 day R","2021-08-09","AT","quantile","0.025",1.08506322678216
"2021-12-10","7 day R","2021-08-09","AT","quantile","0.975",1.49961795793408
"2021-12-10","7 day R","2021-08-10","AT","point","NA",1.33278345217243
"2021-12-10","7 day R","2021-08-10","AT","quantile","0.025",1.12698209035697
"2021-12-10","7 day R","2021-08-10","AT","quantile","0.975",1.53816262509107
"2021-12-10","7 day R","2021-08-11","AT","point","NA",1.3635832878632
"2021-12-10","7 day R","2021-08-11","AT","quantile","0.025",1.15852091831612
"2021-12-10","7 day R","2021-08-11","AT","quantile","0.975",1.56891776756831
"2021-12-10","7 day R","2021-08-12","AT","point","NA",1.37987471235416
"2021-12-10","7 day R","2021-08-12","AT","quantile","0.025",1.17293798224094
"2021-12-10","7 day R","2021-08-12","AT","quantile","0.975",1.58796661791292
"2021-12-10","7 day R","2021-08-13","AT","point","NA",1.38899847923163
"2021-12-10","7 day R","2021-08-13","AT","quantile","0.025",1.18616868770008
"2021-12-10","7 day R","2021-08-13","AT","quantile","0.975",1.59326078655882
"2021-12-10","7 day R","2021-08-14","AT","point","NA",1.38065829087599
"2021-12-10","7 day R","2021-08-14","AT","quantile","0.025",1.1738647592231
"2021-12-10","7 day R","2021-08-14","AT","quantile","0.975",1.58439264681696
"2021-12-10","7 day R","2021-08-15","AT","point","NA",1.37237960838044
"2021-12-10","7 day R","2021-08-15","AT","quantile","0.025",1.16363281830418
"2021-12-10","7 day R","2021-08-15","AT","quantile","0.975",1.57681023349631
"2021-12-10","7 day R","2021-08-16","AT","point","NA",1.36324617188163
"2021-12-10","7 day R","2021-08-16","AT","quantile","0.025",1.15581373601432
"2021-12-10","7 day R","2021-08-16","AT","quantile","0.975",1.56748631587858
"2021-12-10","7 day R","2021-08-17","AT","point","NA",1.35283248321098
"2021-12-10","7 day R","2021-08-17","AT","quantile","0.025",1.14533977454569
"2021-12-10","7 day R","2021-08-17","AT","quantile","0.975",1.55517337582015
"2021-12-10","7 day R","2021-08-18","AT","point","NA",1.34120486741414
"2021-12-10","7 day R","2021-08-18","AT","quantile","0.025",1.13337891155597
"2021-12-10","7 day R","2021-08-18","AT","quantile","0.975",1.54866721472332
"2021-12-10","7 day R","2021-08-19","AT","point","NA",1.33418991894276
"2021-12-10","7 day R","2021-08-19","AT","quantile","0.025",1.12876934317737
"2021-12-10","7 day R","2021-08-19","AT","quantile","0.975",1.54271203493515
"2021-12-10","7 day R","2021-08-20","AT","point","NA",1.32090794339465
"2021-12-10","7 day R","2021-08-20","AT","quantile","0.025",1.11290351742258
"2021-12-10","7 day R","2021-08-20","AT","quantile","0.975",1.52721811957065
"2021-12-10","7 day R","2021-08-21","AT","point","NA",1.3097590213344
"2021-12-10","7 day R","2021-08-21","AT","quantile","0.025",1.10358852634063
"2021-12-10","7 day R","2021-08-21","AT","quantile","0.975",1.51284055206974
"2021-12-10","7 day R","2021-08-22","AT","point","NA",1.29033397318973
"2021-12-10","7 day R","2021-08-22","AT","quantile","0.025",1.08446544262747
"2021-12-10","7 day R","2021-08-22","AT","quantile","0.975",1.49307757537699
"2021-12-10","7 day R","2021-08-23","AT","point","NA",1.27877298156242
"2021-12-10","7 day R","2021-08-23","AT","quantile","0.025",1.0717324127295
"2021-12-10","7 day R","2021-08-23","AT","quantile","0.975",1.48247170790462
"2021-12-10","7 day R","2021-08-24","AT","point","NA",1.25467605004792
"2021-12-10","7 day R","2021-08-24","AT","quantile","0.025",1.04791581231559
"2021-12-10","7 day R","2021-08-24","AT","quantile","0.975",1.46156118266163
"2021-12-10","7 day R","2021-08-25","AT","point","NA",1.23962812831542
"2021-12-10","7 day R","2021-08-25","AT","quantile","0.025",1.03371003483121
"2021-12-10","7 day R","2021-08-25","AT","quantile","0.975",1.44531102288257
"2021-12-10","7 day R","2021-08-26","AT","point","NA",1.2261085850878
"2021-12-10","7 day R","2021-08-26","AT","quantile","0.025",1.01958600085722
"2021-12-10","7 day R","2021-08-26","AT","quantile","0.975",1.43384488017695
"2021-12-10","7 day R","2021-08-27","AT","point","NA",1.21305717953463
"2021-12-10","7 day R","2021-08-27","AT","quantile","0.025",1.00608429061999
"2021-12-10","7 day R","2021-08-27","AT","quantile","0.975",1.42016737328929
"2021-12-10","7 day R","2021-08-28","AT","point","NA",1.19542058415275
"2021-12-10","7 day R","2021-08-28","AT","quantile","0.025",0.991182356863338
"2021-12-10","7 day R","2021-08-28","AT","quantile","0.975",1.40328572068386
"2021-12-10","7 day R","2021-08-29","AT","point","NA",1.19445117360788
"2021-12-10","7 day R","2021-08-29","AT","quantile","0.025",0.988371403171152
"2021-12-10","7 day R","2021-08-29","AT","quantile","0.975",1.40142719481998
"2021-12-10","7 day R","2021-08-30","AT","point","NA",1.19129688031306
"2021-12-10","7 day R","2021-08-30","AT","quantile","0.025",0.985785172068125
"2021-12-10","7 day R","2021-08-30","AT","quantile","0.975",1.39437300676394
"2021-12-10","7 day R","2021-08-31","AT","point","NA",1.18053883079417
"2021-12-10","7 day R","2021-08-31","AT","quantile","0.025",0.976372737806913
"2021-12-10","7 day R","2021-08-31","AT","quantile","0.975",1.38686446683736
"2021-12-10","7 day R","2021-09-01","AT","point","NA",1.16901663823302
"2021-12-10","7 day R","2021-09-01","AT","quantile","0.025",0.961111184015858
"2021-12-10","7 day R","2021-09-01","AT","quantile","0.975",1.37474630798719
"2021-12-10","7 day R","2021-09-02","AT","point","NA",1.15855996825551
"2021-12-10","7 day R","2021-09-02","AT","quantile","0.025",0.95201621465541
"2021-12-10","7 day R","2021-09-02","AT","quantile","0.975",1.3663584733787
"2021-12-10","7 day R","2021-09-03","AT","point","NA",1.16095317361819
"2021-12-10","7 day R","2021-09-03","AT","quantile","0.025",0.953290151856199
"2021-12-10","7 day R","2021-09-03","AT","quantile","0.975",1.36845325959684
"2021-12-10","7 day R","2021-09-04","AT","point","NA",1.16530988244961
"2021-12-10","7 day R","2021-09-04","AT","quantile","0.025",0.959638473576747
"2021-12-10","7 day R","2021-09-04","AT","quantile","0.975",1.37402533922596
"2021-12-10","7 day R","2021-09-05","AT","point","NA",1.16587996958611
"2021-12-10","7 day R","2021-09-05","AT","quantile","0.025",0.956800754330209
"2021-12-10","7 day R","2021-09-05","AT","quantile","0.975",1.37456960497379
"2021-12-10","7 day R","2021-09-06","AT","point","NA",1.15535936784149
"2021-12-10","7 day R","2021-09-06","AT","quantile","0.025",0.947337107232172
"2021-12-10","7 day R","2021-09-06","AT","quantile","0.975",1.36576960911025
"2021-12-10","7 day R","2021-09-07","AT","point","NA",1.18986721052268
"2021-12-10","7 day R","2021-09-07","AT","quantile","0.025",0.983491094793317
"2021-12-10","7 day R","2021-09-07","AT","quantile","0.975",1.39592772367625
"2021-12-10","7 day R","2021-09-08","AT","point","NA",1.21907552602588
"2021-12-10","7 day R","2021-09-08","AT","quantile","0.025",1.01251711757364
"2021-12-10","7 day R","2021-09-08","AT","quantile","0.975",1.42695068585626
"2021-12-10","7 day R","2021-09-09","AT","point","NA",1.23705767062441
"2021-12-10","7 day R","2021-09-09","AT","quantile","0.025",1.02888505503785
"2021-12-10","7 day R","2021-09-09","AT","quantile","0.975",1.44288626092903
"2021-12-10","7 day R","2021-09-10","AT","point","NA",1.22647056192603
"2021-12-10","7 day R","2021-09-10","AT","quantile","0.025",1.02194161344464
"2021-12-10","7 day R","2021-09-10","AT","quantile","0.975",1.43302170309959
"2021-12-10","7 day R","2021-09-11","AT","point","NA",1.20585506367428
"2021-12-10","7 day R","2021-09-11","AT","quantile","0.025",1.00106891774044
"2021-12-10","7 day R","2021-09-11","AT","quantile","0.975",1.41273782880476
"2021-12-10","7 day R","2021-09-12","AT","point","NA",1.17633135135617
"2021-12-10","7 day R","2021-09-12","AT","quantile","0.025",0.968319507076796
"2021-12-10","7 day R","2021-09-12","AT","quantile","0.975",1.38613327791163
"2021-12-10","7 day R","2021-09-13","AT","point","NA",1.15987075217403
"2021-12-10","7 day R","2021-09-13","AT","quantile","0.025",0.95347013717212
"2021-12-10","7 day R","2021-09-13","AT","quantile","0.975",1.36813538861821
"2021-12-10","7 day R","2021-09-14","AT","point","NA",1.13745719000562
"2021-12-10","7 day R","2021-09-14","AT","quantile","0.025",0.932206116252378
"2021-12-10","7 day R","2021-09-14","AT","quantile","0.975",1.34138186224656
"2021-12-10","7 day R","2021-09-15","AT","point","NA",1.1100078141345
"2021-12-10","7 day R","2021-09-15","AT","quantile","0.025",0.907121207276078
"2021-12-10","7 day R","2021-09-15","AT","quantile","0.975",1.32004391871315
"2021-12-10","7 day R","2021-09-16","AT","point","NA",1.07918273287261
"2021-12-10","7 day R","2021-09-16","AT","quantile","0.025",0.871735854359333
"2021-12-10","7 day R","2021-09-16","AT","quantile","0.975",1.28343633934934
"2021-12-10","7 day R","2021-09-17","AT","point","NA",1.04850640946466
"2021-12-10","7 day R","2021-09-17","AT","quantile","0.025",0.840078280066924
"2021-12-10","7 day R","2021-09-17","AT","quantile","0.975",1.25289688453703
"2021-12-10","7 day R","2021-09-18","AT","point","NA",1.01304599792753
"2021-12-10","7 day R","2021-09-18","AT","quantile","0.025",0.807330161411741
"2021-12-10","7 day R","2021-09-18","AT","quantile","0.975",1.2181532789351
"2021-12-10","7 day R","2021-09-19","AT","point","NA",0.989145193384474
"2021-12-10","7 day R","2021-09-19","AT","quantile","0.025",0.783502280612496
"2021-12-10","7 day R","2021-09-19","AT","quantile","0.975",1.19523548458545
"2021-12-10","7 day R","2021-09-20","AT","point","NA",0.974486096143323
"2021-12-10","7 day R","2021-09-20","AT","quantile","0.025",0.769724144596632
"2021-12-10","7 day R","2021-09-20","AT","quantile","0.975",1.18191255329036
"2021-12-10","7 day R","2021-09-21","AT","point","NA",0.952495046386414
"2021-12-10","7 day R","2021-09-21","AT","quantile","0.025",0.746487217254867
"2021-12-10","7 day R","2021-09-21","AT","quantile","0.975",1.16055175285267
"2021-12-10","7 day R","2021-09-22","AT","point","NA",0.937876024559366
"2021-12-10","7 day R","2021-09-22","AT","quantile","0.025",0.732538721621201
"2021-12-10","7 day R","2021-09-22","AT","quantile","0.975",1.14566061684787
"2021-12-10","7 day R","2021-09-23","AT","point","NA",0.941034186324612
"2021-12-10","7 day R","2021-09-23","AT","quantile","0.025",0.734476624588343
"2021-12-10","7 day R","2021-09-23","AT","quantile","0.975",1.14627881060565
"2021-12-10","7 day R","2021-09-24","AT","point","NA",0.958091584237562
"2021-12-10","7 day R","2021-09-24","AT","quantile","0.025",0.752212514894071
"2021-12-10","7 day R","2021-09-24","AT","quantile","0.975",1.1643172776254
"2021-12-10","7 day R","2021-09-25","AT","point","NA",0.983820166286596
"2021-12-10","7 day R","2021-09-25","AT","quantile","0.025",0.776828021928941
"2021-12-10","7 day R","2021-09-25","AT","quantile","0.975",1.19158483913932
"2021-12-10","7 day R","2021-09-26","AT","point","NA",0.989156505729997
"2021-12-10","7 day R","2021-09-26","AT","quantile","0.025",0.781644080585068
"2021-12-10","7 day R","2021-09-26","AT","quantile","0.975",1.19586054353142
"2021-12-10","7 day R","2021-09-27","AT","point","NA",1.00461865348509
"2021-12-10","7 day R","2021-09-27","AT","quantile","0.025",0.796172043599615
"2021-12-10","7 day R","2021-09-27","AT","quantile","0.975",1.21216133037633
"2021-12-10","7 day R","2021-09-28","AT","point","NA",1.01572525510801
"2021-12-10","7 day R","2021-09-28","AT","quantile","0.025",0.805934667510374
"2021-12-10","7 day R","2021-09-28","AT","quantile","0.975",1.22180267947739
"2021-12-10","7 day R","2021-09-29","AT","point","NA",1.01017140732504
"2021-12-10","7 day R","2021-09-29","AT","quantile","0.025",0.802972192605955
"2021-12-10","7 day R","2021-09-29","AT","quantile","0.975",1.21672749304264
"2021-12-10","7 day R","2021-09-30","AT","point","NA",1.00732409748063
"2021-12-10","7 day R","2021-09-30","AT","quantile","0.025",0.800684746251394
"2021-12-10","7 day R","2021-09-30","AT","quantile","0.975",1.21628414745512
"2021-12-10","7 day R","2021-10-01","AT","point","NA",0.999961379471736
"2021-12-10","7 day R","2021-10-01","AT","quantile","0.025",0.795128251663787
"2021-12-10","7 day R","2021-10-01","AT","quantile","0.975",1.20475261950478
"2021-12-10","7 day R","2021-10-02","AT","point","NA",1.00261940503096
"2021-12-10","7 day R","2021-10-02","AT","quantile","0.025",0.794435949777081
"2021-12-10","7 day R","2021-10-02","AT","quantile","0.975",1.20928656441575
"2021-12-10","7 day R","2021-10-03","AT","point","NA",1.03669977758023
"2021-12-10","7 day R","2021-10-03","AT","quantile","0.025",0.829985264166422
"2021-12-10","7 day R","2021-10-03","AT","quantile","0.975",1.24305084069851
"2021-12-10","7 day R","2021-10-04","AT","point","NA",1.02784898730308
"2021-12-10","7 day R","2021-10-04","AT","quantile","0.025",0.822546697575607
"2021-12-10","7 day R","2021-10-04","AT","quantile","0.975",1.23749147745068
"2021-12-10","7 day R","2021-10-05","AT","point","NA",1.01406201349948
"2021-12-10","7 day R","2021-10-05","AT","quantile","0.025",0.80878121265668
"2021-12-10","7 day R","2021-10-05","AT","quantile","0.975",1.21787739850446
"2021-12-10","7 day R","2021-10-06","AT","point","NA",1.02932405085884
"2021-12-10","7 day R","2021-10-06","AT","quantile","0.025",0.823930210172273
"2021-12-10","7 day R","2021-10-06","AT","quantile","0.975",1.23590205352713
"2021-12-10","7 day R","2021-10-07","AT","point","NA",1.01941179684607
"2021-12-10","7 day R","2021-10-07","AT","quantile","0.025",0.81281387789961
"2021-12-10","7 day R","2021-10-07","AT","quantile","0.975",1.22498709953686
"2021-12-10","7 day R","2021-10-08","AT","point","NA",1.01366074699695
"2021-12-10","7 day R","2021-10-08","AT","quantile","0.025",0.80591372451646
"2021-12-10","7 day R","2021-10-08","AT","quantile","0.975",1.22203532491648
"2021-12-10","7 day R","2021-10-09","AT","point","NA",1.01915704350323
"2021-12-10","7 day R","2021-10-09","AT","quantile","0.025",0.812967986258835
"2021-12-10","7 day R","2021-10-09","AT","quantile","0.975",1.22368062777218
"2021-12-10","7 day R","2021-10-10","AT","point","NA",1.0311271044063
"2021-12-10","7 day R","2021-10-10","AT","quantile","0.025",0.825607270925095
"2021-12-10","7 day R","2021-10-10","AT","quantile","0.975",1.23503868782917
"2021-12-10","7 day R","2021-10-11","AT","point","NA",1.05663236027848
"2021-12-10","7 day R","2021-10-11","AT","quantile","0.025",0.850268801768803
"2021-12-10","7 day R","2021-10-11","AT","quantile","0.975",1.26281210104677
"2021-12-10","7 day R","2021-10-12","AT","point","NA",1.08536345398263
"2021-12-10","7 day R","2021-10-12","AT","quantile","0.025",0.881052145097541
"2021-12-10","7 day R","2021-10-12","AT","quantile","0.975",1.29128358952541
"2021-12-10","7 day R","2021-10-13","AT","point","NA",1.11800612266502
"2021-12-10","7 day R","2021-10-13","AT","quantile","0.025",0.913330208490379
"2021-12-10","7 day R","2021-10-13","AT","quantile","0.975",1.32171541487325
"2021-12-10","7 day R","2021-10-14","AT","point","NA",1.14188200425289
"2021-12-10","7 day R","2021-10-14","AT","quantile","0.025",0.93601929532972
"2021-12-10","7 day R","2021-10-14","AT","quantile","0.975",1.34708783061556
"2021-12-10","7 day R","2021-10-15","AT","point","NA",1.17092132789068
"2021-12-10","7 day R","2021-10-15","AT","quantile","0.025",0.966538931818946
"2021-12-10","7 day R","2021-10-15","AT","quantile","0.975",1.37866875978289
"2021-12-10","7 day R","2021-10-16","AT","point","NA",1.19918046566782
"2021-12-10","7 day R","2021-10-16","AT","quantile","0.025",0.993839590527597
"2021-12-10","7 day R","2021-10-16","AT","quantile","0.975",1.40385249676314
"2021-12-10","7 day R","2021-10-17","AT","point","NA",1.23076408527882
"2021-12-10","7 day R","2021-10-17","AT","quantile","0.025",1.02583562944687
"2021-12-10","7 day R","2021-10-17","AT","quantile","0.975",1.43665519424132
"2021-12-10","7 day R","2021-10-18","AT","point","NA",1.27166793573929
"2021-12-10","7 day R","2021-10-18","AT","quantile","0.025",1.06722311305813
"2021-12-10","7 day R","2021-10-18","AT","quantile","0.975",1.47360283788708
"2021-12-10","7 day R","2021-10-19","AT","point","NA",1.31725057641079
"2021-12-10","7 day R","2021-10-19","AT","quantile","0.025",1.11634962166938
"2021-12-10","7 day R","2021-10-19","AT","quantile","0.975",1.52322337605969
"2021-12-10","7 day R","2021-10-20","AT","point","NA",1.3419683662591
"2021-12-10","7 day R","2021-10-20","AT","quantile","0.025",1.14070475959591
"2021-12-10","7 day R","2021-10-20","AT","quantile","0.975",1.54972285399639
"2021-12-10","7 day R","2021-10-21","AT","point","NA",1.34766080872396
"2021-12-10","7 day R","2021-10-21","AT","quantile","0.025",1.14162627379558
"2021-12-10","7 day R","2021-10-21","AT","quantile","0.975",1.55539754835483
"2021-12-10","7 day R","2021-10-22","AT","point","NA",1.33913306495951
"2021-12-10","7 day R","2021-10-22","AT","quantile","0.025",1.13375540609136
"2021-12-10","7 day R","2021-10-22","AT","quantile","0.975",1.54468861994518
"2021-12-10","7 day R","2021-10-23","AT","point","NA",1.33729130715434
"2021-12-10","7 day R","2021-10-23","AT","quantile","0.025",1.13240865475066
"2021-12-10","7 day R","2021-10-23","AT","quantile","0.975",1.54176415952369
"2021-12-10","7 day R","2021-10-24","AT","point","NA",1.33539653495025
"2021-12-10","7 day R","2021-10-24","AT","quantile","0.025",1.13223286918802
"2021-12-10","7 day R","2021-10-24","AT","quantile","0.975",1.54263562077067
"2021-12-10","7 day R","2021-10-25","AT","point","NA",1.33396416981072
"2021-12-10","7 day R","2021-10-25","AT","quantile","0.025",1.12784622517933
"2021-12-10","7 day R","2021-10-25","AT","quantile","0.975",1.53685950930533
"2021-12-10","7 day R","2021-10-26","AT","point","NA",1.34158761049614
"2021-12-10","7 day R","2021-10-26","AT","quantile","0.025",1.13752054712008
"2021-12-10","7 day R","2021-10-26","AT","quantile","0.975",1.54632733766524
"2021-12-10","7 day R","2021-10-27","AT","point","NA",1.3481542386757
"2021-12-10","7 day R","2021-10-27","AT","quantile","0.025",1.1421640403999
"2021-12-10","7 day R","2021-10-27","AT","quantile","0.975",1.55407740703072
"2021-12-10","7 day R","2021-10-28","AT","point","NA",1.37366755122052
"2021-12-10","7 day R","2021-10-28","AT","quantile","0.025",1.16633887641175
"2021-12-10","7 day R","2021-10-28","AT","quantile","0.975",1.58097502141295
"2021-12-10","7 day R","2021-10-29","AT","point","NA",1.41850441883592
"2021-12-10","7 day R","2021-10-29","AT","quantile","0.025",1.21020360094218
"2021-12-10","7 day R","2021-10-29","AT","quantile","0.975",1.62521451600734
"2021-12-10","7 day R","2021-10-30","AT","point","NA",1.43721413444686
"2021-12-10","7 day R","2021-10-30","AT","quantile","0.025",1.23072831242452
"2021-12-10","7 day R","2021-10-30","AT","quantile","0.975",1.64329260827293
"2021-12-10","7 day R","2021-10-31","AT","point","NA",1.43878049753019
"2021-12-10","7 day R","2021-10-31","AT","quantile","0.025",1.23434245703324
"2021-12-10","7 day R","2021-10-31","AT","quantile","0.975",1.64509838516359
"2021-12-10","7 day R","2021-11-01","AT","point","NA",1.43569155805868
"2021-12-10","7 day R","2021-11-01","AT","quantile","0.025",1.23105555131786
"2021-12-10","7 day R","2021-11-01","AT","quantile","0.975",1.64180641896009
"2021-12-10","7 day R","2021-11-02","AT","point","NA",1.44441814634753
"2021-12-10","7 day R","2021-11-02","AT","quantile","0.025",1.2380679869509
"2021-12-10","7 day R","2021-11-02","AT","quantile","0.975",1.64885693494972
"2021-12-10","7 day R","2021-11-03","AT","point","NA",1.45341117441841
"2021-12-10","7 day R","2021-11-03","AT","quantile","0.025",1.24831003245286
"2021-12-10","7 day R","2021-11-03","AT","quantile","0.975",1.65739860561763
"2021-12-10","7 day R","2021-11-04","AT","point","NA",1.48370724393296
"2021-12-10","7 day R","2021-11-04","AT","quantile","0.025",1.27967677870864
"2021-12-10","7 day R","2021-11-04","AT","quantile","0.975",1.69158099993208
"2021-12-10","7 day R","2021-11-05","AT","point","NA",1.49181933188822
"2021-12-10","7 day R","2021-11-05","AT","quantile","0.025",1.28397980942104
"2021-12-10","7 day R","2021-11-05","AT","quantile","0.975",1.69765785951393
"2021-12-10","7 day R","2021-11-06","AT","point","NA",1.48066204100256
"2021-12-10","7 day R","2021-11-06","AT","quantile","0.025",1.27648164070637
"2021-12-10","7 day R","2021-11-06","AT","quantile","0.975",1.6895098060168
"2021-12-10","7 day R","2021-11-07","AT","point","NA",1.45446234781058
"2021-12-10","7 day R","2021-11-07","AT","quantile","0.025",1.24713512839383
"2021-12-10","7 day R","2021-11-07","AT","quantile","0.975",1.6644977446074
"2021-12-10","7 day R","2021-11-08","AT","point","NA",1.43239545112985
"2021-12-10","7 day R","2021-11-08","AT","quantile","0.025",1.22463227577084
"2021-12-10","7 day R","2021-11-08","AT","quantile","0.975",1.64198109262508
"2021-12-10","7 day R","2021-11-09","AT","point","NA",1.41164745406316
"2021-12-10","7 day R","2021-11-09","AT","quantile","0.025",1.20641699593792
"2021-12-10","7 day R","2021-11-09","AT","quantile","0.975",1.61501642505571
"2021-12-10","7 day R","2021-11-10","AT","point","NA",1.39953091867377
"2021-12-10","7 day R","2021-11-10","AT","quantile","0.025",1.1919563172547
"2021-12-10","7 day R","2021-11-10","AT","quantile","0.975",1.60433589042987
"2021-12-10","7 day R","2021-11-11","AT","point","NA",1.384036482541
"2021-12-10","7 day R","2021-11-11","AT","quantile","0.025",1.17980128970401
"2021-12-10","7 day R","2021-11-11","AT","quantile","0.975",1.58931317243037
"2021-12-10","7 day R","2021-11-12","AT","point","NA",1.36660729703065
"2021-12-10","7 day R","2021-11-12","AT","quantile","0.025",1.15930435418347
"2021-12-10","7 day R","2021-11-12","AT","quantile","0.975",1.57185644910518
"2021-12-10","7 day R","2021-11-13","AT","point","NA",1.35452843342076
"2021-12-10","7 day R","2021-11-13","AT","quantile","0.025",1.14753544698818
"2021-12-10","7 day R","2021-11-13","AT","quantile","0.975",1.55797427885484
"2021-12-10","7 day R","2021-11-14","AT","point","NA",1.33820961882515
"2021-12-10","7 day R","2021-11-14","AT","quantile","0.025",1.13403377504816
"2021-12-10","7 day R","2021-11-14","AT","quantile","0.975",1.54083589515297
"2021-12-10","7 day R","2021-11-15","AT","point","NA",1.32126361456815
"2021-12-10","7 day R","2021-11-15","AT","quantile","0.025",1.11753838109446
"2021-12-10","7 day R","2021-11-15","AT","quantile","0.975",1.52427445839435
"2021-12-10","7 day R","2021-11-16","AT","point","NA",1.29466047959147
"2021-12-10","7 day R","2021-11-16","AT","quantile","0.025",1.08942989322172
"2021-12-10","7 day R","2021-11-16","AT","quantile","0.975",1.49999062247422
"2021-12-10","7 day R","2021-11-17","AT","point","NA",1.27064842731087
"2021-12-10","7 day R","2021-11-17","AT","quantile","0.025",1.06673818300587
"2021-12-10","7 day R","2021-11-17","AT","quantile","0.975",1.47559221850665
"2021-12-10","7 day R","2021-11-18","AT","point","NA",1.24995580787701
"2021-12-10","7 day R","2021-11-18","AT","quantile","0.025",1.04697235494466
"2021-12-10","7 day R","2021-11-18","AT","quantile","0.975",1.45555031175829
"2021-12-10","7 day R","2021-11-19","AT","point","NA",1.22717495446569
"2021-12-10","7 day R","2021-11-19","AT","quantile","0.025",1.02276481874146
"2021-12-10","7 day R","2021-11-19","AT","quantile","0.975",1.43415250373972
"2021-12-10","7 day R","2021-11-20","AT","point","NA",1.19557275677067
"2021-12-10","7 day R","2021-11-20","AT","quantile","0.025",0.989729567714892
"2021-12-10","7 day R","2021-11-20","AT","quantile","0.975",1.40068166338818
"2021-12-10","7 day R","2021-11-21","AT","point","NA",1.16372521678086
"2021-12-10","7 day R","2021-11-21","AT","quantile","0.025",0.957130997720778
"2021-12-10","7 day R","2021-11-21","AT","quantile","0.975",1.37000034723865
"2021-12-10","7 day R","2021-11-22","AT","point","NA",1.12393702367339
"2021-12-10","7 day R","2021-11-22","AT","quantile","0.025",0.919412892422457
"2021-12-10","7 day R","2021-11-22","AT","quantile","0.975",1.33179631005789
"2021-12-10","7 day R","2021-11-23","AT","point","NA",1.06885322201393
"2021-12-10","7 day R","2021-11-23","AT","quantile","0.025",0.865856052267514
"2021-12-10","7 day R","2021-11-23","AT","quantile","0.975",1.27358445376102
"2021-12-10","7 day R","2021-11-24","AT","point","NA",1.0242218238473
"2021-12-10","7 day R","2021-11-24","AT","quantile","0.025",0.822551328495784
"2021-12-10","7 day R","2021-11-24","AT","quantile","0.975",1.22873196115178
"2021-12-10","7 day R","2021-11-25","AT","point","NA",0.975269967462584
"2021-12-10","7 day R","2021-11-25","AT","quantile","0.025",0.768995694085777
"2021-12-10","7 day R","2021-11-25","AT","quantile","0.975",1.18065503219874
"2021-12-10","7 day R","2021-11-26","AT","point","NA",0.932742347182551
"2021-12-10","7 day R","2021-11-26","AT","quantile","0.025",0.723773770416981
"2021-12-10","7 day R","2021-11-26","AT","quantile","0.975",1.13925647999308
"2021-12-10","7 day R","2021-11-27","AT","point","NA",0.899681725269013
"2021-12-10","7 day R","2021-11-27","AT","quantile","0.025",0.69307262772991
"2021-12-10","7 day R","2021-11-27","AT","quantile","0.975",1.1076176541233
"2021-12-10","7 day R","2021-11-28","AT","point","NA",0.874150018178222
"2021-12-10","7 day R","2021-11-28","AT","quantile","0.025",0.668252769095335
"2021-12-10","7 day R","2021-11-28","AT","quantile","0.975",1.07966754987101
"2021-12-10","7 day R","2021-11-29","AT","point","NA",0.843475870513024
"2021-12-10","7 day R","2021-11-29","AT","quantile","0.025",0.636752125361978
"2021-12-10","7 day R","2021-11-29","AT","quantile","0.975",1.05271889750201
"2021-12-10","7 day R","2021-11-30","AT","point","NA",0.811436208686128
"2021-12-10","7 day R","2021-11-30","AT","quantile","0.025",0.606533532185089
"2021-12-10","7 day R","2021-11-30","AT","quantile","0.975",1.01983429621731
"2021-12-10","7 day R","2021-12-01","AT","point","NA",0.767478572842845
"2021-12-10","7 day R","2021-12-01","AT","quantile","0.025",0.561492628764008
"2021-12-10","7 day R","2021-12-01","AT","quantile","0.975",0.978073323203026
"2021-12-10","7 day R","2021-12-02","AT","point","NA",0.725308378943576
"2021-12-10","7 day R","2021-12-02","AT","quantile","0.025",0.52075886060361
"2021-12-10","7 day R","2021-12-02","AT","quantile","0.975",0.934751711766047
"2021-12-10","7 day R","2021-12-03","AT","point","NA",0.691428382681353
"2021-12-10","7 day R","2021-12-03","AT","quantile","0.025",0.48035389946373
"2021-12-10","7 day R","2021-12-03","AT","quantile","0.975",0.898759216672056
"2021-12-10","7 day R","2021-12-04","AT","point","NA",0.675410378969891
"2021-12-10","7 day R","2021-12-04","AT","quantile","0.025",0.464183062873309
"2021-12-10","7 day R","2021-12-04","AT","quantile","0.975",0.886692528419982
"2021-12-10","7 day R","2021-12-05","AT","point","NA",0.665285719198806
"2021-12-10","7 day R","2021-12-05","AT","quantile","0.025",0.447598202421828
"2021-12-10","7 day R","2021-12-05","AT","quantile","0.975",0.88118040058528
"2021-12-10","7 day R","2021-12-06","AT","point","NA",0.661560029860262
"2021-12-10","7 day R","2021-12-06","AT","quantile","0.025",0.436171860329688
"2021-12-10","7 day R","2021-12-06","AT","quantile","0.975",0.8878985605614
"2021-12-10","7 day R","2021-12-07","AT","point","NA",0.657805413892729
"2021-12-10","7 day R","2021-12-07","AT","quantile","0.025",0.40851412553636
"2021-12-10","7 day R","2021-12-07","AT","quantile","0.975",0.903400170377874
"2021-12-10","7 day R","2021-12-08","AT","point","NA",0.649278735339122
"2021-12-10","7 day R","2021-12-08","AT","quantile","0.025",0.369357466586389
"2021-12-10","7 day R","2021-12-08","AT","quantile","0.975",0.930843683017632
"2021-12-09","7 day R","2020-03-06","CH","point","NA",2.70160344789609
"2021-12-09","7 day R","2020-03-06","CH","quantile","0.025",2.28296997035454
"2021-12-09","7 day R","2020-03-06","CH","quantile","0.975",3.12616158509952
"2021-12-09","7 day R","2020-03-07","CH","point","NA",2.6993669654502
"2021-12-09","7 day R","2020-03-07","CH","quantile","0.025",2.30880541916352
"2021-12-09","7 day R","2020-03-07","CH","quantile","0.975",3.08795750503963
"2021-12-09","7 day R","2020-03-08","CH","point","NA",2.69536737411885
"2021-12-09","7 day R","2020-03-08","CH","quantile","0.025",2.33192059615246
"2021-12-09","7 day R","2020-03-08","CH","quantile","0.975",3.05482006359789
"2021-12-09","7 day R","2020-03-09","CH","point","NA",2.73661415532265
"2021-12-09","7 day R","2020-03-09","CH","quantile","0.025",2.39354914420243
"2021-12-09","7 day R","2020-03-09","CH","quantile","0.975",3.08383009645988
"2021-12-09","7 day R","2020-03-10","CH","point","NA",2.7850417148377
"2021-12-09","7 day R","2020-03-10","CH","quantile","0.025",2.45445464743239
"2021-12-09","7 day R","2020-03-10","CH","quantile","0.975",3.12144650562675
"2021-12-09","7 day R","2020-03-11","CH","point","NA",2.82477270699387
"2021-12-09","7 day R","2020-03-11","CH","quantile","0.025",2.49808336417393
"2021-12-09","7 day R","2020-03-11","CH","quantile","0.975",3.15847991860203
"2021-12-09","7 day R","2020-03-12","CH","point","NA",2.84624910504013
"2021-12-09","7 day R","2020-03-12","CH","quantile","0.025",2.51623320955872
"2021-12-09","7 day R","2020-03-12","CH","quantile","0.975",3.18120963054851
"2021-12-09","7 day R","2020-03-13","CH","point","NA",2.91508651802889
"2021-12-09","7 day R","2020-03-13","CH","quantile","0.025",2.57907640489526
"2021-12-09","7 day R","2020-03-13","CH","quantile","0.975",3.2580068237693
"2021-12-09","7 day R","2020-03-14","CH","point","NA",2.88079118379617
"2021-12-09","7 day R","2020-03-14","CH","quantile","0.025",2.54536828397227
"2021-12-09","7 day R","2020-03-14","CH","quantile","0.975",3.22398889252214
"2021-12-09","7 day R","2020-03-15","CH","point","NA",2.83900206220497
"2021-12-09","7 day R","2020-03-15","CH","quantile","0.025",2.50345448618163
"2021-12-09","7 day R","2020-03-15","CH","quantile","0.975",3.17979850959964
"2021-12-09","7 day R","2020-03-16","CH","point","NA",2.6999971947557
"2021-12-09","7 day R","2020-03-16","CH","quantile","0.025",2.38089337490961
"2021-12-09","7 day R","2020-03-16","CH","quantile","0.975",3.03005055784283
"2021-12-09","7 day R","2020-03-17","CH","point","NA",2.60036112213569
"2021-12-09","7 day R","2020-03-17","CH","quantile","0.025",2.28409165139792
"2021-12-09","7 day R","2020-03-17","CH","quantile","0.975",2.92227132489301
"2021-12-09","7 day R","2020-03-18","CH","point","NA",2.51067546052989
"2021-12-09","7 day R","2020-03-18","CH","quantile","0.025",2.19361532847932
"2021-12-09","7 day R","2020-03-18","CH","quantile","0.975",2.83282801054855
"2021-12-09","7 day R","2020-03-19","CH","point","NA",2.44809284710184
"2021-12-09","7 day R","2020-03-19","CH","quantile","0.025",2.12766187643577
"2021-12-09","7 day R","2020-03-19","CH","quantile","0.975",2.76818798786504
"2021-12-09","7 day R","2020-03-20","CH","point","NA",2.31133693101566
"2021-12-09","7 day R","2020-03-20","CH","quantile","0.025",2.00068417190149
"2021-12-09","7 day R","2020-03-20","CH","quantile","0.975",2.62766722696622
"2021-12-09","7 day R","2020-03-21","CH","point","NA",2.19810676223556
"2021-12-09","7 day R","2020-03-21","CH","quantile","0.025",1.89295567438056
"2021-12-09","7 day R","2020-03-21","CH","quantile","0.975",2.50826545080453
"2021-12-09","7 day R","2020-03-22","CH","point","NA",2.06173443322889
"2021-12-09","7 day R","2020-03-22","CH","quantile","0.025",1.75508977135021
"2021-12-09","7 day R","2020-03-22","CH","quantile","0.975",2.37497026065695
"2021-12-09","7 day R","2020-03-23","CH","point","NA",1.95408733385064
"2021-12-09","7 day R","2020-03-23","CH","quantile","0.025",1.64910257644278
"2021-12-09","7 day R","2020-03-23","CH","quantile","0.975",2.26113136657402
"2021-12-09","7 day R","2020-03-24","CH","point","NA",1.81451063787467
"2021-12-09","7 day R","2020-03-24","CH","quantile","0.025",1.51060442617852
"2021-12-09","7 day R","2020-03-24","CH","quantile","0.975",2.122333802565
"2021-12-09","7 day R","2020-03-25","CH","point","NA",1.67851377577575
"2021-12-09","7 day R","2020-03-25","CH","quantile","0.025",1.3659711955574
"2021-12-09","7 day R","2020-03-25","CH","quantile","0.975",1.99112370936039
"2021-12-09","7 day R","2020-03-26","CH","point","NA",1.55041599581711
"2021-12-09","7 day R","2020-03-26","CH","quantile","0.025",1.23521221809609
"2021-12-09","7 day R","2020-03-26","CH","quantile","0.975",1.86262181929709
"2021-12-09","7 day R","2020-03-27","CH","point","NA",1.44056135970011
"2021-12-09","7 day R","2020-03-27","CH","quantile","0.025",1.12043734759383
"2021-12-09","7 day R","2020-03-27","CH","quantile","0.975",1.75292227664374
"2021-12-09","7 day R","2020-03-28","CH","point","NA",1.36749040165763
"2021-12-09","7 day R","2020-03-28","CH","quantile","0.025",1.05094693170589
"2021-12-09","7 day R","2020-03-28","CH","quantile","0.975",1.67642857340495
"2021-12-09","7 day R","2020-03-29","CH","point","NA",1.30401291130665
"2021-12-09","7 day R","2020-03-29","CH","quantile","0.025",0.989089669786364
"2021-12-09","7 day R","2020-03-29","CH","quantile","0.975",1.61168806022536
"2021-12-09","7 day R","2020-03-30","CH","point","NA",1.25529547604058
"2021-12-09","7 day R","2020-03-30","CH","quantile","0.025",0.94374407288078
"2021-12-09","7 day R","2020-03-30","CH","quantile","0.975",1.56516446839475
"2021-12-09","7 day R","2020-03-31","CH","point","NA",1.19356292994527
"2021-12-09","7 day R","2020-03-31","CH","quantile","0.025",0.880606906233722
"2021-12-09","7 day R","2020-03-31","CH","quantile","0.975",1.50269652638338
"2021-12-09","7 day R","2020-04-01","CH","point","NA",1.13477866640693
"2021-12-09","7 day R","2020-04-01","CH","quantile","0.025",0.818437632977147
"2021-12-09","7 day R","2020-04-01","CH","quantile","0.975",1.44411519714084
"2021-12-09","7 day R","2020-04-02","CH","point","NA",1.06939613320307
"2021-12-09","7 day R","2020-04-02","CH","quantile","0.025",0.755820144759824
"2021-12-09","7 day R","2020-04-02","CH","quantile","0.975",1.37525045716824
"2021-12-09","7 day R","2020-04-03","CH","point","NA",1.00632793113952
"2021-12-09","7 day R","2020-04-03","CH","quantile","0.025",0.69552350898142
"2021-12-09","7 day R","2020-04-03","CH","quantile","0.975",1.31180564599433
"2021-12-09","7 day R","2020-04-04","CH","point","NA",0.965247326770507
"2021-12-09","7 day R","2020-04-04","CH","quantile","0.025",0.652883797619262
"2021-12-09","7 day R","2020-04-04","CH","quantile","0.975",1.27187613818173
"2021-12-09","7 day R","2020-04-05","CH","point","NA",0.933281408834877
"2021-12-09","7 day R","2020-04-05","CH","quantile","0.025",0.619294487447501
"2021-12-09","7 day R","2020-04-05","CH","quantile","0.975",1.23931163872041
"2021-12-09","7 day R","2020-04-06","CH","point","NA",0.906502802697245
"2021-12-09","7 day R","2020-04-06","CH","quantile","0.025",0.591406458220425
"2021-12-09","7 day R","2020-04-06","CH","quantile","0.975",1.21192471574532
"2021-12-09","7 day R","2020-04-07","CH","point","NA",0.879804168079784
"2021-12-09","7 day R","2020-04-07","CH","quantile","0.025",0.569897723561489
"2021-12-09","7 day R","2020-04-07","CH","quantile","0.975",1.18667615985042
"2021-12-09","7 day R","2020-04-08","CH","point","NA",0.845855036651165
"2021-12-09","7 day R","2020-04-08","CH","quantile","0.025",0.536601633546091
"2021-12-09","7 day R","2020-04-08","CH","quantile","0.975",1.15615400953439
"2021-12-09","7 day R","2020-04-09","CH","point","NA",0.800056755102959
"2021-12-09","7 day R","2020-04-09","CH","quantile","0.025",0.491413975040159
"2021-12-09","7 day R","2020-04-09","CH","quantile","0.975",1.1080347341015
"2021-12-09","7 day R","2020-04-10","CH","point","NA",0.754158320985643
"2021-12-09","7 day R","2020-04-10","CH","quantile","0.025",0.445849064722741
"2021-12-09","7 day R","2020-04-10","CH","quantile","0.975",1.05989569543295
"2021-12-09","7 day R","2020-04-11","CH","point","NA",0.720597001621349
"2021-12-09","7 day R","2020-04-11","CH","quantile","0.025",0.41377560566224
"2021-12-09","7 day R","2020-04-11","CH","quantile","0.975",1.0311235828393
"2021-12-09","7 day R","2020-04-12","CH","point","NA",0.694955930376725
"2021-12-09","7 day R","2020-04-12","CH","quantile","0.025",0.384701446241901
"2021-12-09","7 day R","2020-04-12","CH","quantile","0.975",1.00529367172514
"2021-12-09","7 day R","2020-04-13","CH","point","NA",0.677912566688406
"2021-12-09","7 day R","2020-04-13","CH","quantile","0.025",0.368655418405518
"2021-12-09","7 day R","2020-04-13","CH","quantile","0.975",0.986140443549351
"2021-12-09","7 day R","2020-04-14","CH","point","NA",0.663300977914669
"2021-12-09","7 day R","2020-04-14","CH","quantile","0.025",0.356320595146568
"2021-12-09","7 day R","2020-04-14","CH","quantile","0.975",0.976016540517277
"2021-12-09","7 day R","2020-04-15","CH","point","NA",0.646263053323222
"2021-12-09","7 day R","2020-04-15","CH","quantile","0.025",0.33656998350021
"2021-12-09","7 day R","2020-04-15","CH","quantile","0.975",0.95748798046965
"2021-12-09","7 day R","2020-04-16","CH","point","NA",0.631119831183349
"2021-12-09","7 day R","2020-04-16","CH","quantile","0.025",0.32262885518604
"2021-12-09","7 day R","2020-04-16","CH","quantile","0.975",0.939169491250712
"2021-12-09","7 day R","2020-04-17","CH","point","NA",0.617561071654173
"2021-12-09","7 day R","2020-04-17","CH","quantile","0.025",0.314946855627932
"2021-12-09","7 day R","2020-04-17","CH","quantile","0.975",0.924631106087252
"2021-12-09","7 day R","2020-04-18","CH","point","NA",0.609379195446788
"2021-12-09","7 day R","2020-04-18","CH","quantile","0.025",0.298654216978774
"2021-12-09","7 day R","2020-04-18","CH","quantile","0.975",0.913038644185884
"2021-12-09","7 day R","2020-04-19","CH","point","NA",0.603628574893105
"2021-12-09","7 day R","2020-04-19","CH","quantile","0.025",0.293809425751312
"2021-12-09","7 day R","2020-04-19","CH","quantile","0.975",0.911289784072002
"2021-12-09","7 day R","2020-04-20","CH","point","NA",0.592143897802854
"2021-12-09","7 day R","2020-04-20","CH","quantile","0.025",0.283389936361641
"2021-12-09","7 day R","2020-04-20","CH","quantile","0.975",0.901417096467945
"2021-12-09","7 day R","2020-04-21","CH","point","NA",0.578949359389823
"2021-12-09","7 day R","2020-04-21","CH","quantile","0.025",0.271576401667082
"2021-12-09","7 day R","2020-04-21","CH","quantile","0.975",0.884584864529673
"2021-12-09","7 day R","2020-04-22","CH","point","NA",0.567350159392599
"2021-12-09","7 day R","2020-04-22","CH","quantile","0.025",0.261352801902569
"2021-12-09","7 day R","2020-04-22","CH","quantile","0.975",0.875423067740104
"2021-12-09","7 day R","2020-04-23","CH","point","NA",0.558758425561847
"2021-12-09","7 day R","2020-04-23","CH","quantile","0.025",0.255916463883589
"2021-12-09","7 day R","2020-04-23","CH","quantile","0.975",0.867562937020793
"2021-12-09","7 day R","2020-04-24","CH","point","NA",0.55285608697388
"2021-12-09","7 day R","2020-04-24","CH","quantile","0.025",0.248750781135622
"2021-12-09","7 day R","2020-04-24","CH","quantile","0.975",0.859506545573609
"2021-12-09","7 day R","2020-04-25","CH","point","NA",0.552720813775494
"2021-12-09","7 day R","2020-04-25","CH","quantile","0.025",0.250649505116988
"2021-12-09","7 day R","2020-04-25","CH","quantile","0.975",0.853716248174933
"2021-12-09","7 day R","2020-04-26","CH","point","NA",0.551303609156331
"2021-12-09","7 day R","2020-04-26","CH","quantile","0.025",0.246682428049168
"2021-12-09","7 day R","2020-04-26","CH","quantile","0.975",0.857346732592446
"2021-12-09","7 day R","2020-04-27","CH","point","NA",0.549136355936058
"2021-12-09","7 day R","2020-04-27","CH","quantile","0.025",0.240719510326118
"2021-12-09","7 day R","2020-04-27","CH","quantile","0.975",0.855327870146896
"2021-12-09","7 day R","2020-04-28","CH","point","NA",0.545696532850729
"2021-12-09","7 day R","2020-04-28","CH","quantile","0.025",0.237731629751935
"2021-12-09","7 day R","2020-04-28","CH","quantile","0.975",0.851570364996773
"2021-12-09","7 day R","2020-04-29","CH","point","NA",0.54052834952745
"2021-12-09","7 day R","2020-04-29","CH","quantile","0.025",0.233488720004098
"2021-12-09","7 day R","2020-04-29","CH","quantile","0.975",0.844734803437459
"2021-12-09","7 day R","2020-04-30","CH","point","NA",0.532759143890524
"2021-12-09","7 day R","2020-04-30","CH","quantile","0.025",0.224975484275224
"2021-12-09","7 day R","2020-04-30","CH","quantile","0.975",0.841165471150995
"2021-12-09","7 day R","2020-05-01","CH","point","NA",0.521826498463054
"2021-12-09","7 day R","2020-05-01","CH","quantile","0.025",0.217683353080915
"2021-12-09","7 day R","2020-05-01","CH","quantile","0.975",0.832137839262209
"2021-12-09","7 day R","2020-05-02","CH","point","NA",0.513727430374579
"2021-12-09","7 day R","2020-05-02","CH","quantile","0.025",0.210141469499429
"2021-12-09","7 day R","2020-05-02","CH","quantile","0.975",0.823599085244095
"2021-12-09","7 day R","2020-05-03","CH","point","NA",0.507514925372719
"2021-12-09","7 day R","2020-05-03","CH","quantile","0.025",0.204483678769908
"2021-12-09","7 day R","2020-05-03","CH","quantile","0.975",0.812202109474276
"2021-12-09","7 day R","2020-05-04","CH","point","NA",0.500762984904906
"2021-12-09","7 day R","2020-05-04","CH","quantile","0.025",0.193892717807096
"2021-12-09","7 day R","2020-05-04","CH","quantile","0.975",0.802500269676652
"2021-12-09","7 day R","2020-05-05","CH","point","NA",0.489623193608445
"2021-12-09","7 day R","2020-05-05","CH","quantile","0.025",0.18172339970939
"2021-12-09","7 day R","2020-05-05","CH","quantile","0.975",0.796602844363999
"2021-12-09","7 day R","2020-05-06","CH","point","NA",0.48206426313028
"2021-12-09","7 day R","2020-05-06","CH","quantile","0.025",0.17304668453005
"2021-12-09","7 day R","2020-05-06","CH","quantile","0.975",0.785604790880416
"2021-12-09","7 day R","2020-05-07","CH","point","NA",0.481467324308115
"2021-12-09","7 day R","2020-05-07","CH","quantile","0.025",0.175014187217377
"2021-12-09","7 day R","2020-05-07","CH","quantile","0.975",0.791211647424987
"2021-12-09","7 day R","2020-05-08","CH","point","NA",0.48584071045156
"2021-12-09","7 day R","2020-05-08","CH","quantile","0.025",0.178373861097418
"2021-12-09","7 day R","2020-05-08","CH","quantile","0.975",0.792989163310175
"2021-12-09","7 day R","2020-05-09","CH","point","NA",0.489265667827856
"2021-12-09","7 day R","2020-05-09","CH","quantile","0.025",0.182455731391987
"2021-12-09","7 day R","2020-05-09","CH","quantile","0.975",0.792399948154734
"2021-12-09","7 day R","2020-05-10","CH","point","NA",0.498978922604088
"2021-12-09","7 day R","2020-05-10","CH","quantile","0.025",0.191657306724073
"2021-12-09","7 day R","2020-05-10","CH","quantile","0.975",0.799977253366422
"2021-12-09","7 day R","2020-05-11","CH","point","NA",0.505211718041781
"2021-12-09","7 day R","2020-05-11","CH","quantile","0.025",0.198226671161327
"2021-12-09","7 day R","2020-05-11","CH","quantile","0.975",0.81092397875483
"2021-12-09","7 day R","2020-05-12","CH","point","NA",0.507973812554782
"2021-12-09","7 day R","2020-05-12","CH","quantile","0.025",0.197755629218225
"2021-12-09","7 day R","2020-05-12","CH","quantile","0.975",0.814820390755535
"2021-12-09","7 day R","2020-05-13","CH","point","NA",0.506889167659435
"2021-12-09","7 day R","2020-05-13","CH","quantile","0.025",0.197837982148034
"2021-12-09","7 day R","2020-05-13","CH","quantile","0.975",0.811747008466311
"2021-12-09","7 day R","2020-05-14","CH","point","NA",0.51192832445525
"2021-12-09","7 day R","2020-05-14","CH","quantile","0.025",0.205706823397991
"2021-12-09","7 day R","2020-05-14","CH","quantile","0.975",0.816250325843211
"2021-12-09","7 day R","2020-05-15","CH","point","NA",0.518699094903881
"2021-12-09","7 day R","2020-05-15","CH","quantile","0.025",0.210155750518316
"2021-12-09","7 day R","2020-05-15","CH","quantile","0.975",0.82568489940065
"2021-12-09","7 day R","2020-05-16","CH","point","NA",0.523496657883091
"2021-12-09","7 day R","2020-05-16","CH","quantile","0.025",0.215733986920079
"2021-12-09","7 day R","2020-05-16","CH","quantile","0.975",0.831728171946456
"2021-12-09","7 day R","2020-05-17","CH","point","NA",0.520217204633945
"2021-12-09","7 day R","2020-05-17","CH","quantile","0.025",0.215401082706206
"2021-12-09","7 day R","2020-05-17","CH","quantile","0.975",0.821889060538161
"2021-12-09","7 day R","2020-05-18","CH","point","NA",0.522749920024211
"2021-12-09","7 day R","2020-05-18","CH","quantile","0.025",0.216140733529995
"2021-12-09","7 day R","2020-05-18","CH","quantile","0.975",0.825267675644014
"2021-12-09","7 day R","2020-05-19","CH","point","NA",0.529077599136262
"2021-12-09","7 day R","2020-05-19","CH","quantile","0.025",0.224457525478383
"2021-12-09","7 day R","2020-05-19","CH","quantile","0.975",0.833095029644792
"2021-12-09","7 day R","2020-05-20","CH","point","NA",0.532658966409184
"2021-12-09","7 day R","2020-05-20","CH","quantile","0.025",0.228494917218248
"2021-12-09","7 day R","2020-05-20","CH","quantile","0.975",0.834409949236532
"2021-12-09","7 day R","2020-05-21","CH","point","NA",0.528032397783297
"2021-12-09","7 day R","2020-05-21","CH","quantile","0.025",0.22055020290452
"2021-12-09","7 day R","2020-05-21","CH","quantile","0.975",0.834025958020203
"2021-12-09","7 day R","2020-05-22","CH","point","NA",0.523527072699924
"2021-12-09","7 day R","2020-05-22","CH","quantile","0.025",0.215355212745851
"2021-12-09","7 day R","2020-05-22","CH","quantile","0.975",0.83664669862695
"2021-12-09","7 day R","2020-05-23","CH","point","NA",0.535763249228136
"2021-12-09","7 day R","2020-05-23","CH","quantile","0.025",0.226620597466129
"2021-12-09","7 day R","2020-05-23","CH","quantile","0.975",0.843595941652076
"2021-12-09","7 day R","2020-05-24","CH","point","NA",0.555946892242544
"2021-12-09","7 day R","2020-05-24","CH","quantile","0.025",0.246536346399249
"2021-12-09","7 day R","2020-05-24","CH","quantile","0.975",0.861122858171312
"2021-12-09","7 day R","2020-05-25","CH","point","NA",0.578845002443096
"2021-12-09","7 day R","2020-05-25","CH","quantile","0.025",0.274685837106956
"2021-12-09","7 day R","2020-05-25","CH","quantile","0.975",0.883913431362479
"2021-12-09","7 day R","2020-05-26","CH","point","NA",0.601824338826661
"2021-12-09","7 day R","2020-05-26","CH","quantile","0.025",0.296333568416565
"2021-12-09","7 day R","2020-05-26","CH","quantile","0.975",0.904314450433713
"2021-12-09","7 day R","2020-05-27","CH","point","NA",0.620902691838648
"2021-12-09","7 day R","2020-05-27","CH","quantile","0.025",0.313885517724941
"2021-12-09","7 day R","2020-05-27","CH","quantile","0.975",0.926232760277283
"2021-12-09","7 day R","2020-05-28","CH","point","NA",0.649728342203893
"2021-12-09","7 day R","2020-05-28","CH","quantile","0.025",0.345540021685289
"2021-12-09","7 day R","2020-05-28","CH","quantile","0.975",0.953649253722532
"2021-12-09","7 day R","2020-05-29","CH","point","NA",0.680494075816227
"2021-12-09","7 day R","2020-05-29","CH","quantile","0.025",0.38119770148961
"2021-12-09","7 day R","2020-05-29","CH","quantile","0.975",0.984435854285347
"2021-12-09","7 day R","2020-05-30","CH","point","NA",0.700435058708041
"2021-12-09","7 day R","2020-05-30","CH","quantile","0.025",0.396472920233771
"2021-12-09","7 day R","2020-05-30","CH","quantile","0.975",1.00751252387681
"2021-12-09","7 day R","2020-05-31","CH","point","NA",0.722222470598513
"2021-12-09","7 day R","2020-05-31","CH","quantile","0.025",0.417463933470921
"2021-12-09","7 day R","2020-05-31","CH","quantile","0.975",1.02785326663866
"2021-12-09","7 day R","2020-06-01","CH","point","NA",0.740465057493488
"2021-12-09","7 day R","2020-06-01","CH","quantile","0.025",0.435518524819424
"2021-12-09","7 day R","2020-06-01","CH","quantile","0.975",1.04576737980923
"2021-12-09","7 day R","2020-06-02","CH","point","NA",0.760855474856086
"2021-12-09","7 day R","2020-06-02","CH","quantile","0.025",0.455821433142179
"2021-12-09","7 day R","2020-06-02","CH","quantile","0.975",1.06778234888936
"2021-12-09","7 day R","2020-06-03","CH","point","NA",0.793520399785628
"2021-12-09","7 day R","2020-06-03","CH","quantile","0.025",0.490289648412511
"2021-12-09","7 day R","2020-06-03","CH","quantile","0.975",1.09835857036191
"2021-12-09","7 day R","2020-06-04","CH","point","NA",0.827848985707893
"2021-12-09","7 day R","2020-06-04","CH","quantile","0.025",0.521971842731469
"2021-12-09","7 day R","2020-06-04","CH","quantile","0.975",1.13265034408756
"2021-12-09","7 day R","2020-06-05","CH","point","NA",0.864679791443275
"2021-12-09","7 day R","2020-06-05","CH","quantile","0.025",0.56074679445916
"2021-12-09","7 day R","2020-06-05","CH","quantile","0.975",1.16987801077183
"2021-12-09","7 day R","2020-06-06","CH","point","NA",0.894910574935973
"2021-12-09","7 day R","2020-06-06","CH","quantile","0.025",0.58680400953546
"2021-12-09","7 day R","2020-06-06","CH","quantile","0.975",1.19856159979887
"2021-12-09","7 day R","2020-06-07","CH","point","NA",0.924635337387956
"2021-12-09","7 day R","2020-06-07","CH","quantile","0.025",0.621437700675916
"2021-12-09","7 day R","2020-06-07","CH","quantile","0.975",1.23485824195837
"2021-12-09","7 day R","2020-06-08","CH","point","NA",0.967056279032792
"2021-12-09","7 day R","2020-06-08","CH","quantile","0.025",0.662752825054832
"2021-12-09","7 day R","2020-06-08","CH","quantile","0.975",1.27261514388871
"2021-12-09","7 day R","2020-06-09","CH","point","NA",1.01384198924239
"2021-12-09","7 day R","2020-06-09","CH","quantile","0.025",0.710845494947472
"2021-12-09","7 day R","2020-06-09","CH","quantile","0.975",1.32134438308859
"2021-12-09","7 day R","2020-06-10","CH","point","NA",1.05551349264212
"2021-12-09","7 day R","2020-06-10","CH","quantile","0.025",0.755730271960316
"2021-12-09","7 day R","2020-06-10","CH","quantile","0.975",1.36598430448422
"2021-12-09","7 day R","2020-06-11","CH","point","NA",1.09462364262981
"2021-12-09","7 day R","2020-06-11","CH","quantile","0.025",0.792187881289088
"2021-12-09","7 day R","2020-06-11","CH","quantile","0.975",1.40116648110292
"2021-12-09","7 day R","2020-06-12","CH","point","NA",1.11261335717222
"2021-12-09","7 day R","2020-06-12","CH","quantile","0.025",0.807379543761249
"2021-12-09","7 day R","2020-06-12","CH","quantile","0.975",1.42220130223351
"2021-12-09","7 day R","2020-06-13","CH","point","NA",1.14136006998749
"2021-12-09","7 day R","2020-06-13","CH","quantile","0.025",0.839283041874032
"2021-12-09","7 day R","2020-06-13","CH","quantile","0.975",1.44831247572156
"2021-12-09","7 day R","2020-06-14","CH","point","NA",1.15505336892825
"2021-12-09","7 day R","2020-06-14","CH","quantile","0.025",0.850871124952715
"2021-12-09","7 day R","2020-06-14","CH","quantile","0.975",1.46257512208536
"2021-12-09","7 day R","2020-06-15","CH","point","NA",1.17039968583642
"2021-12-09","7 day R","2020-06-15","CH","quantile","0.025",0.867932243938205
"2021-12-09","7 day R","2020-06-15","CH","quantile","0.975",1.47490518407437
"2021-12-09","7 day R","2020-06-16","CH","point","NA",1.18351029215451
"2021-12-09","7 day R","2020-06-16","CH","quantile","0.025",0.881974528324695
"2021-12-09","7 day R","2020-06-16","CH","quantile","0.975",1.48365648039292
"2021-12-09","7 day R","2020-06-17","CH","point","NA",1.1889958701437
"2021-12-09","7 day R","2020-06-17","CH","quantile","0.025",0.878820211541503
"2021-12-09","7 day R","2020-06-17","CH","quantile","0.975",1.48756416058539
"2021-12-09","7 day R","2020-06-18","CH","point","NA",1.19916508177887
"2021-12-09","7 day R","2020-06-18","CH","quantile","0.025",0.892611510519092
"2021-12-09","7 day R","2020-06-18","CH","quantile","0.975",1.50212291540977
"2021-12-09","7 day R","2020-06-19","CH","point","NA",1.23699310883819
"2021-12-09","7 day R","2020-06-19","CH","quantile","0.025",0.931202783480802
"2021-12-09","7 day R","2020-06-19","CH","quantile","0.975",1.53817973535463
"2021-12-09","7 day R","2020-06-20","CH","point","NA",1.27507071990941
"2021-12-09","7 day R","2020-06-20","CH","quantile","0.025",0.974170421132407
"2021-12-09","7 day R","2020-06-20","CH","quantile","0.975",1.57906324504166
"2021-12-09","7 day R","2020-06-21","CH","point","NA",1.33880851584484
"2021-12-09","7 day R","2020-06-21","CH","quantile","0.025",1.03528890999191
"2021-12-09","7 day R","2020-06-21","CH","quantile","0.975",1.64300912797467
"2021-12-09","7 day R","2020-06-22","CH","point","NA",1.37323935988644
"2021-12-09","7 day R","2020-06-22","CH","quantile","0.025",1.06876245571731
"2021-12-09","7 day R","2020-06-22","CH","quantile","0.975",1.67956125525652
"2021-12-09","7 day R","2020-06-23","CH","point","NA",1.40546169827441
"2021-12-09","7 day R","2020-06-23","CH","quantile","0.025",1.09917637369182
"2021-12-09","7 day R","2020-06-23","CH","quantile","0.975",1.71061975931054
"2021-12-09","7 day R","2020-06-24","CH","point","NA",1.44556263165029
"2021-12-09","7 day R","2020-06-24","CH","quantile","0.025",1.14122024494395
"2021-12-09","7 day R","2020-06-24","CH","quantile","0.975",1.75466348317031
"2021-12-09","7 day R","2020-06-25","CH","point","NA",1.49107492882183
"2021-12-09","7 day R","2020-06-25","CH","quantile","0.025",1.18529188668562
"2021-12-09","7 day R","2020-06-25","CH","quantile","0.975",1.80422014915285
"2021-12-09","7 day R","2020-06-26","CH","point","NA",1.52391816170485
"2021-12-09","7 day R","2020-06-26","CH","quantile","0.025",1.21673599166081
"2021-12-09","7 day R","2020-06-26","CH","quantile","0.975",1.84225492454697
"2021-12-09","7 day R","2020-06-27","CH","point","NA",1.55183072564481
"2021-12-09","7 day R","2020-06-27","CH","quantile","0.025",1.24355090281449
"2021-12-09","7 day R","2020-06-27","CH","quantile","0.975",1.87126275781877
"2021-12-09","7 day R","2020-06-28","CH","point","NA",1.558572853361
"2021-12-09","7 day R","2020-06-28","CH","quantile","0.025",1.25122443622081
"2021-12-09","7 day R","2020-06-28","CH","quantile","0.975",1.87500476394488
"2021-12-09","7 day R","2020-06-29","CH","point","NA",1.56506913593057
"2021-12-09","7 day R","2020-06-29","CH","quantile","0.025",1.25521188957152
"2021-12-09","7 day R","2020-06-29","CH","quantile","0.975",1.88254221103107
"2021-12-09","7 day R","2020-06-30","CH","point","NA",1.57246799042455
"2021-12-09","7 day R","2020-06-30","CH","quantile","0.025",1.26592132717151
"2021-12-09","7 day R","2020-06-30","CH","quantile","0.975",1.8907962511262
"2021-12-09","7 day R","2020-07-01","CH","point","NA",1.57029923444273
"2021-12-09","7 day R","2020-07-01","CH","quantile","0.025",1.25834009083997
"2021-12-09","7 day R","2020-07-01","CH","quantile","0.975",1.88707300976951
"2021-12-09","7 day R","2020-07-02","CH","point","NA",1.53535183467778
"2021-12-09","7 day R","2020-07-02","CH","quantile","0.025",1.22847464826839
"2021-12-09","7 day R","2020-07-02","CH","quantile","0.975",1.85156905911952
"2021-12-09","7 day R","2020-07-03","CH","point","NA",1.48472376172191
"2021-12-09","7 day R","2020-07-03","CH","quantile","0.025",1.17599115175286
"2021-12-09","7 day R","2020-07-03","CH","quantile","0.975",1.80008560525216
"2021-12-09","7 day R","2020-07-04","CH","point","NA",1.42279544746142
"2021-12-09","7 day R","2020-07-04","CH","quantile","0.025",1.11486730963079
"2021-12-09","7 day R","2020-07-04","CH","quantile","0.975",1.73260002994726
"2021-12-09","7 day R","2020-07-05","CH","point","NA",1.36774227446362
"2021-12-09","7 day R","2020-07-05","CH","quantile","0.025",1.0620770446083
"2021-12-09","7 day R","2020-07-05","CH","quantile","0.975",1.6756521989976
"2021-12-09","7 day R","2020-07-06","CH","point","NA",1.32503940871323
"2021-12-09","7 day R","2020-07-06","CH","quantile","0.025",1.01688697766919
"2021-12-09","7 day R","2020-07-06","CH","quantile","0.975",1.63656606856456
"2021-12-09","7 day R","2020-07-07","CH","point","NA",1.2870559875658
"2021-12-09","7 day R","2020-07-07","CH","quantile","0.025",0.980710209025444
"2021-12-09","7 day R","2020-07-07","CH","quantile","0.975",1.59484082771338
"2021-12-09","7 day R","2020-07-08","CH","point","NA",1.25936956527938
"2021-12-09","7 day R","2020-07-08","CH","quantile","0.025",0.95087049224539
"2021-12-09","7 day R","2020-07-08","CH","quantile","0.975",1.56710070271497
"2021-12-09","7 day R","2020-07-09","CH","point","NA",1.2351185686249
"2021-12-09","7 day R","2020-07-09","CH","quantile","0.025",0.927800874822048
"2021-12-09","7 day R","2020-07-09","CH","quantile","0.975",1.54462985487079
"2021-12-09","7 day R","2020-07-10","CH","point","NA",1.22262495656458
"2021-12-09","7 day R","2020-07-10","CH","quantile","0.025",0.91714827056578
"2021-12-09","7 day R","2020-07-10","CH","quantile","0.975",1.53436921462709
"2021-12-09","7 day R","2020-07-11","CH","point","NA",1.21288529856998
"2021-12-09","7 day R","2020-07-11","CH","quantile","0.025",0.909220607381171
"2021-12-09","7 day R","2020-07-11","CH","quantile","0.975",1.520418570001
"2021-12-09","7 day R","2020-07-12","CH","point","NA",1.19636155380729
"2021-12-09","7 day R","2020-07-12","CH","quantile","0.025",0.893141862097889
"2021-12-09","7 day R","2020-07-12","CH","quantile","0.975",1.50844242991478
"2021-12-09","7 day R","2020-07-13","CH","point","NA",1.188261966111
"2021-12-09","7 day R","2020-07-13","CH","quantile","0.025",0.882475536701229
"2021-12-09","7 day R","2020-07-13","CH","quantile","0.975",1.49790188996041
"2021-12-09","7 day R","2020-07-14","CH","point","NA",1.17663330593057
"2021-12-09","7 day R","2020-07-14","CH","quantile","0.025",0.86884043634952
"2021-12-09","7 day R","2020-07-14","CH","quantile","0.975",1.48650122872422
"2021-12-09","7 day R","2020-07-15","CH","point","NA",1.16960987286639
"2021-12-09","7 day R","2020-07-15","CH","quantile","0.025",0.86194279168274
"2021-12-09","7 day R","2020-07-15","CH","quantile","0.975",1.47993008079252
"2021-12-09","7 day R","2020-07-16","CH","point","NA",1.16557961118703
"2021-12-09","7 day R","2020-07-16","CH","quantile","0.025",0.855678506152356
"2021-12-09","7 day R","2020-07-16","CH","quantile","0.975",1.47397983500272
"2021-12-09","7 day R","2020-07-17","CH","point","NA",1.15462709945735
"2021-12-09","7 day R","2020-07-17","CH","quantile","0.025",0.845138211777716
"2021-12-09","7 day R","2020-07-17","CH","quantile","0.975",1.46386110156508
"2021-12-09","7 day R","2020-07-18","CH","point","NA",1.15491950907187
"2021-12-09","7 day R","2020-07-18","CH","quantile","0.025",0.84609921456211
"2021-12-09","7 day R","2020-07-18","CH","quantile","0.975",1.46675867924384
"2021-12-09","7 day R","2020-07-19","CH","point","NA",1.15967968501706
"2021-12-09","7 day R","2020-07-19","CH","quantile","0.025",0.847631744876242
"2021-12-09","7 day R","2020-07-19","CH","quantile","0.975",1.46780586236787
"2021-12-09","7 day R","2020-07-20","CH","point","NA",1.1612499073241
"2021-12-09","7 day R","2020-07-20","CH","quantile","0.025",0.847918195980491
"2021-12-09","7 day R","2020-07-20","CH","quantile","0.975",1.46860484387446
"2021-12-09","7 day R","2020-07-21","CH","point","NA",1.16950490079267
"2021-12-09","7 day R","2020-07-21","CH","quantile","0.025",0.86071698436794
"2021-12-09","7 day R","2020-07-21","CH","quantile","0.975",1.47767913932856
"2021-12-09","7 day R","2020-07-22","CH","point","NA",1.17110725540474
"2021-12-09","7 day R","2020-07-22","CH","quantile","0.025",0.86094700246625
"2021-12-09","7 day R","2020-07-22","CH","quantile","0.975",1.47429372555244
"2021-12-09","7 day R","2020-07-23","CH","point","NA",1.17649569935289
"2021-12-09","7 day R","2020-07-23","CH","quantile","0.025",0.866849263114853
"2021-12-09","7 day R","2020-07-23","CH","quantile","0.975",1.4829346641991
"2021-12-09","7 day R","2020-07-24","CH","point","NA",1.18961168423173
"2021-12-09","7 day R","2020-07-24","CH","quantile","0.025",0.8800099945133
"2021-12-09","7 day R","2020-07-24","CH","quantile","0.975",1.49777035629028
"2021-12-09","7 day R","2020-07-25","CH","point","NA",1.19780445869413
"2021-12-09","7 day R","2020-07-25","CH","quantile","0.025",0.889209930644827
"2021-12-09","7 day R","2020-07-25","CH","quantile","0.975",1.50402879295504
"2021-12-09","7 day R","2020-07-26","CH","point","NA",1.20306388811238
"2021-12-09","7 day R","2020-07-26","CH","quantile","0.025",0.89340878908485
"2021-12-09","7 day R","2020-07-26","CH","quantile","0.975",1.50843566000589
"2021-12-09","7 day R","2020-07-27","CH","point","NA",1.21040252857956
"2021-12-09","7 day R","2020-07-27","CH","quantile","0.025",0.905547830830408
"2021-12-09","7 day R","2020-07-27","CH","quantile","0.975",1.51911092499648
"2021-12-09","7 day R","2020-07-28","CH","point","NA",1.2190047681355
"2021-12-09","7 day R","2020-07-28","CH","quantile","0.025",0.910253381164681
"2021-12-09","7 day R","2020-07-28","CH","quantile","0.975",1.52601708503541
"2021-12-09","7 day R","2020-07-29","CH","point","NA",1.22308304445862
"2021-12-09","7 day R","2020-07-29","CH","quantile","0.025",0.913674977028688
"2021-12-09","7 day R","2020-07-29","CH","quantile","0.975",1.52948598981661
"2021-12-09","7 day R","2020-07-30","CH","point","NA",1.22230036218625
"2021-12-09","7 day R","2020-07-30","CH","quantile","0.025",0.914665179308718
"2021-12-09","7 day R","2020-07-30","CH","quantile","0.975",1.52927336519099
"2021-12-09","7 day R","2020-07-31","CH","point","NA",1.20912819415849
"2021-12-09","7 day R","2020-07-31","CH","quantile","0.025",0.903142742435944
"2021-12-09","7 day R","2020-07-31","CH","quantile","0.975",1.51359508879292
"2021-12-09","7 day R","2020-08-01","CH","point","NA",1.18875769582625
"2021-12-09","7 day R","2020-08-01","CH","quantile","0.025",0.885995900922568
"2021-12-09","7 day R","2020-08-01","CH","quantile","0.975",1.4901201004296
"2021-12-09","7 day R","2020-08-02","CH","point","NA",1.17053289449608
"2021-12-09","7 day R","2020-08-02","CH","quantile","0.025",0.864819508139331
"2021-12-09","7 day R","2020-08-02","CH","quantile","0.975",1.47611276511759
"2021-12-09","7 day R","2020-08-03","CH","point","NA",1.15425808027787
"2021-12-09","7 day R","2020-08-03","CH","quantile","0.025",0.848705399848555
"2021-12-09","7 day R","2020-08-03","CH","quantile","0.975",1.45821610215941
"2021-12-09","7 day R","2020-08-04","CH","point","NA",1.14301239128766
"2021-12-09","7 day R","2020-08-04","CH","quantile","0.025",0.837223746527317
"2021-12-09","7 day R","2020-08-04","CH","quantile","0.975",1.44492617184686
"2021-12-09","7 day R","2020-08-05","CH","point","NA",1.13671844251284
"2021-12-09","7 day R","2020-08-05","CH","quantile","0.025",0.834108444759792
"2021-12-09","7 day R","2020-08-05","CH","quantile","0.975",1.43640270759789
"2021-12-09","7 day R","2020-08-06","CH","point","NA",1.13871490970799
"2021-12-09","7 day R","2020-08-06","CH","quantile","0.025",0.834069718998753
"2021-12-09","7 day R","2020-08-06","CH","quantile","0.975",1.44136805238962
"2021-12-09","7 day R","2020-08-07","CH","point","NA",1.14511413644679
"2021-12-09","7 day R","2020-08-07","CH","quantile","0.025",0.838791837360634
"2021-12-09","7 day R","2020-08-07","CH","quantile","0.975",1.4526557159017
"2021-12-09","7 day R","2020-08-08","CH","point","NA",1.1580164492107
"2021-12-09","7 day R","2020-08-08","CH","quantile","0.025",0.848689556852019
"2021-12-09","7 day R","2020-08-08","CH","quantile","0.975",1.46167893007142
"2021-12-09","7 day R","2020-08-09","CH","point","NA",1.17363197000912
"2021-12-09","7 day R","2020-08-09","CH","quantile","0.025",0.866619309495067
"2021-12-09","7 day R","2020-08-09","CH","quantile","0.975",1.4820830824618
"2021-12-09","7 day R","2020-08-10","CH","point","NA",1.19010544944316
"2021-12-09","7 day R","2020-08-10","CH","quantile","0.025",0.888172762178039
"2021-12-09","7 day R","2020-08-10","CH","quantile","0.975",1.49513387499008
"2021-12-09","7 day R","2020-08-11","CH","point","NA",1.20503362411609
"2021-12-09","7 day R","2020-08-11","CH","quantile","0.025",0.898407768221739
"2021-12-09","7 day R","2020-08-11","CH","quantile","0.975",1.51287646140766
"2021-12-09","7 day R","2020-08-12","CH","point","NA",1.21288530870613
"2021-12-09","7 day R","2020-08-12","CH","quantile","0.025",0.906248680324094
"2021-12-09","7 day R","2020-08-12","CH","quantile","0.975",1.5214595566006
"2021-12-09","7 day R","2020-08-13","CH","point","NA",1.21390929191072
"2021-12-09","7 day R","2020-08-13","CH","quantile","0.025",0.909503067169817
"2021-12-09","7 day R","2020-08-13","CH","quantile","0.975",1.51904372239372
"2021-12-09","7 day R","2020-08-14","CH","point","NA",1.21427537693773
"2021-12-09","7 day R","2020-08-14","CH","quantile","0.025",0.914461861699684
"2021-12-09","7 day R","2020-08-14","CH","quantile","0.975",1.52463725481774
"2021-12-09","7 day R","2020-08-15","CH","point","NA",1.21050129492665
"2021-12-09","7 day R","2020-08-15","CH","quantile","0.025",0.910126201447108
"2021-12-09","7 day R","2020-08-15","CH","quantile","0.975",1.5134483808529
"2021-12-09","7 day R","2020-08-16","CH","point","NA",1.20410773767135
"2021-12-09","7 day R","2020-08-16","CH","quantile","0.025",0.897737209648545
"2021-12-09","7 day R","2020-08-16","CH","quantile","0.975",1.5082048886148
"2021-12-09","7 day R","2020-08-17","CH","point","NA",1.19961677862725
"2021-12-09","7 day R","2020-08-17","CH","quantile","0.025",0.891822482020412
"2021-12-09","7 day R","2020-08-17","CH","quantile","0.975",1.50511718541131
"2021-12-09","7 day R","2020-08-18","CH","point","NA",1.19779338545754
"2021-12-09","7 day R","2020-08-18","CH","quantile","0.025",0.88921406214123
"2021-12-09","7 day R","2020-08-18","CH","quantile","0.975",1.5027765948192
"2021-12-09","7 day R","2020-08-19","CH","point","NA",1.19751571158601
"2021-12-09","7 day R","2020-08-19","CH","quantile","0.025",0.892799174451372
"2021-12-09","7 day R","2020-08-19","CH","quantile","0.975",1.5040953122572
"2021-12-09","7 day R","2020-08-20","CH","point","NA",1.19705855659312
"2021-12-09","7 day R","2020-08-20","CH","quantile","0.025",0.888323605921897
"2021-12-09","7 day R","2020-08-20","CH","quantile","0.975",1.50585082011053
"2021-12-09","7 day R","2020-08-21","CH","point","NA",1.19744934389113
"2021-12-09","7 day R","2020-08-21","CH","quantile","0.025",0.892400149975685
"2021-12-09","7 day R","2020-08-21","CH","quantile","0.975",1.50581386623627
"2021-12-09","7 day R","2020-08-22","CH","point","NA",1.19482787531867
"2021-12-09","7 day R","2020-08-22","CH","quantile","0.025",0.891788120946446
"2021-12-09","7 day R","2020-08-22","CH","quantile","0.975",1.50258698679514
"2021-12-09","7 day R","2020-08-23","CH","point","NA",1.18984057822091
"2021-12-09","7 day R","2020-08-23","CH","quantile","0.025",0.882171421761678
"2021-12-09","7 day R","2020-08-23","CH","quantile","0.975",1.49726204418221
"2021-12-09","7 day R","2020-08-24","CH","point","NA",1.1823564490732
"2021-12-09","7 day R","2020-08-24","CH","quantile","0.025",0.877339309485319
"2021-12-09","7 day R","2020-08-24","CH","quantile","0.975",1.48980282657564
"2021-12-09","7 day R","2020-08-25","CH","point","NA",1.1799213455955
"2021-12-09","7 day R","2020-08-25","CH","quantile","0.025",0.869806776943696
"2021-12-09","7 day R","2020-08-25","CH","quantile","0.975",1.48697425822528
"2021-12-09","7 day R","2020-08-26","CH","point","NA",1.18194164601908
"2021-12-09","7 day R","2020-08-26","CH","quantile","0.025",0.872161023634429
"2021-12-09","7 day R","2020-08-26","CH","quantile","0.975",1.49084078619302
"2021-12-09","7 day R","2020-08-27","CH","point","NA",1.1824099483984
"2021-12-09","7 day R","2020-08-27","CH","quantile","0.025",0.874457639462592
"2021-12-09","7 day R","2020-08-27","CH","quantile","0.975",1.49192990659622
"2021-12-09","7 day R","2020-08-28","CH","point","NA",1.17603008457385
"2021-12-09","7 day R","2020-08-28","CH","quantile","0.025",0.872119995488843
"2021-12-09","7 day R","2020-08-28","CH","quantile","0.975",1.48416710642515
"2021-12-09","7 day R","2020-08-29","CH","point","NA",1.1690315012056
"2021-12-09","7 day R","2020-08-29","CH","quantile","0.025",0.865511402210704
"2021-12-09","7 day R","2020-08-29","CH","quantile","0.975",1.47740031482505
"2021-12-09","7 day R","2020-08-30","CH","point","NA",1.1551838630077
"2021-12-09","7 day R","2020-08-30","CH","quantile","0.025",0.846206248829785
"2021-12-09","7 day R","2020-08-30","CH","quantile","0.975",1.45752124166047
"2021-12-09","7 day R","2020-08-31","CH","point","NA",1.14267521357601
"2021-12-09","7 day R","2020-08-31","CH","quantile","0.025",0.834375595125786
"2021-12-09","7 day R","2020-08-31","CH","quantile","0.975",1.44778549762894
"2021-12-09","7 day R","2020-09-01","CH","point","NA",1.14167658588353
"2021-12-09","7 day R","2020-09-01","CH","quantile","0.025",0.837161942582483
"2021-12-09","7 day R","2020-09-01","CH","quantile","0.975",1.44591040133539
"2021-12-09","7 day R","2020-09-02","CH","point","NA",1.14821082961479
"2021-12-09","7 day R","2020-09-02","CH","quantile","0.025",0.842570520518349
"2021-12-09","7 day R","2020-09-02","CH","quantile","0.975",1.45747949411463
"2021-12-09","7 day R","2020-09-03","CH","point","NA",1.16027929031548
"2021-12-09","7 day R","2020-09-03","CH","quantile","0.025",0.852417280212325
"2021-12-09","7 day R","2020-09-03","CH","quantile","0.975",1.46672921398609
"2021-12-09","7 day R","2020-09-04","CH","point","NA",1.17133940051298
"2021-12-09","7 day R","2020-09-04","CH","quantile","0.025",0.867593407630034
"2021-12-09","7 day R","2020-09-04","CH","quantile","0.975",1.4812629922249
"2021-12-09","7 day R","2020-09-05","CH","point","NA",1.17535446298014
"2021-12-09","7 day R","2020-09-05","CH","quantile","0.025",0.869823798078142
"2021-12-09","7 day R","2020-09-05","CH","quantile","0.975",1.47839011756283
"2021-12-09","7 day R","2020-09-06","CH","point","NA",1.16465871273164
"2021-12-09","7 day R","2020-09-06","CH","quantile","0.025",0.863557238454857
"2021-12-09","7 day R","2020-09-06","CH","quantile","0.975",1.46352785117696
"2021-12-09","7 day R","2020-09-07","CH","point","NA",1.14424157347345
"2021-12-09","7 day R","2020-09-07","CH","quantile","0.025",0.840019979424273
"2021-12-09","7 day R","2020-09-07","CH","quantile","0.975",1.44915312719527
"2021-12-09","7 day R","2020-09-08","CH","point","NA",1.14335591885561
"2021-12-09","7 day R","2020-09-08","CH","quantile","0.025",0.840753879513216
"2021-12-09","7 day R","2020-09-08","CH","quantile","0.975",1.44527891158216
"2021-12-09","7 day R","2020-09-09","CH","point","NA",1.15012109725727
"2021-12-09","7 day R","2020-09-09","CH","quantile","0.025",0.847058613043583
"2021-12-09","7 day R","2020-09-09","CH","quantile","0.975",1.45454724001791
"2021-12-09","7 day R","2020-09-10","CH","point","NA",1.15745330948247
"2021-12-09","7 day R","2020-09-10","CH","quantile","0.025",0.855394375670415
"2021-12-09","7 day R","2020-09-10","CH","quantile","0.975",1.46599046116989
"2021-12-09","7 day R","2020-09-11","CH","point","NA",1.16661287723457
"2021-12-09","7 day R","2020-09-11","CH","quantile","0.025",0.864578192248031
"2021-12-09","7 day R","2020-09-11","CH","quantile","0.975",1.47687105804617
"2021-12-09","7 day R","2020-09-12","CH","point","NA",1.16396721268594
"2021-12-09","7 day R","2020-09-12","CH","quantile","0.025",0.862855501796233
"2021-12-09","7 day R","2020-09-12","CH","quantile","0.975",1.46999548382306
"2021-12-09","7 day R","2020-09-13","CH","point","NA",1.14012338449827
"2021-12-09","7 day R","2020-09-13","CH","quantile","0.025",0.840340335081038
"2021-12-09","7 day R","2020-09-13","CH","quantile","0.975",1.44485270635797
"2021-12-09","7 day R","2020-09-14","CH","point","NA",1.1009291745426
"2021-12-09","7 day R","2020-09-14","CH","quantile","0.025",0.796335827122596
"2021-12-09","7 day R","2020-09-14","CH","quantile","0.975",1.41116286816416
"2021-12-09","7 day R","2020-09-15","CH","point","NA",1.0976100728274
"2021-12-09","7 day R","2020-09-15","CH","quantile","0.025",0.794480065139966
"2021-12-09","7 day R","2020-09-15","CH","quantile","0.975",1.40730031438829
"2021-12-09","7 day R","2020-09-16","CH","point","NA",1.09869919002461
"2021-12-09","7 day R","2020-09-16","CH","quantile","0.025",0.797513329909677
"2021-12-09","7 day R","2020-09-16","CH","quantile","0.975",1.409563437908
"2021-12-09","7 day R","2020-09-17","CH","point","NA",1.09854487229256
"2021-12-09","7 day R","2020-09-17","CH","quantile","0.025",0.794069809490861
"2021-12-09","7 day R","2020-09-17","CH","quantile","0.975",1.40607111180798
"2021-12-09","7 day R","2020-09-18","CH","point","NA",1.09410949133398
"2021-12-09","7 day R","2020-09-18","CH","quantile","0.025",0.791802703591189
"2021-12-09","7 day R","2020-09-18","CH","quantile","0.975",1.4015456141381
"2021-12-09","7 day R","2020-09-19","CH","point","NA",1.09119975648191
"2021-12-09","7 day R","2020-09-19","CH","quantile","0.025",0.785322108242996
"2021-12-09","7 day R","2020-09-19","CH","quantile","0.975",1.39739318720685
"2021-12-09","7 day R","2020-09-20","CH","point","NA",1.10130089167259
"2021-12-09","7 day R","2020-09-20","CH","quantile","0.025",0.792757758014883
"2021-12-09","7 day R","2020-09-20","CH","quantile","0.975",1.40473905466774
"2021-12-09","7 day R","2020-09-21","CH","point","NA",1.12251961598145
"2021-12-09","7 day R","2020-09-21","CH","quantile","0.025",0.813436955661365
"2021-12-09","7 day R","2020-09-21","CH","quantile","0.975",1.42590427193897
"2021-12-09","7 day R","2020-09-22","CH","point","NA",1.10872503831277
"2021-12-09","7 day R","2020-09-22","CH","quantile","0.025",0.795888126493297
"2021-12-09","7 day R","2020-09-22","CH","quantile","0.975",1.41703498229466
"2021-12-09","7 day R","2020-09-23","CH","point","NA",1.09530653232916
"2021-12-09","7 day R","2020-09-23","CH","quantile","0.025",0.78084549367977
"2021-12-09","7 day R","2020-09-23","CH","quantile","0.975",1.40169706792011
"2021-12-09","7 day R","2020-09-24","CH","point","NA",1.09132417378507
"2021-12-09","7 day R","2020-09-24","CH","quantile","0.025",0.77593572486907
"2021-12-09","7 day R","2020-09-24","CH","quantile","0.975",1.39732905431297
"2021-12-09","7 day R","2020-09-25","CH","point","NA",1.09866894325097
"2021-12-09","7 day R","2020-09-25","CH","quantile","0.025",0.782503104740598
"2021-12-09","7 day R","2020-09-25","CH","quantile","0.975",1.40586574944226
"2021-12-09","7 day R","2020-09-26","CH","point","NA",1.11821025678627
"2021-12-09","7 day R","2020-09-26","CH","quantile","0.025",0.800825345267066
"2021-12-09","7 day R","2020-09-26","CH","quantile","0.975",1.42569096106668
"2021-12-09","7 day R","2020-09-27","CH","point","NA",1.14085146030472
"2021-12-09","7 day R","2020-09-27","CH","quantile","0.025",0.824684289464459
"2021-12-09","7 day R","2020-09-27","CH","quantile","0.975",1.45203181634454
"2021-12-09","7 day R","2020-09-28","CH","point","NA",1.16607437025417
"2021-12-09","7 day R","2020-09-28","CH","quantile","0.025",0.845681868946903
"2021-12-09","7 day R","2020-09-28","CH","quantile","0.975",1.47706491953898
"2021-12-09","7 day R","2020-09-29","CH","point","NA",1.22024501145402
"2021-12-09","7 day R","2020-09-29","CH","quantile","0.025",0.905834673902137
"2021-12-09","7 day R","2020-09-29","CH","quantile","0.975",1.5262921998103
"2021-12-09","7 day R","2020-09-30","CH","point","NA",1.28124656436207
"2021-12-09","7 day R","2020-09-30","CH","quantile","0.025",0.969648501530039
"2021-12-09","7 day R","2020-09-30","CH","quantile","0.975",1.58614685014021
"2021-12-09","7 day R","2020-10-01","CH","point","NA",1.35140923615129
"2021-12-09","7 day R","2020-10-01","CH","quantile","0.025",1.03923852964592
"2021-12-09","7 day R","2020-10-01","CH","quantile","0.975",1.65801991707903
"2021-12-09","7 day R","2020-10-02","CH","point","NA",1.42032666771928
"2021-12-09","7 day R","2020-10-02","CH","quantile","0.025",1.11378359265977
"2021-12-09","7 day R","2020-10-02","CH","quantile","0.975",1.72392049957683
"2021-12-09","7 day R","2020-10-03","CH","point","NA",1.49412164228517
"2021-12-09","7 day R","2020-10-03","CH","quantile","0.025",1.18699002341097
"2021-12-09","7 day R","2020-10-03","CH","quantile","0.975",1.80182787502593
"2021-12-09","7 day R","2020-10-04","CH","point","NA",1.57560116113508
"2021-12-09","7 day R","2020-10-04","CH","quantile","0.025",1.26941225855048
"2021-12-09","7 day R","2020-10-04","CH","quantile","0.975",1.88324987663849
"2021-12-09","7 day R","2020-10-05","CH","point","NA",1.65873956744143
"2021-12-09","7 day R","2020-10-05","CH","quantile","0.025",1.35178633071477
"2021-12-09","7 day R","2020-10-05","CH","quantile","0.975",1.96596623465819
"2021-12-09","7 day R","2020-10-06","CH","point","NA",1.72420526350225
"2021-12-09","7 day R","2020-10-06","CH","quantile","0.025",1.41912633209545
"2021-12-09","7 day R","2020-10-06","CH","quantile","0.975",2.03240548460883
"2021-12-09","7 day R","2020-10-07","CH","point","NA",1.77416978257415
"2021-12-09","7 day R","2020-10-07","CH","quantile","0.025",1.46657137146808
"2021-12-09","7 day R","2020-10-07","CH","quantile","0.975",2.08353609920724
"2021-12-09","7 day R","2020-10-08","CH","point","NA",1.81799326712434
"2021-12-09","7 day R","2020-10-08","CH","quantile","0.025",1.51182523764837
"2021-12-09","7 day R","2020-10-08","CH","quantile","0.975",2.12895576775455
"2021-12-09","7 day R","2020-10-09","CH","point","NA",1.85663688106109
"2021-12-09","7 day R","2020-10-09","CH","quantile","0.025",1.55114456135634
"2021-12-09","7 day R","2020-10-09","CH","quantile","0.975",2.16109776204668
"2021-12-09","7 day R","2020-10-10","CH","point","NA",1.89194409018873
"2021-12-09","7 day R","2020-10-10","CH","quantile","0.025",1.58485178303467
"2021-12-09","7 day R","2020-10-10","CH","quantile","0.975",2.20239645993962
"2021-12-09","7 day R","2020-10-11","CH","point","NA",1.93966231064014
"2021-12-09","7 day R","2020-10-11","CH","quantile","0.025",1.63307187603076
"2021-12-09","7 day R","2020-10-11","CH","quantile","0.975",2.25754057808885
"2021-12-09","7 day R","2020-10-12","CH","point","NA",1.99029173411068
"2021-12-09","7 day R","2020-10-12","CH","quantile","0.025",1.68007888261917
"2021-12-09","7 day R","2020-10-12","CH","quantile","0.975",2.31070826689997
"2021-12-09","7 day R","2020-10-13","CH","point","NA",1.99397422173049
"2021-12-09","7 day R","2020-10-13","CH","quantile","0.025",1.68722660260508
"2021-12-09","7 day R","2020-10-13","CH","quantile","0.975",2.31068373537362
"2021-12-09","7 day R","2020-10-14","CH","point","NA",1.98900190906561
"2021-12-09","7 day R","2020-10-14","CH","quantile","0.025",1.68365882640795
"2021-12-09","7 day R","2020-10-14","CH","quantile","0.975",2.30057889821605
"2021-12-09","7 day R","2020-10-15","CH","point","NA",1.97446048750429
"2021-12-09","7 day R","2020-10-15","CH","quantile","0.025",1.67315444738886
"2021-12-09","7 day R","2020-10-15","CH","quantile","0.975",2.28297991744087
"2021-12-09","7 day R","2020-10-16","CH","point","NA",1.96088944473512
"2021-12-09","7 day R","2020-10-16","CH","quantile","0.025",1.65745341378576
"2021-12-09","7 day R","2020-10-16","CH","quantile","0.975",2.27061955912982
"2021-12-09","7 day R","2020-10-17","CH","point","NA",1.95550884653765
"2021-12-09","7 day R","2020-10-17","CH","quantile","0.025",1.65022851348921
"2021-12-09","7 day R","2020-10-17","CH","quantile","0.975",2.26519987732558
"2021-12-09","7 day R","2020-10-18","CH","point","NA",1.96263368676846
"2021-12-09","7 day R","2020-10-18","CH","quantile","0.025",1.65570235387609
"2021-12-09","7 day R","2020-10-18","CH","quantile","0.975",2.27783051379008
"2021-12-09","7 day R","2020-10-19","CH","point","NA",1.97280645136072
"2021-12-09","7 day R","2020-10-19","CH","quantile","0.025",1.66481278724697
"2021-12-09","7 day R","2020-10-19","CH","quantile","0.975",2.28674005014806
"2021-12-09","7 day R","2020-10-20","CH","point","NA",1.95315785800736
"2021-12-09","7 day R","2020-10-20","CH","quantile","0.025",1.6456186855356
"2021-12-09","7 day R","2020-10-20","CH","quantile","0.975",2.26325420736673
"2021-12-09","7 day R","2020-10-21","CH","point","NA",1.9271460041396
"2021-12-09","7 day R","2020-10-21","CH","quantile","0.025",1.61787274878075
"2021-12-09","7 day R","2020-10-21","CH","quantile","0.975",2.23504439178567
"2021-12-09","7 day R","2020-10-22","CH","point","NA",1.89406965419439
"2021-12-09","7 day R","2020-10-22","CH","quantile","0.025",1.58887139861316
"2021-12-09","7 day R","2020-10-22","CH","quantile","0.975",2.20293541439455
"2021-12-09","7 day R","2020-10-23","CH","point","NA",1.86300086182776
"2021-12-09","7 day R","2020-10-23","CH","quantile","0.025",1.55681859735459
"2021-12-09","7 day R","2020-10-23","CH","quantile","0.975",2.17527031941171
"2021-12-09","7 day R","2020-10-24","CH","point","NA",1.83301195349114
"2021-12-09","7 day R","2020-10-24","CH","quantile","0.025",1.53157524795445
"2021-12-09","7 day R","2020-10-24","CH","quantile","0.975",2.13663780739685
"2021-12-09","7 day R","2020-10-25","CH","point","NA",1.81300184724843
"2021-12-09","7 day R","2020-10-25","CH","quantile","0.025",1.5053684199026
"2021-12-09","7 day R","2020-10-25","CH","quantile","0.975",2.11964584542986
"2021-12-09","7 day R","2020-10-26","CH","point","NA",1.79585552767538
"2021-12-09","7 day R","2020-10-26","CH","quantile","0.025",1.4867775993266
"2021-12-09","7 day R","2020-10-26","CH","quantile","0.975",2.10694735830514
"2021-12-09","7 day R","2020-10-27","CH","point","NA",1.74477650425366
"2021-12-09","7 day R","2020-10-27","CH","quantile","0.025",1.43900827418649
"2021-12-09","7 day R","2020-10-27","CH","quantile","0.975",2.0527718662287
"2021-12-09","7 day R","2020-10-28","CH","point","NA",1.68535299706988
"2021-12-09","7 day R","2020-10-28","CH","quantile","0.025",1.38045790391158
"2021-12-09","7 day R","2020-10-28","CH","quantile","0.975",1.99478840974807
"2021-12-09","7 day R","2020-10-29","CH","point","NA",1.62949453434255
"2021-12-09","7 day R","2020-10-29","CH","quantile","0.025",1.32339467175051
"2021-12-09","7 day R","2020-10-29","CH","quantile","0.975",1.93526068187843
"2021-12-09","7 day R","2020-10-30","CH","point","NA",1.57094423605532
"2021-12-09","7 day R","2020-10-30","CH","quantile","0.025",1.26404199649004
"2021-12-09","7 day R","2020-10-30","CH","quantile","0.975",1.87801079627581
"2021-12-09","7 day R","2020-10-31","CH","point","NA",1.51787693177713
"2021-12-09","7 day R","2020-10-31","CH","quantile","0.025",1.21327636999403
"2021-12-09","7 day R","2020-10-31","CH","quantile","0.975",1.82295132550364
"2021-12-09","7 day R","2020-11-01","CH","point","NA",1.46941562238553
"2021-12-09","7 day R","2020-11-01","CH","quantile","0.025",1.16182031025987
"2021-12-09","7 day R","2020-11-01","CH","quantile","0.975",1.77380895952357
"2021-12-09","7 day R","2020-11-02","CH","point","NA",1.4213722812842
"2021-12-09","7 day R","2020-11-02","CH","quantile","0.025",1.11766191996758
"2021-12-09","7 day R","2020-11-02","CH","quantile","0.975",1.72858622490617
"2021-12-09","7 day R","2020-11-03","CH","point","NA",1.37103852264886
"2021-12-09","7 day R","2020-11-03","CH","quantile","0.025",1.06435513694761
"2021-12-09","7 day R","2020-11-03","CH","quantile","0.975",1.67609775310954
"2021-12-09","7 day R","2020-11-04","CH","point","NA",1.32142875449041
"2021-12-09","7 day R","2020-11-04","CH","quantile","0.025",1.01719491163327
"2021-12-09","7 day R","2020-11-04","CH","quantile","0.975",1.62825939854658
"2021-12-09","7 day R","2020-11-05","CH","point","NA",1.27364911979491
"2021-12-09","7 day R","2020-11-05","CH","quantile","0.025",0.96497059648487
"2021-12-09","7 day R","2020-11-05","CH","quantile","0.975",1.58179089421112
"2021-12-09","7 day R","2020-11-06","CH","point","NA",1.22523137737044
"2021-12-09","7 day R","2020-11-06","CH","quantile","0.025",0.912192361821382
"2021-12-09","7 day R","2020-11-06","CH","quantile","0.975",1.53131218095777
"2021-12-09","7 day R","2020-11-07","CH","point","NA",1.17685203141016
"2021-12-09","7 day R","2020-11-07","CH","quantile","0.025",0.868910778176448
"2021-12-09","7 day R","2020-11-07","CH","quantile","0.975",1.47825843662634
"2021-12-09","7 day R","2020-11-08","CH","point","NA",1.12625061523391
"2021-12-09","7 day R","2020-11-08","CH","quantile","0.025",0.812085892941219
"2021-12-09","7 day R","2020-11-08","CH","quantile","0.975",1.43181836602363
"2021-12-09","7 day R","2020-11-09","CH","point","NA",1.07476793992117
"2021-12-09","7 day R","2020-11-09","CH","quantile","0.025",0.760058810887387
"2021-12-09","7 day R","2020-11-09","CH","quantile","0.975",1.38126063490768
"2021-12-09","7 day R","2020-11-10","CH","point","NA",1.04576130292393
"2021-12-09","7 day R","2020-11-10","CH","quantile","0.025",0.730676095002205
"2021-12-09","7 day R","2020-11-10","CH","quantile","0.975",1.35018116621258
"2021-12-09","7 day R","2020-11-11","CH","point","NA",1.01862914759489
"2021-12-09","7 day R","2020-11-11","CH","quantile","0.025",0.708592143031867
"2021-12-09","7 day R","2020-11-11","CH","quantile","0.975",1.32439474207401
"2021-12-09","7 day R","2020-11-12","CH","point","NA",0.993881370777377
"2021-12-09","7 day R","2020-11-12","CH","quantile","0.025",0.680987343497513
"2021-12-09","7 day R","2020-11-12","CH","quantile","0.975",1.29845310611549
"2021-12-09","7 day R","2020-11-13","CH","point","NA",0.971690283736775
"2021-12-09","7 day R","2020-11-13","CH","quantile","0.025",0.659383850824444
"2021-12-09","7 day R","2020-11-13","CH","quantile","0.975",1.27874956229119
"2021-12-09","7 day R","2020-11-14","CH","point","NA",0.950157266921251
"2021-12-09","7 day R","2020-11-14","CH","quantile","0.025",0.637294957255222
"2021-12-09","7 day R","2020-11-14","CH","quantile","0.975",1.25669037851707
"2021-12-09","7 day R","2020-11-15","CH","point","NA",0.923831382254221
"2021-12-09","7 day R","2020-11-15","CH","quantile","0.025",0.616997523599787
"2021-12-09","7 day R","2020-11-15","CH","quantile","0.975",1.22819682362467
"2021-12-09","7 day R","2020-11-16","CH","point","NA",0.895227236341204
"2021-12-09","7 day R","2020-11-16","CH","quantile","0.025",0.58930798621127
"2021-12-09","7 day R","2020-11-16","CH","quantile","0.975",1.20118788741225
"2021-12-09","7 day R","2020-11-17","CH","point","NA",0.885440304789899
"2021-12-09","7 day R","2020-11-17","CH","quantile","0.025",0.57861161824268
"2021-12-09","7 day R","2020-11-17","CH","quantile","0.975",1.19066073872084
"2021-12-09","7 day R","2020-11-18","CH","point","NA",0.881894608347055
"2021-12-09","7 day R","2020-11-18","CH","quantile","0.025",0.575728210037042
"2021-12-09","7 day R","2020-11-18","CH","quantile","0.975",1.18724017574519
"2021-12-09","7 day R","2020-11-19","CH","point","NA",0.879633202340068
"2021-12-09","7 day R","2020-11-19","CH","quantile","0.025",0.57644607528441
"2021-12-09","7 day R","2020-11-19","CH","quantile","0.975",1.18211257345292
"2021-12-09","7 day R","2020-11-20","CH","point","NA",0.879110149551718
"2021-12-09","7 day R","2020-11-20","CH","quantile","0.025",0.573624334291579
"2021-12-09","7 day R","2020-11-20","CH","quantile","0.975",1.1795789679802
"2021-12-09","7 day R","2020-11-21","CH","point","NA",0.877657347350432
"2021-12-09","7 day R","2020-11-21","CH","quantile","0.025",0.570361343876923
"2021-12-09","7 day R","2020-11-21","CH","quantile","0.975",1.18163619936099
"2021-12-09","7 day R","2020-11-22","CH","point","NA",0.871242585122066
"2021-12-09","7 day R","2020-11-22","CH","quantile","0.025",0.567090419090301
"2021-12-09","7 day R","2020-11-22","CH","quantile","0.975",1.17520706366402
"2021-12-09","7 day R","2020-11-23","CH","point","NA",0.864965059062119
"2021-12-09","7 day R","2020-11-23","CH","quantile","0.025",0.557430226506185
"2021-12-09","7 day R","2020-11-23","CH","quantile","0.975",1.16833919381421
"2021-12-09","7 day R","2020-11-24","CH","point","NA",0.872451337038699
"2021-12-09","7 day R","2020-11-24","CH","quantile","0.025",0.565645388788861
"2021-12-09","7 day R","2020-11-24","CH","quantile","0.975",1.17599864645678
"2021-12-09","7 day R","2020-11-25","CH","point","NA",0.881682319915633
"2021-12-09","7 day R","2020-11-25","CH","quantile","0.025",0.57233726478454
"2021-12-09","7 day R","2020-11-25","CH","quantile","0.975",1.18888385553827
"2021-12-09","7 day R","2020-11-26","CH","point","NA",0.894094891713109
"2021-12-09","7 day R","2020-11-26","CH","quantile","0.025",0.586775541405614
"2021-12-09","7 day R","2020-11-26","CH","quantile","0.975",1.20231125381226
"2021-12-09","7 day R","2020-11-27","CH","point","NA",0.906175448135466
"2021-12-09","7 day R","2020-11-27","CH","quantile","0.025",0.602905159879845
"2021-12-09","7 day R","2020-11-27","CH","quantile","0.975",1.21330712995151
"2021-12-09","7 day R","2020-11-28","CH","point","NA",0.917810982336788
"2021-12-09","7 day R","2020-11-28","CH","quantile","0.025",0.60997411815854
"2021-12-09","7 day R","2020-11-28","CH","quantile","0.975",1.22445866076702
"2021-12-09","7 day R","2020-11-29","CH","point","NA",0.92391249419354
"2021-12-09","7 day R","2020-11-29","CH","quantile","0.025",0.619198969185806
"2021-12-09","7 day R","2020-11-29","CH","quantile","0.975",1.22721376776663
"2021-12-09","7 day R","2020-11-30","CH","point","NA",0.92898568863239
"2021-12-09","7 day R","2020-11-30","CH","quantile","0.025",0.622466343481488
"2021-12-09","7 day R","2020-11-30","CH","quantile","0.975",1.23593820497596
"2021-12-09","7 day R","2020-12-01","CH","point","NA",0.943088651481393
"2021-12-09","7 day R","2020-12-01","CH","quantile","0.025",0.634591460883313
"2021-12-09","7 day R","2020-12-01","CH","quantile","0.975",1.25175136382203
"2021-12-09","7 day R","2020-12-02","CH","point","NA",0.96168054347601
"2021-12-09","7 day R","2020-12-02","CH","quantile","0.025",0.653120352651334
"2021-12-09","7 day R","2020-12-02","CH","quantile","0.975",1.26481530580567
"2021-12-09","7 day R","2020-12-03","CH","point","NA",0.981198134005194
"2021-12-09","7 day R","2020-12-03","CH","quantile","0.025",0.674431376126702
"2021-12-09","7 day R","2020-12-03","CH","quantile","0.975",1.28471607108766
"2021-12-09","7 day R","2020-12-04","CH","point","NA",0.997519398669619
"2021-12-09","7 day R","2020-12-04","CH","quantile","0.025",0.690504893505506
"2021-12-09","7 day R","2020-12-04","CH","quantile","0.975",1.30619247196817
"2021-12-09","7 day R","2020-12-05","CH","point","NA",1.01163641795297
"2021-12-09","7 day R","2020-12-05","CH","quantile","0.025",0.699768391788964
"2021-12-09","7 day R","2020-12-05","CH","quantile","0.975",1.31689209036624
"2021-12-09","7 day R","2020-12-06","CH","point","NA",1.02459079889863
"2021-12-09","7 day R","2020-12-06","CH","quantile","0.025",0.715545559338368
"2021-12-09","7 day R","2020-12-06","CH","quantile","0.975",1.3346849417933
"2021-12-09","7 day R","2020-12-07","CH","point","NA",1.03883222035454
"2021-12-09","7 day R","2020-12-07","CH","quantile","0.025",0.731226014761437
"2021-12-09","7 day R","2020-12-07","CH","quantile","0.975",1.3512059664272
"2021-12-09","7 day R","2020-12-08","CH","point","NA",1.04732281857251
"2021-12-09","7 day R","2020-12-08","CH","quantile","0.025",0.742868252839773
"2021-12-09","7 day R","2020-12-08","CH","quantile","0.975",1.35441277942682
"2021-12-09","7 day R","2020-12-09","CH","point","NA",1.05611785440773
"2021-12-09","7 day R","2020-12-09","CH","quantile","0.025",0.749752693468085
"2021-12-09","7 day R","2020-12-09","CH","quantile","0.975",1.36561703173869
"2021-12-09","7 day R","2020-12-10","CH","point","NA",1.06559322912962
"2021-12-09","7 day R","2020-12-10","CH","quantile","0.025",0.756444411152322
"2021-12-09","7 day R","2020-12-10","CH","quantile","0.975",1.37867469076781
"2021-12-09","7 day R","2020-12-11","CH","point","NA",1.07202404847743
"2021-12-09","7 day R","2020-12-11","CH","quantile","0.025",0.766217430430594
"2021-12-09","7 day R","2020-12-11","CH","quantile","0.975",1.38337868199281
"2021-12-09","7 day R","2020-12-12","CH","point","NA",1.06970139806324
"2021-12-09","7 day R","2020-12-12","CH","quantile","0.025",0.762204097187861
"2021-12-09","7 day R","2020-12-12","CH","quantile","0.975",1.37548089025052
"2021-12-09","7 day R","2020-12-13","CH","point","NA",1.06815080369635
"2021-12-09","7 day R","2020-12-13","CH","quantile","0.025",0.762319285478121
"2021-12-09","7 day R","2020-12-13","CH","quantile","0.975",1.37277561647963
"2021-12-09","7 day R","2020-12-14","CH","point","NA",1.06812412073421
"2021-12-09","7 day R","2020-12-14","CH","quantile","0.025",0.760949762281403
"2021-12-09","7 day R","2020-12-14","CH","quantile","0.975",1.3755058777166
"2021-12-09","7 day R","2020-12-15","CH","point","NA",1.06234372518841
"2021-12-09","7 day R","2020-12-15","CH","quantile","0.025",0.753479571951184
"2021-12-09","7 day R","2020-12-15","CH","quantile","0.975",1.36562491328315
"2021-12-09","7 day R","2020-12-16","CH","point","NA",1.05735363021782
"2021-12-09","7 day R","2020-12-16","CH","quantile","0.025",0.748223502005746
"2021-12-09","7 day R","2020-12-16","CH","quantile","0.975",1.3628294301326
"2021-12-09","7 day R","2020-12-17","CH","point","NA",1.0511057052635
"2021-12-09","7 day R","2020-12-17","CH","quantile","0.025",0.744963609859014
"2021-12-09","7 day R","2020-12-17","CH","quantile","0.975",1.35685705818459
"2021-12-09","7 day R","2020-12-18","CH","point","NA",1.0452171901802
"2021-12-09","7 day R","2020-12-18","CH","quantile","0.025",0.739676810893268
"2021-12-09","7 day R","2020-12-18","CH","quantile","0.975",1.35104833309428
"2021-12-09","7 day R","2020-12-19","CH","point","NA",1.03169642313426
"2021-12-09","7 day R","2020-12-19","CH","quantile","0.025",0.725548695725814
"2021-12-09","7 day R","2020-12-19","CH","quantile","0.975",1.33740913284424
"2021-12-09","7 day R","2020-12-20","CH","point","NA",1.01908154878631
"2021-12-09","7 day R","2020-12-20","CH","quantile","0.025",0.715874147602498
"2021-12-09","7 day R","2020-12-20","CH","quantile","0.975",1.32689398165421
"2021-12-09","7 day R","2020-12-21","CH","point","NA",1.00640672253499
"2021-12-09","7 day R","2020-12-21","CH","quantile","0.025",0.703182133489418
"2021-12-09","7 day R","2020-12-21","CH","quantile","0.975",1.31356594032252
"2021-12-09","7 day R","2020-12-22","CH","point","NA",0.998357622491838
"2021-12-09","7 day R","2020-12-22","CH","quantile","0.025",0.69269499128443
"2021-12-09","7 day R","2020-12-22","CH","quantile","0.975",1.30307651409037
"2021-12-09","7 day R","2020-12-23","CH","point","NA",0.988369955560665
"2021-12-09","7 day R","2020-12-23","CH","quantile","0.025",0.681653617187079
"2021-12-09","7 day R","2020-12-23","CH","quantile","0.975",1.29431774154702
"2021-12-09","7 day R","2020-12-24","CH","point","NA",0.980786744015961
"2021-12-09","7 day R","2020-12-24","CH","quantile","0.025",0.678537981126254
"2021-12-09","7 day R","2020-12-24","CH","quantile","0.975",1.28811666875082
"2021-12-09","7 day R","2020-12-25","CH","point","NA",0.974349162856605
"2021-12-09","7 day R","2020-12-25","CH","quantile","0.025",0.667168613525847
"2021-12-09","7 day R","2020-12-25","CH","quantile","0.975",1.27912778730511
"2021-12-09","7 day R","2020-12-26","CH","point","NA",0.987899894606669
"2021-12-09","7 day R","2020-12-26","CH","quantile","0.025",0.678718153022109
"2021-12-09","7 day R","2020-12-26","CH","quantile","0.975",1.29171789703674
"2021-12-09","7 day R","2020-12-27","CH","point","NA",1.00505289965125
"2021-12-09","7 day R","2020-12-27","CH","quantile","0.025",0.696527335470633
"2021-12-09","7 day R","2020-12-27","CH","quantile","0.975",1.31150890389643
"2021-12-09","7 day R","2020-12-28","CH","point","NA",1.01947674177076
"2021-12-09","7 day R","2020-12-28","CH","quantile","0.025",0.711466539831758
"2021-12-09","7 day R","2020-12-28","CH","quantile","0.975",1.32559921069091
"2021-12-09","7 day R","2020-12-29","CH","point","NA",1.0184590351991
"2021-12-09","7 day R","2020-12-29","CH","quantile","0.025",0.70940566575438
"2021-12-09","7 day R","2020-12-29","CH","quantile","0.975",1.32697564964193
"2021-12-09","7 day R","2020-12-30","CH","point","NA",1.01163004298881
"2021-12-09","7 day R","2020-12-30","CH","quantile","0.025",0.703891187451108
"2021-12-09","7 day R","2020-12-30","CH","quantile","0.975",1.31719468113828
"2021-12-09","7 day R","2020-12-31","CH","point","NA",0.998333440557774
"2021-12-09","7 day R","2020-12-31","CH","quantile","0.025",0.690748523093018
"2021-12-09","7 day R","2020-12-31","CH","quantile","0.975",1.30287144860331
"2021-12-09","7 day R","2021-01-01","CH","point","NA",0.987871574038894
"2021-12-09","7 day R","2021-01-01","CH","quantile","0.025",0.675607557273858
"2021-12-09","7 day R","2021-01-01","CH","quantile","0.975",1.30167434453129
"2021-12-09","7 day R","2021-01-02","CH","point","NA",0.996732916539827
"2021-12-09","7 day R","2021-01-02","CH","quantile","0.025",0.687463171359381
"2021-12-09","7 day R","2021-01-02","CH","quantile","0.975",1.30457875670184
"2021-12-09","7 day R","2021-01-03","CH","point","NA",1.01191838753655
"2021-12-09","7 day R","2021-01-03","CH","quantile","0.025",0.70875577696538
"2021-12-09","7 day R","2021-01-03","CH","quantile","0.975",1.32131881680388
"2021-12-09","7 day R","2021-01-04","CH","point","NA",1.02520919670483
"2021-12-09","7 day R","2021-01-04","CH","quantile","0.025",0.718662471594282
"2021-12-09","7 day R","2021-01-04","CH","quantile","0.975",1.3330757943879
"2021-12-09","7 day R","2021-01-05","CH","point","NA",1.01685030711521
"2021-12-09","7 day R","2021-01-05","CH","quantile","0.025",0.712142849219467
"2021-12-09","7 day R","2021-01-05","CH","quantile","0.975",1.32758066955698
"2021-12-09","7 day R","2021-01-06","CH","point","NA",1.0019921846055
"2021-12-09","7 day R","2021-01-06","CH","quantile","0.025",0.691515116600627
"2021-12-09","7 day R","2021-01-06","CH","quantile","0.975",1.3122077550271
"2021-12-09","7 day R","2021-01-07","CH","point","NA",0.982058118628221
"2021-12-09","7 day R","2021-01-07","CH","quantile","0.025",0.673378788696998
"2021-12-09","7 day R","2021-01-07","CH","quantile","0.975",1.29264149715596
"2021-12-09","7 day R","2021-01-08","CH","point","NA",0.962691598035607
"2021-12-09","7 day R","2021-01-08","CH","quantile","0.025",0.655228972475123
"2021-12-09","7 day R","2021-01-08","CH","quantile","0.975",1.26896963102895
"2021-12-09","7 day R","2021-01-09","CH","point","NA",0.935849161872942
"2021-12-09","7 day R","2021-01-09","CH","quantile","0.025",0.626044856061689
"2021-12-09","7 day R","2021-01-09","CH","quantile","0.975",1.2397334252558
"2021-12-09","7 day R","2021-01-10","CH","point","NA",0.909276989405825
"2021-12-09","7 day R","2021-01-10","CH","quantile","0.025",0.601167980298905
"2021-12-09","7 day R","2021-01-10","CH","quantile","0.975",1.21715193690847
"2021-12-09","7 day R","2021-01-11","CH","point","NA",0.883302447251214
"2021-12-09","7 day R","2021-01-11","CH","quantile","0.025",0.576494327801672
"2021-12-09","7 day R","2021-01-11","CH","quantile","0.975",1.1874860267359
"2021-12-09","7 day R","2021-01-12","CH","point","NA",0.870875601429382
"2021-12-09","7 day R","2021-01-12","CH","quantile","0.025",0.565059908099223
"2021-12-09","7 day R","2021-01-12","CH","quantile","0.975",1.17777808404909
"2021-12-09","7 day R","2021-01-13","CH","point","NA",0.86179740890816
"2021-12-09","7 day R","2021-01-13","CH","quantile","0.025",0.552292395392874
"2021-12-09","7 day R","2021-01-13","CH","quantile","0.975",1.16260901498314
"2021-12-09","7 day R","2021-01-14","CH","point","NA",0.857090776547432
"2021-12-09","7 day R","2021-01-14","CH","quantile","0.025",0.554607205089154
"2021-12-09","7 day R","2021-01-14","CH","quantile","0.975",1.15569163612504
"2021-12-09","7 day R","2021-01-15","CH","point","NA",0.855685294884539
"2021-12-09","7 day R","2021-01-15","CH","quantile","0.025",0.553210728038645
"2021-12-09","7 day R","2021-01-15","CH","quantile","0.975",1.15988845933164
"2021-12-09","7 day R","2021-01-16","CH","point","NA",0.85164865684932
"2021-12-09","7 day R","2021-01-16","CH","quantile","0.025",0.55010283373927
"2021-12-09","7 day R","2021-01-16","CH","quantile","0.975",1.15464989102532
"2021-12-09","7 day R","2021-01-17","CH","point","NA",0.845665575532644
"2021-12-09","7 day R","2021-01-17","CH","quantile","0.025",0.540142771791634
"2021-12-09","7 day R","2021-01-17","CH","quantile","0.975",1.15122846815258
"2021-12-09","7 day R","2021-01-18","CH","point","NA",0.838330895693076
"2021-12-09","7 day R","2021-01-18","CH","quantile","0.025",0.532727715224059
"2021-12-09","7 day R","2021-01-18","CH","quantile","0.975",1.14445700521348
"2021-12-09","7 day R","2021-01-19","CH","point","NA",0.843939687630054
"2021-12-09","7 day R","2021-01-19","CH","quantile","0.025",0.537385588063089
"2021-12-09","7 day R","2021-01-19","CH","quantile","0.975",1.14575808417108
"2021-12-09","7 day R","2021-01-20","CH","point","NA",0.850878693105276
"2021-12-09","7 day R","2021-01-20","CH","quantile","0.025",0.545753263140068
"2021-12-09","7 day R","2021-01-20","CH","quantile","0.975",1.1534472544217
"2021-12-09","7 day R","2021-01-21","CH","point","NA",0.856593173909764
"2021-12-09","7 day R","2021-01-21","CH","quantile","0.025",0.546833963039118
"2021-12-09","7 day R","2021-01-21","CH","quantile","0.975",1.15769492975913
"2021-12-09","7 day R","2021-01-22","CH","point","NA",0.861559937961726
"2021-12-09","7 day R","2021-01-22","CH","quantile","0.025",0.553441301524941
"2021-12-09","7 day R","2021-01-22","CH","quantile","0.975",1.16618493917555
"2021-12-09","7 day R","2021-01-23","CH","point","NA",0.862629596152407
"2021-12-09","7 day R","2021-01-23","CH","quantile","0.025",0.554067011558491
"2021-12-09","7 day R","2021-01-23","CH","quantile","0.975",1.17108278260132
"2021-12-09","7 day R","2021-01-24","CH","point","NA",0.860685946415118
"2021-12-09","7 day R","2021-01-24","CH","quantile","0.025",0.553167501317494
"2021-12-09","7 day R","2021-01-24","CH","quantile","0.975",1.17051218513315
"2021-12-09","7 day R","2021-01-25","CH","point","NA",0.860085099683036
"2021-12-09","7 day R","2021-01-25","CH","quantile","0.025",0.552654011178993
"2021-12-09","7 day R","2021-01-25","CH","quantile","0.975",1.16953081596673
"2021-12-09","7 day R","2021-01-26","CH","point","NA",0.862307990285291
"2021-12-09","7 day R","2021-01-26","CH","quantile","0.025",0.558610457484985
"2021-12-09","7 day R","2021-01-26","CH","quantile","0.975",1.16805784085822
"2021-12-09","7 day R","2021-01-27","CH","point","NA",0.86679914451794
"2021-12-09","7 day R","2021-01-27","CH","quantile","0.025",0.559394871039091
"2021-12-09","7 day R","2021-01-27","CH","quantile","0.975",1.17424708963767
"2021-12-09","7 day R","2021-01-28","CH","point","NA",0.869720373682086
"2021-12-09","7 day R","2021-01-28","CH","quantile","0.025",0.559302317496623
"2021-12-09","7 day R","2021-01-28","CH","quantile","0.975",1.17878125295112
"2021-12-09","7 day R","2021-01-29","CH","point","NA",0.875091140303913
"2021-12-09","7 day R","2021-01-29","CH","quantile","0.025",0.572478549692197
"2021-12-09","7 day R","2021-01-29","CH","quantile","0.975",1.18248017490381
"2021-12-09","7 day R","2021-01-30","CH","point","NA",0.877143664829364
"2021-12-09","7 day R","2021-01-30","CH","quantile","0.025",0.572971735936868
"2021-12-09","7 day R","2021-01-30","CH","quantile","0.975",1.17958469337157
"2021-12-09","7 day R","2021-01-31","CH","point","NA",0.876783674955023
"2021-12-09","7 day R","2021-01-31","CH","quantile","0.025",0.569298416992349
"2021-12-09","7 day R","2021-01-31","CH","quantile","0.975",1.1801761761781
"2021-12-09","7 day R","2021-02-01","CH","point","NA",0.87779763204084
"2021-12-09","7 day R","2021-02-01","CH","quantile","0.025",0.571924401176388
"2021-12-09","7 day R","2021-02-01","CH","quantile","0.975",1.18441288662628
"2021-12-09","7 day R","2021-02-02","CH","point","NA",0.878491259636154
"2021-12-09","7 day R","2021-02-02","CH","quantile","0.025",0.578040970421856
"2021-12-09","7 day R","2021-02-02","CH","quantile","0.975",1.19239899883921
"2021-12-09","7 day R","2021-02-03","CH","point","NA",0.880411717348829
"2021-12-09","7 day R","2021-02-03","CH","quantile","0.025",0.579137561079492
"2021-12-09","7 day R","2021-02-03","CH","quantile","0.975",1.19211454092162
"2021-12-09","7 day R","2021-02-04","CH","point","NA",0.884842658694147
"2021-12-09","7 day R","2021-02-04","CH","quantile","0.025",0.582677627351509
"2021-12-09","7 day R","2021-02-04","CH","quantile","0.975",1.19417752812456
"2021-12-09","7 day R","2021-02-05","CH","point","NA",0.886119351716684
"2021-12-09","7 day R","2021-02-05","CH","quantile","0.025",0.579757200248245
"2021-12-09","7 day R","2021-02-05","CH","quantile","0.975",1.19582011757067
"2021-12-09","7 day R","2021-02-06","CH","point","NA",0.885850406543199
"2021-12-09","7 day R","2021-02-06","CH","quantile","0.025",0.580218035765592
"2021-12-09","7 day R","2021-02-06","CH","quantile","0.975",1.19637346887005
"2021-12-09","7 day R","2021-02-07","CH","point","NA",0.883344784794622
"2021-12-09","7 day R","2021-02-07","CH","quantile","0.025",0.577113892787676
"2021-12-09","7 day R","2021-02-07","CH","quantile","0.975",1.19508361196171
"2021-12-09","7 day R","2021-02-08","CH","point","NA",0.879627671542609
"2021-12-09","7 day R","2021-02-08","CH","quantile","0.025",0.570886532769025
"2021-12-09","7 day R","2021-02-08","CH","quantile","0.975",1.18985536807102
"2021-12-09","7 day R","2021-02-09","CH","point","NA",0.876174192637236
"2021-12-09","7 day R","2021-02-09","CH","quantile","0.025",0.567863259569546
"2021-12-09","7 day R","2021-02-09","CH","quantile","0.975",1.18369244815931
"2021-12-09","7 day R","2021-02-10","CH","point","NA",0.875269586438814
"2021-12-09","7 day R","2021-02-10","CH","quantile","0.025",0.569229105600012
"2021-12-09","7 day R","2021-02-10","CH","quantile","0.975",1.18285143801568
"2021-12-09","7 day R","2021-02-11","CH","point","NA",0.875263918952179
"2021-12-09","7 day R","2021-02-11","CH","quantile","0.025",0.569769720294045
"2021-12-09","7 day R","2021-02-11","CH","quantile","0.975",1.17996686731257
"2021-12-09","7 day R","2021-02-12","CH","point","NA",0.875260263289389
"2021-12-09","7 day R","2021-02-12","CH","quantile","0.025",0.570588330351955
"2021-12-09","7 day R","2021-02-12","CH","quantile","0.975",1.18504933491727
"2021-12-09","7 day R","2021-02-13","CH","point","NA",0.876361350665694
"2021-12-09","7 day R","2021-02-13","CH","quantile","0.025",0.568313876453466
"2021-12-09","7 day R","2021-02-13","CH","quantile","0.975",1.18559451680874
"2021-12-09","7 day R","2021-02-14","CH","point","NA",0.874215075595139
"2021-12-09","7 day R","2021-02-14","CH","quantile","0.025",0.566323403725216
"2021-12-09","7 day R","2021-02-14","CH","quantile","0.975",1.17995686847293
"2021-12-09","7 day R","2021-02-15","CH","point","NA",0.871832233131696
"2021-12-09","7 day R","2021-02-15","CH","quantile","0.025",0.559817910030678
"2021-12-09","7 day R","2021-02-15","CH","quantile","0.975",1.18180412923525
"2021-12-09","7 day R","2021-02-16","CH","point","NA",0.87909992264965
"2021-12-09","7 day R","2021-02-16","CH","quantile","0.025",0.56746499629403
"2021-12-09","7 day R","2021-02-16","CH","quantile","0.975",1.18796281316702
"2021-12-09","7 day R","2021-02-17","CH","point","NA",0.890973440892254
"2021-12-09","7 day R","2021-02-17","CH","quantile","0.025",0.582089952326113
"2021-12-09","7 day R","2021-02-17","CH","quantile","0.975",1.20046234585535
"2021-12-09","7 day R","2021-02-18","CH","point","NA",0.904449655770228
"2021-12-09","7 day R","2021-02-18","CH","quantile","0.025",0.596013641280321
"2021-12-09","7 day R","2021-02-18","CH","quantile","0.975",1.21256392886607
"2021-12-09","7 day R","2021-02-19","CH","point","NA",0.918511704961854
"2021-12-09","7 day R","2021-02-19","CH","quantile","0.025",0.609475200059848
"2021-12-09","7 day R","2021-02-19","CH","quantile","0.975",1.22891046420038
"2021-12-09","7 day R","2021-02-20","CH","point","NA",0.93296669103945
"2021-12-09","7 day R","2021-02-20","CH","quantile","0.025",0.627480054230268
"2021-12-09","7 day R","2021-02-20","CH","quantile","0.975",1.23792448893724
"2021-12-09","7 day R","2021-02-21","CH","point","NA",0.947224449872222
"2021-12-09","7 day R","2021-02-21","CH","quantile","0.025",0.635312376727245
"2021-12-09","7 day R","2021-02-21","CH","quantile","0.975",1.25197066218204
"2021-12-09","7 day R","2021-02-22","CH","point","NA",0.958997734447316
"2021-12-09","7 day R","2021-02-22","CH","quantile","0.025",0.651074956282519
"2021-12-09","7 day R","2021-02-22","CH","quantile","0.975",1.26295357707134
"2021-12-09","7 day R","2021-02-23","CH","point","NA",0.971236576203457
"2021-12-09","7 day R","2021-02-23","CH","quantile","0.025",0.662128223533629
"2021-12-09","7 day R","2021-02-23","CH","quantile","0.975",1.27836642531407
"2021-12-09","7 day R","2021-02-24","CH","point","NA",0.983141869602386
"2021-12-09","7 day R","2021-02-24","CH","quantile","0.025",0.676282640571601
"2021-12-09","7 day R","2021-02-24","CH","quantile","0.975",1.28954810623069
"2021-12-09","7 day R","2021-02-25","CH","point","NA",0.993907920641934
"2021-12-09","7 day R","2021-02-25","CH","quantile","0.025",0.687985939704156
"2021-12-09","7 day R","2021-02-25","CH","quantile","0.975",1.29539930678871
"2021-12-09","7 day R","2021-02-26","CH","point","NA",1.00651710138464
"2021-12-09","7 day R","2021-02-26","CH","quantile","0.025",0.701021933914354
"2021-12-09","7 day R","2021-02-26","CH","quantile","0.975",1.3084336563016
"2021-12-09","7 day R","2021-02-27","CH","point","NA",1.0185424513658
"2021-12-09","7 day R","2021-02-27","CH","quantile","0.025",0.70914026435663
"2021-12-09","7 day R","2021-02-27","CH","quantile","0.975",1.32402398365653
"2021-12-09","7 day R","2021-02-28","CH","point","NA",1.03018077945518
"2021-12-09","7 day R","2021-02-28","CH","quantile","0.025",0.724112647984044
"2021-12-09","7 day R","2021-02-28","CH","quantile","0.975",1.33632509828509
"2021-12-09","7 day R","2021-03-01","CH","point","NA",1.04243177600751
"2021-12-09","7 day R","2021-03-01","CH","quantile","0.025",0.73747018494526
"2021-12-09","7 day R","2021-03-01","CH","quantile","0.975",1.35249304951713
"2021-12-09","7 day R","2021-03-02","CH","point","NA",1.05009991990118
"2021-12-09","7 day R","2021-03-02","CH","quantile","0.025",0.743390088336433
"2021-12-09","7 day R","2021-03-02","CH","quantile","0.975",1.35611839657065
"2021-12-09","7 day R","2021-03-03","CH","point","NA",1.06034611555671
"2021-12-09","7 day R","2021-03-03","CH","quantile","0.025",0.753414982460686
"2021-12-09","7 day R","2021-03-03","CH","quantile","0.975",1.36616273064464
"2021-12-09","7 day R","2021-03-04","CH","point","NA",1.07407895588743
"2021-12-09","7 day R","2021-03-04","CH","quantile","0.025",0.768008203115372
"2021-12-09","7 day R","2021-03-04","CH","quantile","0.975",1.37969247369642
"2021-12-09","7 day R","2021-03-05","CH","point","NA",1.08783090487453
"2021-12-09","7 day R","2021-03-05","CH","quantile","0.025",0.780024666764261
"2021-12-09","7 day R","2021-03-05","CH","quantile","0.975",1.39649419045851
"2021-12-09","7 day R","2021-03-06","CH","point","NA",1.10224712470599
"2021-12-09","7 day R","2021-03-06","CH","quantile","0.025",0.793988555751979
"2021-12-09","7 day R","2021-03-06","CH","quantile","0.975",1.41135754597276
"2021-12-09","7 day R","2021-03-07","CH","point","NA",1.11619349555782
"2021-12-09","7 day R","2021-03-07","CH","quantile","0.025",0.811632951683217
"2021-12-09","7 day R","2021-03-07","CH","quantile","0.975",1.42608964184833
"2021-12-09","7 day R","2021-03-08","CH","point","NA",1.12997109707414
"2021-12-09","7 day R","2021-03-08","CH","quantile","0.025",0.827436573243765
"2021-12-09","7 day R","2021-03-08","CH","quantile","0.975",1.43588523264855
"2021-12-09","7 day R","2021-03-09","CH","point","NA",1.13902325835289
"2021-12-09","7 day R","2021-03-09","CH","quantile","0.025",0.829541457014662
"2021-12-09","7 day R","2021-03-09","CH","quantile","0.975",1.44826496026999
"2021-12-09","7 day R","2021-03-10","CH","point","NA",1.14509023252602
"2021-12-09","7 day R","2021-03-10","CH","quantile","0.025",0.83792522742939
"2021-12-09","7 day R","2021-03-10","CH","quantile","0.975",1.45194261117527
"2021-12-09","7 day R","2021-03-11","CH","point","NA",1.1519846107765
"2021-12-09","7 day R","2021-03-11","CH","quantile","0.025",0.846089424976667
"2021-12-09","7 day R","2021-03-11","CH","quantile","0.975",1.46191831143234
"2021-12-09","7 day R","2021-03-12","CH","point","NA",1.15976364047636
"2021-12-09","7 day R","2021-03-12","CH","quantile","0.025",0.856512064484568
"2021-12-09","7 day R","2021-03-12","CH","quantile","0.975",1.46988496278936
"2021-12-09","7 day R","2021-03-13","CH","point","NA",1.17014048947919
"2021-12-09","7 day R","2021-03-13","CH","quantile","0.025",0.864207897194461
"2021-12-09","7 day R","2021-03-13","CH","quantile","0.975",1.47554218068714
"2021-12-09","7 day R","2021-03-14","CH","point","NA",1.18211358995176
"2021-12-09","7 day R","2021-03-14","CH","quantile","0.025",0.875607097398272
"2021-12-09","7 day R","2021-03-14","CH","quantile","0.975",1.48888240114504
"2021-12-09","7 day R","2021-03-15","CH","point","NA",1.19387891888474
"2021-12-09","7 day R","2021-03-15","CH","quantile","0.025",0.889002069843781
"2021-12-09","7 day R","2021-03-15","CH","quantile","0.975",1.50212770321037
"2021-12-09","7 day R","2021-03-16","CH","point","NA",1.19758884232764
"2021-12-09","7 day R","2021-03-16","CH","quantile","0.025",0.888137841271264
"2021-12-09","7 day R","2021-03-16","CH","quantile","0.975",1.50103770452453
"2021-12-09","7 day R","2021-03-17","CH","point","NA",1.20511263057004
"2021-12-09","7 day R","2021-03-17","CH","quantile","0.025",0.902508379738063
"2021-12-09","7 day R","2021-03-17","CH","quantile","0.975",1.51398856361025
"2021-12-09","7 day R","2021-03-18","CH","point","NA",1.207702919149
"2021-12-09","7 day R","2021-03-18","CH","quantile","0.025",0.902558060448574
"2021-12-09","7 day R","2021-03-18","CH","quantile","0.975",1.51417608457318
"2021-12-09","7 day R","2021-03-19","CH","point","NA",1.20929242751002
"2021-12-09","7 day R","2021-03-19","CH","quantile","0.025",0.904556601283754
"2021-12-09","7 day R","2021-03-19","CH","quantile","0.975",1.51094178476145
"2021-12-09","7 day R","2021-03-20","CH","point","NA",1.20932322206432
"2021-12-09","7 day R","2021-03-20","CH","quantile","0.025",0.902869836068536
"2021-12-09","7 day R","2021-03-20","CH","quantile","0.975",1.51378983027636
"2021-12-09","7 day R","2021-03-21","CH","point","NA",1.213950250666
"2021-12-09","7 day R","2021-03-21","CH","quantile","0.025",0.910134125797373
"2021-12-09","7 day R","2021-03-21","CH","quantile","0.975",1.51700123414535
"2021-12-09","7 day R","2021-03-22","CH","point","NA",1.2170920169706
"2021-12-09","7 day R","2021-03-22","CH","quantile","0.025",0.910201035153822
"2021-12-09","7 day R","2021-03-22","CH","quantile","0.975",1.51837365835614
"2021-12-09","7 day R","2021-03-23","CH","point","NA",1.21194564154048
"2021-12-09","7 day R","2021-03-23","CH","quantile","0.025",0.905933811373635
"2021-12-09","7 day R","2021-03-23","CH","quantile","0.975",1.51450586197088
"2021-12-09","7 day R","2021-03-24","CH","point","NA",1.21216619738229
"2021-12-09","7 day R","2021-03-24","CH","quantile","0.025",0.903511888828412
"2021-12-09","7 day R","2021-03-24","CH","quantile","0.975",1.52258336817109
"2021-12-09","7 day R","2021-03-25","CH","point","NA",1.21215025303191
"2021-12-09","7 day R","2021-03-25","CH","quantile","0.025",0.906238166878766
"2021-12-09","7 day R","2021-03-25","CH","quantile","0.975",1.5205806107559
"2021-12-09","7 day R","2021-03-26","CH","point","NA",1.20863648509401
"2021-12-09","7 day R","2021-03-26","CH","quantile","0.025",0.900658800229313
"2021-12-09","7 day R","2021-03-26","CH","quantile","0.975",1.52134390635384
"2021-12-09","7 day R","2021-03-27","CH","point","NA",1.20539504167577
"2021-12-09","7 day R","2021-03-27","CH","quantile","0.025",0.898768952517355
"2021-12-09","7 day R","2021-03-27","CH","quantile","0.975",1.51519448528576
"2021-12-09","7 day R","2021-03-28","CH","point","NA",1.20517722630653
"2021-12-09","7 day R","2021-03-28","CH","quantile","0.025",0.898599347107089
"2021-12-09","7 day R","2021-03-28","CH","quantile","0.975",1.51449417144381
"2021-12-09","7 day R","2021-03-29","CH","point","NA",1.20610711744466
"2021-12-09","7 day R","2021-03-29","CH","quantile","0.025",0.895121963238934
"2021-12-09","7 day R","2021-03-29","CH","quantile","0.975",1.5156872983056
"2021-12-09","7 day R","2021-03-30","CH","point","NA",1.17606743145854
"2021-12-09","7 day R","2021-03-30","CH","quantile","0.025",0.861826140834503
"2021-12-09","7 day R","2021-03-30","CH","quantile","0.975",1.48575681994538
"2021-12-09","7 day R","2021-03-31","CH","point","NA",1.16611659277446
"2021-12-09","7 day R","2021-03-31","CH","quantile","0.025",0.857451552649408
"2021-12-09","7 day R","2021-03-31","CH","quantile","0.975",1.47451546052628
"2021-12-09","7 day R","2021-04-01","CH","point","NA",1.15283070053865
"2021-12-09","7 day R","2021-04-01","CH","quantile","0.025",0.844992476600298
"2021-12-09","7 day R","2021-04-01","CH","quantile","0.975",1.45838754555301
"2021-12-09","7 day R","2021-04-02","CH","point","NA",1.14267955018725
"2021-12-09","7 day R","2021-04-02","CH","quantile","0.025",0.835409486044449
"2021-12-09","7 day R","2021-04-02","CH","quantile","0.975",1.44646650302418
"2021-12-09","7 day R","2021-04-03","CH","point","NA",1.132278101452
"2021-12-09","7 day R","2021-04-03","CH","quantile","0.025",0.823284645520435
"2021-12-09","7 day R","2021-04-03","CH","quantile","0.975",1.44116538962379
"2021-12-09","7 day R","2021-04-04","CH","point","NA",1.12105912373106
"2021-12-09","7 day R","2021-04-04","CH","quantile","0.025",0.813124515820771
"2021-12-09","7 day R","2021-04-04","CH","quantile","0.975",1.43419263631239
"2021-12-09","7 day R","2021-04-05","CH","point","NA",1.11799335314629
"2021-12-09","7 day R","2021-04-05","CH","quantile","0.025",0.808297622369619
"2021-12-09","7 day R","2021-04-05","CH","quantile","0.975",1.42398208906313
"2021-12-09","7 day R","2021-04-06","CH","point","NA",1.20032098830322
"2021-12-09","7 day R","2021-04-06","CH","quantile","0.025",0.894633830986744
"2021-12-09","7 day R","2021-04-06","CH","quantile","0.975",1.51155664420484
"2021-12-09","7 day R","2021-04-07","CH","point","NA",1.21134740978495
"2021-12-09","7 day R","2021-04-07","CH","quantile","0.025",0.907072204731346
"2021-12-09","7 day R","2021-04-07","CH","quantile","0.975",1.51978520468042
"2021-12-09","7 day R","2021-04-08","CH","point","NA",1.21497719798587
"2021-12-09","7 day R","2021-04-08","CH","quantile","0.025",0.907606704012582
"2021-12-09","7 day R","2021-04-08","CH","quantile","0.975",1.52728710832207
"2021-12-09","7 day R","2021-04-09","CH","point","NA",1.21131486800394
"2021-12-09","7 day R","2021-04-09","CH","quantile","0.025",0.902466565427232
"2021-12-09","7 day R","2021-04-09","CH","quantile","0.975",1.5218580945722
"2021-12-09","7 day R","2021-04-10","CH","point","NA",1.2045907975485
"2021-12-09","7 day R","2021-04-10","CH","quantile","0.025",0.89956672326968
"2021-12-09","7 day R","2021-04-10","CH","quantile","0.975",1.51197033848833
"2021-12-09","7 day R","2021-04-11","CH","point","NA",1.20169317828893
"2021-12-09","7 day R","2021-04-11","CH","quantile","0.025",0.896175308842848
"2021-12-09","7 day R","2021-04-11","CH","quantile","0.975",1.50559911554355
"2021-12-09","7 day R","2021-04-12","CH","point","NA",1.20086421144665
"2021-12-09","7 day R","2021-04-12","CH","quantile","0.025",0.899774005391842
"2021-12-09","7 day R","2021-04-12","CH","quantile","0.975",1.50100801780241
"2021-12-09","7 day R","2021-04-13","CH","point","NA",1.1642199827523
"2021-12-09","7 day R","2021-04-13","CH","quantile","0.025",0.85947229113544
"2021-12-09","7 day R","2021-04-13","CH","quantile","0.975",1.4653721519647
"2021-12-09","7 day R","2021-04-14","CH","point","NA",1.14737985685943
"2021-12-09","7 day R","2021-04-14","CH","quantile","0.025",0.839640049509714
"2021-12-09","7 day R","2021-04-14","CH","quantile","0.975",1.44937683247713
"2021-12-09","7 day R","2021-04-15","CH","point","NA",1.13020610869011
"2021-12-09","7 day R","2021-04-15","CH","quantile","0.025",0.822398673329809
"2021-12-09","7 day R","2021-04-15","CH","quantile","0.975",1.4347021712219
"2021-12-09","7 day R","2021-04-16","CH","point","NA",1.11739002905859
"2021-12-09","7 day R","2021-04-16","CH","quantile","0.025",0.812578913668277
"2021-12-09","7 day R","2021-04-16","CH","quantile","0.975",1.42438633030382
"2021-12-09","7 day R","2021-04-17","CH","point","NA",1.10682118261974
"2021-12-09","7 day R","2021-04-17","CH","quantile","0.025",0.801449578957213
"2021-12-09","7 day R","2021-04-17","CH","quantile","0.975",1.41328386209565
"2021-12-09","7 day R","2021-04-18","CH","point","NA",1.09851321409446
"2021-12-09","7 day R","2021-04-18","CH","quantile","0.025",0.798122647599157
"2021-12-09","7 day R","2021-04-18","CH","quantile","0.975",1.4006302089493
"2021-12-09","7 day R","2021-04-19","CH","point","NA",1.08797380172089
"2021-12-09","7 day R","2021-04-19","CH","quantile","0.025",0.785777968091811
"2021-12-09","7 day R","2021-04-19","CH","quantile","0.975",1.39174299758073
"2021-12-09","7 day R","2021-04-20","CH","point","NA",1.07514621898013
"2021-12-09","7 day R","2021-04-20","CH","quantile","0.025",0.772810629768282
"2021-12-09","7 day R","2021-04-20","CH","quantile","0.975",1.37482435886388
"2021-12-09","7 day R","2021-04-21","CH","point","NA",1.06996318442702
"2021-12-09","7 day R","2021-04-21","CH","quantile","0.025",0.762456101975808
"2021-12-09","7 day R","2021-04-21","CH","quantile","0.975",1.37286024956362
"2021-12-09","7 day R","2021-04-22","CH","point","NA",1.06188746405082
"2021-12-09","7 day R","2021-04-22","CH","quantile","0.025",0.754860309034239
"2021-12-09","7 day R","2021-04-22","CH","quantile","0.975",1.36540548848956
"2021-12-09","7 day R","2021-04-23","CH","point","NA",1.05364145583479
"2021-12-09","7 day R","2021-04-23","CH","quantile","0.025",0.744936614705785
"2021-12-09","7 day R","2021-04-23","CH","quantile","0.975",1.35699115256683
"2021-12-09","7 day R","2021-04-24","CH","point","NA",1.04686710819883
"2021-12-09","7 day R","2021-04-24","CH","quantile","0.025",0.742845654885411
"2021-12-09","7 day R","2021-04-24","CH","quantile","0.975",1.35444915915289
"2021-12-09","7 day R","2021-04-25","CH","point","NA",1.04136773445202
"2021-12-09","7 day R","2021-04-25","CH","quantile","0.025",0.732913567341491
"2021-12-09","7 day R","2021-04-25","CH","quantile","0.975",1.35004438131086
"2021-12-09","7 day R","2021-04-26","CH","point","NA",1.03413758645369
"2021-12-09","7 day R","2021-04-26","CH","quantile","0.025",0.729456114241585
"2021-12-09","7 day R","2021-04-26","CH","quantile","0.975",1.3447252432946
"2021-12-09","7 day R","2021-04-27","CH","point","NA",1.01188808488173
"2021-12-09","7 day R","2021-04-27","CH","quantile","0.025",0.703136687159178
"2021-12-09","7 day R","2021-04-27","CH","quantile","0.975",1.31827218847991
"2021-12-09","7 day R","2021-04-28","CH","point","NA",0.993652004530168
"2021-12-09","7 day R","2021-04-28","CH","quantile","0.025",0.681269579402837
"2021-12-09","7 day R","2021-04-28","CH","quantile","0.975",1.30295923360613
"2021-12-09","7 day R","2021-04-29","CH","point","NA",0.979654933034745
"2021-12-09","7 day R","2021-04-29","CH","quantile","0.025",0.669248508392671
"2021-12-09","7 day R","2021-04-29","CH","quantile","0.975",1.29099439267053
"2021-12-09","7 day R","2021-04-30","CH","point","NA",0.96443579567507
"2021-12-09","7 day R","2021-04-30","CH","quantile","0.025",0.652164933961121
"2021-12-09","7 day R","2021-04-30","CH","quantile","0.975",1.27235689618231
"2021-12-09","7 day R","2021-05-01","CH","point","NA",0.953400525666238
"2021-12-09","7 day R","2021-05-01","CH","quantile","0.025",0.640842202666826
"2021-12-09","7 day R","2021-05-01","CH","quantile","0.975",1.26059887896752
"2021-12-09","7 day R","2021-05-02","CH","point","NA",0.941440269802256
"2021-12-09","7 day R","2021-05-02","CH","quantile","0.025",0.628872993625009
"2021-12-09","7 day R","2021-05-02","CH","quantile","0.975",1.25131493916547
"2021-12-09","7 day R","2021-05-03","CH","point","NA",0.92696725360673
"2021-12-09","7 day R","2021-05-03","CH","quantile","0.025",0.617465773705512
"2021-12-09","7 day R","2021-05-03","CH","quantile","0.975",1.23454343742968
"2021-12-09","7 day R","2021-05-04","CH","point","NA",0.915987382595705
"2021-12-09","7 day R","2021-05-04","CH","quantile","0.025",0.605986924336379
"2021-12-09","7 day R","2021-05-04","CH","quantile","0.975",1.22161195305892
"2021-12-09","7 day R","2021-05-05","CH","point","NA",0.911451874450269
"2021-12-09","7 day R","2021-05-05","CH","quantile","0.025",0.601395882116741
"2021-12-09","7 day R","2021-05-05","CH","quantile","0.975",1.21319182571999
"2021-12-09","7 day R","2021-05-06","CH","point","NA",0.911000705944414
"2021-12-09","7 day R","2021-05-06","CH","quantile","0.025",0.604480158198064
"2021-12-09","7 day R","2021-05-06","CH","quantile","0.975",1.21683346451386
"2021-12-09","7 day R","2021-05-07","CH","point","NA",0.904308654872378
"2021-12-09","7 day R","2021-05-07","CH","quantile","0.025",0.601453757427587
"2021-12-09","7 day R","2021-05-07","CH","quantile","0.975",1.20744639632828
"2021-12-09","7 day R","2021-05-08","CH","point","NA",0.90252771866707
"2021-12-09","7 day R","2021-05-08","CH","quantile","0.025",0.598866633468384
"2021-12-09","7 day R","2021-05-08","CH","quantile","0.975",1.20938199502275
"2021-12-09","7 day R","2021-05-09","CH","point","NA",0.901430904285835
"2021-12-09","7 day R","2021-05-09","CH","quantile","0.025",0.597723639864233
"2021-12-09","7 day R","2021-05-09","CH","quantile","0.975",1.20716497561821
"2021-12-09","7 day R","2021-05-10","CH","point","NA",0.8969494152522
"2021-12-09","7 day R","2021-05-10","CH","quantile","0.025",0.591063790896198
"2021-12-09","7 day R","2021-05-10","CH","quantile","0.975",1.20561678343195
"2021-12-09","7 day R","2021-05-11","CH","point","NA",0.879970993743297
"2021-12-09","7 day R","2021-05-11","CH","quantile","0.025",0.577032525940617
"2021-12-09","7 day R","2021-05-11","CH","quantile","0.975",1.18428069632708
"2021-12-09","7 day R","2021-05-12","CH","point","NA",0.872244526288704
"2021-12-09","7 day R","2021-05-12","CH","quantile","0.025",0.569876555422692
"2021-12-09","7 day R","2021-05-12","CH","quantile","0.975",1.17452649368953
"2021-12-09","7 day R","2021-05-13","CH","point","NA",0.870473247167708
"2021-12-09","7 day R","2021-05-13","CH","quantile","0.025",0.562378223470154
"2021-12-09","7 day R","2021-05-13","CH","quantile","0.975",1.1781585361975
"2021-12-09","7 day R","2021-05-14","CH","point","NA",0.890071658017721
"2021-12-09","7 day R","2021-05-14","CH","quantile","0.025",0.58118019363421
"2021-12-09","7 day R","2021-05-14","CH","quantile","0.975",1.19887388843885
"2021-12-09","7 day R","2021-05-15","CH","point","NA",0.883650347438042
"2021-12-09","7 day R","2021-05-15","CH","quantile","0.025",0.575284512416465
"2021-12-09","7 day R","2021-05-15","CH","quantile","0.975",1.19435057219602
"2021-12-09","7 day R","2021-05-16","CH","point","NA",0.881570236989863
"2021-12-09","7 day R","2021-05-16","CH","quantile","0.025",0.571765870617571
"2021-12-09","7 day R","2021-05-16","CH","quantile","0.975",1.19382747334781
"2021-12-09","7 day R","2021-05-17","CH","point","NA",0.880844822421307
"2021-12-09","7 day R","2021-05-17","CH","quantile","0.025",0.5749516781447
"2021-12-09","7 day R","2021-05-17","CH","quantile","0.975",1.18916845435218
"2021-12-09","7 day R","2021-05-18","CH","point","NA",0.865861750874584
"2021-12-09","7 day R","2021-05-18","CH","quantile","0.025",0.560223057921132
"2021-12-09","7 day R","2021-05-18","CH","quantile","0.975",1.17589204371107
"2021-12-09","7 day R","2021-05-19","CH","point","NA",0.865674746649036
"2021-12-09","7 day R","2021-05-19","CH","quantile","0.025",0.560432166200042
"2021-12-09","7 day R","2021-05-19","CH","quantile","0.975",1.17938624055334
"2021-12-09","7 day R","2021-05-20","CH","point","NA",0.858599368720335
"2021-12-09","7 day R","2021-05-20","CH","quantile","0.025",0.550919560111006
"2021-12-09","7 day R","2021-05-20","CH","quantile","0.975",1.16908769172262
"2021-12-09","7 day R","2021-05-21","CH","point","NA",0.847199599622186
"2021-12-09","7 day R","2021-05-21","CH","quantile","0.025",0.540210461951214
"2021-12-09","7 day R","2021-05-21","CH","quantile","0.975",1.15568303918709
"2021-12-09","7 day R","2021-05-22","CH","point","NA",0.859424635288507
"2021-12-09","7 day R","2021-05-22","CH","quantile","0.025",0.55182445926694
"2021-12-09","7 day R","2021-05-22","CH","quantile","0.975",1.16968082247364
"2021-12-09","7 day R","2021-05-23","CH","point","NA",0.846344996796703
"2021-12-09","7 day R","2021-05-23","CH","quantile","0.025",0.53945281319146
"2021-12-09","7 day R","2021-05-23","CH","quantile","0.975",1.15251079311277
"2021-12-09","7 day R","2021-05-24","CH","point","NA",0.837094497494106
"2021-12-09","7 day R","2021-05-24","CH","quantile","0.025",0.527125792992819
"2021-12-09","7 day R","2021-05-24","CH","quantile","0.975",1.14086462568922
"2021-12-09","7 day R","2021-05-25","CH","point","NA",0.884329795264787
"2021-12-09","7 day R","2021-05-25","CH","quantile","0.025",0.574427774291707
"2021-12-09","7 day R","2021-05-25","CH","quantile","0.975",1.19115771198013
"2021-12-09","7 day R","2021-05-26","CH","point","NA",0.875079275746053
"2021-12-09","7 day R","2021-05-26","CH","quantile","0.025",0.569699140673965
"2021-12-09","7 day R","2021-05-26","CH","quantile","0.975",1.17888377697344
"2021-12-09","7 day R","2021-05-27","CH","point","NA",0.859873605896059
"2021-12-09","7 day R","2021-05-27","CH","quantile","0.025",0.553987249687514
"2021-12-09","7 day R","2021-05-27","CH","quantile","0.975",1.16126835804507
"2021-12-09","7 day R","2021-05-28","CH","point","NA",0.842221526907897
"2021-12-09","7 day R","2021-05-28","CH","quantile","0.025",0.538951137952585
"2021-12-09","7 day R","2021-05-28","CH","quantile","0.975",1.14569207702177
"2021-12-09","7 day R","2021-05-29","CH","point","NA",0.819584592205056
"2021-12-09","7 day R","2021-05-29","CH","quantile","0.025",0.518222620009828
"2021-12-09","7 day R","2021-05-29","CH","quantile","0.975",1.12588318133089
"2021-12-09","7 day R","2021-05-30","CH","point","NA",0.804160672175704
"2021-12-09","7 day R","2021-05-30","CH","quantile","0.025",0.503101874345573
"2021-12-09","7 day R","2021-05-30","CH","quantile","0.975",1.10545963795944
"2021-12-09","7 day R","2021-05-31","CH","point","NA",0.789880050862577
"2021-12-09","7 day R","2021-05-31","CH","quantile","0.025",0.486114201357795
"2021-12-09","7 day R","2021-05-31","CH","quantile","0.975",1.09307860082208
"2021-12-09","7 day R","2021-06-01","CH","point","NA",0.759546702647836
"2021-12-09","7 day R","2021-06-01","CH","quantile","0.025",0.457059175153699
"2021-12-09","7 day R","2021-06-01","CH","quantile","0.975",1.06443770808243
"2021-12-09","7 day R","2021-06-02","CH","point","NA",0.746823310699959
"2021-12-09","7 day R","2021-06-02","CH","quantile","0.025",0.444952246895815
"2021-12-09","7 day R","2021-06-02","CH","quantile","0.975",1.05079077787767
"2021-12-09","7 day R","2021-06-03","CH","point","NA",0.729166921557295
"2021-12-09","7 day R","2021-06-03","CH","quantile","0.025",0.426106985435995
"2021-12-09","7 day R","2021-06-03","CH","quantile","0.975",1.03331482509495
"2021-12-09","7 day R","2021-06-04","CH","point","NA",0.718893529586401
"2021-12-09","7 day R","2021-06-04","CH","quantile","0.025",0.412872769823333
"2021-12-09","7 day R","2021-06-04","CH","quantile","0.975",1.02340351726577
"2021-12-09","7 day R","2021-06-05","CH","point","NA",0.707320894465721
"2021-12-09","7 day R","2021-06-05","CH","quantile","0.025",0.400941067099789
"2021-12-09","7 day R","2021-06-05","CH","quantile","0.975",1.01495475171505
"2021-12-09","7 day R","2021-06-06","CH","point","NA",0.696032362141981
"2021-12-09","7 day R","2021-06-06","CH","quantile","0.025",0.388795639299426
"2021-12-09","7 day R","2021-06-06","CH","quantile","0.975",1.00255709601427
"2021-12-09","7 day R","2021-06-07","CH","point","NA",0.683698718498199
"2021-12-09","7 day R","2021-06-07","CH","quantile","0.025",0.377234106222879
"2021-12-09","7 day R","2021-06-07","CH","quantile","0.975",0.987500755537165
"2021-12-09","7 day R","2021-06-08","CH","point","NA",0.670465103854897
"2021-12-09","7 day R","2021-06-08","CH","quantile","0.025",0.363998497081921
"2021-12-09","7 day R","2021-06-08","CH","quantile","0.975",0.97629059459778
"2021-12-09","7 day R","2021-06-09","CH","point","NA",0.671094957696334
"2021-12-09","7 day R","2021-06-09","CH","quantile","0.025",0.363490906388047
"2021-12-09","7 day R","2021-06-09","CH","quantile","0.975",0.979844326584245
"2021-12-09","7 day R","2021-06-10","CH","point","NA",0.689716098269166
"2021-12-09","7 day R","2021-06-10","CH","quantile","0.025",0.382606760840152
"2021-12-09","7 day R","2021-06-10","CH","quantile","0.975",0.996741295421952
"2021-12-09","7 day R","2021-06-11","CH","point","NA",0.681069893607255
"2021-12-09","7 day R","2021-06-11","CH","quantile","0.025",0.374046021272089
"2021-12-09","7 day R","2021-06-11","CH","quantile","0.975",0.986061434632034
"2021-12-09","7 day R","2021-06-12","CH","point","NA",0.665604506309351
"2021-12-09","7 day R","2021-06-12","CH","quantile","0.025",0.356531835834718
"2021-12-09","7 day R","2021-06-12","CH","quantile","0.975",0.974970724113048
"2021-12-09","7 day R","2021-06-13","CH","point","NA",0.647254110774481
"2021-12-09","7 day R","2021-06-13","CH","quantile","0.025",0.336258258557375
"2021-12-09","7 day R","2021-06-13","CH","quantile","0.975",0.955135661906949
"2021-12-09","7 day R","2021-06-14","CH","point","NA",0.627297526098761
"2021-12-09","7 day R","2021-06-14","CH","quantile","0.025",0.321292695433892
"2021-12-09","7 day R","2021-06-14","CH","quantile","0.975",0.937107693837419
"2021-12-09","7 day R","2021-06-15","CH","point","NA",0.614161794902875
"2021-12-09","7 day R","2021-06-15","CH","quantile","0.025",0.307722217999636
"2021-12-09","7 day R","2021-06-15","CH","quantile","0.975",0.920409254019363
"2021-12-09","7 day R","2021-06-16","CH","point","NA",0.610248817252449
"2021-12-09","7 day R","2021-06-16","CH","quantile","0.025",0.305693666848117
"2021-12-09","7 day R","2021-06-16","CH","quantile","0.975",0.914951856553177
"2021-12-09","7 day R","2021-06-17","CH","point","NA",0.603514598184361
"2021-12-09","7 day R","2021-06-17","CH","quantile","0.025",0.300639749522643
"2021-12-09","7 day R","2021-06-17","CH","quantile","0.975",0.908568668727016
"2021-12-09","7 day R","2021-06-18","CH","point","NA",0.607810030244758
"2021-12-09","7 day R","2021-06-18","CH","quantile","0.025",0.30115901922515
"2021-12-09","7 day R","2021-06-18","CH","quantile","0.975",0.908786317088013
"2021-12-09","7 day R","2021-06-19","CH","point","NA",0.610272834775285
"2021-12-09","7 day R","2021-06-19","CH","quantile","0.025",0.302734254366062
"2021-12-09","7 day R","2021-06-19","CH","quantile","0.975",0.917991108085458
"2021-12-09","7 day R","2021-06-20","CH","point","NA",0.606236439202374
"2021-12-09","7 day R","2021-06-20","CH","quantile","0.025",0.301115795783541
"2021-12-09","7 day R","2021-06-20","CH","quantile","0.975",0.909017300942305
"2021-12-09","7 day R","2021-06-21","CH","point","NA",0.599872829860524
"2021-12-09","7 day R","2021-06-21","CH","quantile","0.025",0.290591197429054
"2021-12-09","7 day R","2021-06-21","CH","quantile","0.975",0.910496047915797
"2021-12-09","7 day R","2021-06-22","CH","point","NA",0.60927234937197
"2021-12-09","7 day R","2021-06-22","CH","quantile","0.025",0.296156338001886
"2021-12-09","7 day R","2021-06-22","CH","quantile","0.975",0.917502205650215
"2021-12-09","7 day R","2021-06-23","CH","point","NA",0.63266318577608
"2021-12-09","7 day R","2021-06-23","CH","quantile","0.025",0.32405714185655
"2021-12-09","7 day R","2021-06-23","CH","quantile","0.975",0.936450856249925
"2021-12-09","7 day R","2021-06-24","CH","point","NA",0.660048831115669
"2021-12-09","7 day R","2021-06-24","CH","quantile","0.025",0.34881148157719
"2021-12-09","7 day R","2021-06-24","CH","quantile","0.975",0.967714327668154
"2021-12-09","7 day R","2021-06-25","CH","point","NA",0.694420275283655
"2021-12-09","7 day R","2021-06-25","CH","quantile","0.025",0.382304809276623
"2021-12-09","7 day R","2021-06-25","CH","quantile","0.975",1.00005832075071
"2021-12-09","7 day R","2021-06-26","CH","point","NA",0.729100669069218
"2021-12-09","7 day R","2021-06-26","CH","quantile","0.025",0.417354979992551
"2021-12-09","7 day R","2021-06-26","CH","quantile","0.975",1.02950849663138
"2021-12-09","7 day R","2021-06-27","CH","point","NA",0.760741277755882
"2021-12-09","7 day R","2021-06-27","CH","quantile","0.025",0.453094734386333
"2021-12-09","7 day R","2021-06-27","CH","quantile","0.975",1.0660417572201
"2021-12-09","7 day R","2021-06-28","CH","point","NA",0.788966074347073
"2021-12-09","7 day R","2021-06-28","CH","quantile","0.025",0.47737323973792
"2021-12-09","7 day R","2021-06-28","CH","quantile","0.975",1.0901471684359
"2021-12-09","7 day R","2021-06-29","CH","point","NA",0.848240068891289
"2021-12-09","7 day R","2021-06-29","CH","quantile","0.025",0.537397187302497
"2021-12-09","7 day R","2021-06-29","CH","quantile","0.975",1.15498870409931
"2021-12-09","7 day R","2021-06-30","CH","point","NA",0.917250468913452
"2021-12-09","7 day R","2021-06-30","CH","quantile","0.025",0.604768047914729
"2021-12-09","7 day R","2021-06-30","CH","quantile","0.975",1.22318106158557
"2021-12-09","7 day R","2021-07-01","CH","point","NA",0.992064052290149
"2021-12-09","7 day R","2021-07-01","CH","quantile","0.025",0.683187727094142
"2021-12-09","7 day R","2021-07-01","CH","quantile","0.975",1.29881248500592
"2021-12-09","7 day R","2021-07-02","CH","point","NA",1.06382514233701
"2021-12-09","7 day R","2021-07-02","CH","quantile","0.025",0.756455898615139
"2021-12-09","7 day R","2021-07-02","CH","quantile","0.975",1.37065417122054
"2021-12-09","7 day R","2021-07-03","CH","point","NA",1.13033696268611
"2021-12-09","7 day R","2021-07-03","CH","quantile","0.025",0.821271042674972
"2021-12-09","7 day R","2021-07-03","CH","quantile","0.975",1.44109950156717
"2021-12-09","7 day R","2021-07-04","CH","point","NA",1.20410481000963
"2021-12-09","7 day R","2021-07-04","CH","quantile","0.025",0.89577110401632
"2021-12-09","7 day R","2021-07-04","CH","quantile","0.975",1.51478853481784
"2021-12-09","7 day R","2021-07-05","CH","point","NA",1.27848627014841
"2021-12-09","7 day R","2021-07-05","CH","quantile","0.025",0.970354439493806
"2021-12-09","7 day R","2021-07-05","CH","quantile","0.975",1.591692556886
"2021-12-09","7 day R","2021-07-06","CH","point","NA",1.3358087045752
"2021-12-09","7 day R","2021-07-06","CH","quantile","0.025",1.0291831916711
"2021-12-09","7 day R","2021-07-06","CH","quantile","0.975",1.65123610900044
"2021-12-09","7 day R","2021-07-07","CH","point","NA",1.38106524362868
"2021-12-09","7 day R","2021-07-07","CH","quantile","0.025",1.07728304190913
"2021-12-09","7 day R","2021-07-07","CH","quantile","0.975",1.69638891374117
"2021-12-09","7 day R","2021-07-08","CH","point","NA",1.41823354060325
"2021-12-09","7 day R","2021-07-08","CH","quantile","0.025",1.11581017270387
"2021-12-09","7 day R","2021-07-08","CH","quantile","0.975",1.73513155680011
"2021-12-09","7 day R","2021-07-09","CH","point","NA",1.45827867829543
"2021-12-09","7 day R","2021-07-09","CH","quantile","0.025",1.1535307429355
"2021-12-09","7 day R","2021-07-09","CH","quantile","0.975",1.77524643071775
"2021-12-09","7 day R","2021-07-10","CH","point","NA",1.48296804478268
"2021-12-09","7 day R","2021-07-10","CH","quantile","0.025",1.17606838295298
"2021-12-09","7 day R","2021-07-10","CH","quantile","0.975",1.79223923689185
"2021-12-09","7 day R","2021-07-11","CH","point","NA",1.5276545208082
"2021-12-09","7 day R","2021-07-11","CH","quantile","0.025",1.21928864281901
"2021-12-09","7 day R","2021-07-11","CH","quantile","0.975",1.84006140456538
"2021-12-09","7 day R","2021-07-12","CH","point","NA",1.57571908519873
"2021-12-09","7 day R","2021-07-12","CH","quantile","0.025",1.26695857862155
"2021-12-09","7 day R","2021-07-12","CH","quantile","0.975",1.88992012969494
"2021-12-09","7 day R","2021-07-13","CH","point","NA",1.59444700502636
"2021-12-09","7 day R","2021-07-13","CH","quantile","0.025",1.28488265529299
"2021-12-09","7 day R","2021-07-13","CH","quantile","0.975",1.91095511540519
"2021-12-09","7 day R","2021-07-14","CH","point","NA",1.59853632712786
"2021-12-09","7 day R","2021-07-14","CH","quantile","0.025",1.29392557506054
"2021-12-09","7 day R","2021-07-14","CH","quantile","0.975",1.91079192276365
"2021-12-09","7 day R","2021-07-15","CH","point","NA",1.59649322393997
"2021-12-09","7 day R","2021-07-15","CH","quantile","0.025",1.28671110060807
"2021-12-09","7 day R","2021-07-15","CH","quantile","0.975",1.91149064398351
"2021-12-09","7 day R","2021-07-16","CH","point","NA",1.59261507881085
"2021-12-09","7 day R","2021-07-16","CH","quantile","0.025",1.28762072408849
"2021-12-09","7 day R","2021-07-16","CH","quantile","0.975",1.9073922947837
"2021-12-09","7 day R","2021-07-17","CH","point","NA",1.62559784764733
"2021-12-09","7 day R","2021-07-17","CH","quantile","0.025",1.31861131439221
"2021-12-09","7 day R","2021-07-17","CH","quantile","0.975",1.94150724657554
"2021-12-09","7 day R","2021-07-18","CH","point","NA",1.61662924744713
"2021-12-09","7 day R","2021-07-18","CH","quantile","0.025",1.31046819744652
"2021-12-09","7 day R","2021-07-18","CH","quantile","0.975",1.93234736816568
"2021-12-09","7 day R","2021-07-19","CH","point","NA",1.60486466620646
"2021-12-09","7 day R","2021-07-19","CH","quantile","0.025",1.29624137757963
"2021-12-09","7 day R","2021-07-19","CH","quantile","0.975",1.91324462283469
"2021-12-09","7 day R","2021-07-20","CH","point","NA",1.56850975795621
"2021-12-09","7 day R","2021-07-20","CH","quantile","0.025",1.26167707375415
"2021-12-09","7 day R","2021-07-20","CH","quantile","0.975",1.87607102299116
"2021-12-09","7 day R","2021-07-21","CH","point","NA",1.53456282189753
"2021-12-09","7 day R","2021-07-21","CH","quantile","0.025",1.23148418767793
"2021-12-09","7 day R","2021-07-21","CH","quantile","0.975",1.84454814822138
"2021-12-09","7 day R","2021-07-22","CH","point","NA",1.50281487320287
"2021-12-09","7 day R","2021-07-22","CH","quantile","0.025",1.19869438622637
"2021-12-09","7 day R","2021-07-22","CH","quantile","0.975",1.80877847206009
"2021-12-09","7 day R","2021-07-23","CH","point","NA",1.46994300990015
"2021-12-09","7 day R","2021-07-23","CH","quantile","0.025",1.16655161692011
"2021-12-09","7 day R","2021-07-23","CH","quantile","0.975",1.77887473202467
"2021-12-09","7 day R","2021-07-24","CH","point","NA",1.42748000770978
"2021-12-09","7 day R","2021-07-24","CH","quantile","0.025",1.12120562117187
"2021-12-09","7 day R","2021-07-24","CH","quantile","0.975",1.73474477690007
"2021-12-09","7 day R","2021-07-25","CH","point","NA",1.39860964610643
"2021-12-09","7 day R","2021-07-25","CH","quantile","0.025",1.08819044788603
"2021-12-09","7 day R","2021-07-25","CH","quantile","0.975",1.70742283750928
"2021-12-09","7 day R","2021-07-26","CH","point","NA",1.37063997215957
"2021-12-09","7 day R","2021-07-26","CH","quantile","0.025",1.06477261642925
"2021-12-09","7 day R","2021-07-26","CH","quantile","0.975",1.67570626637138
"2021-12-09","7 day R","2021-07-27","CH","point","NA",1.35563471554539
"2021-12-09","7 day R","2021-07-27","CH","quantile","0.025",1.04286286732519
"2021-12-09","7 day R","2021-07-27","CH","quantile","0.975",1.66447048124194
"2021-12-09","7 day R","2021-07-28","CH","point","NA",1.34384063628222
"2021-12-09","7 day R","2021-07-28","CH","quantile","0.025",1.0370723584707
"2021-12-09","7 day R","2021-07-28","CH","quantile","0.975",1.65007375782804
"2021-12-09","7 day R","2021-07-29","CH","point","NA",1.34083209307096
"2021-12-09","7 day R","2021-07-29","CH","quantile","0.025",1.03109677044483
"2021-12-09","7 day R","2021-07-29","CH","quantile","0.975",1.64660661193402
"2021-12-09","7 day R","2021-07-30","CH","point","NA",1.34374695292686
"2021-12-09","7 day R","2021-07-30","CH","quantile","0.025",1.03720862526524
"2021-12-09","7 day R","2021-07-30","CH","quantile","0.975",1.64910697821489
"2021-12-09","7 day R","2021-07-31","CH","point","NA",1.34536851586325
"2021-12-09","7 day R","2021-07-31","CH","quantile","0.025",1.03557572506343
"2021-12-09","7 day R","2021-07-31","CH","quantile","0.975",1.65021639484774
"2021-12-09","7 day R","2021-08-01","CH","point","NA",1.35154548116815
"2021-12-09","7 day R","2021-08-01","CH","quantile","0.025",1.04542672070323
"2021-12-09","7 day R","2021-08-01","CH","quantile","0.975",1.65756487570746
"2021-12-09","7 day R","2021-08-02","CH","point","NA",1.35593816164268
"2021-12-09","7 day R","2021-08-02","CH","quantile","0.025",1.04835422580618
"2021-12-09","7 day R","2021-08-02","CH","quantile","0.975",1.66451769398748
"2021-12-09","7 day R","2021-08-03","CH","point","NA",1.37184303295823
"2021-12-09","7 day R","2021-08-03","CH","quantile","0.025",1.06475869158374
"2021-12-09","7 day R","2021-08-03","CH","quantile","0.975",1.67606202315252
"2021-12-09","7 day R","2021-08-04","CH","point","NA",1.3918097731217
"2021-12-09","7 day R","2021-08-04","CH","quantile","0.025",1.08586560264615
"2021-12-09","7 day R","2021-08-04","CH","quantile","0.975",1.69859186205828
"2021-12-09","7 day R","2021-08-05","CH","point","NA",1.41672864988786
"2021-12-09","7 day R","2021-08-05","CH","quantile","0.025",1.11223620794863
"2021-12-09","7 day R","2021-08-05","CH","quantile","0.975",1.72224901534535
"2021-12-09","7 day R","2021-08-06","CH","point","NA",1.44580940082217
"2021-12-09","7 day R","2021-08-06","CH","quantile","0.025",1.14530221319326
"2021-12-09","7 day R","2021-08-06","CH","quantile","0.975",1.75092131204879
"2021-12-09","7 day R","2021-08-07","CH","point","NA",1.47400012495391
"2021-12-09","7 day R","2021-08-07","CH","quantile","0.025",1.17114519848743
"2021-12-09","7 day R","2021-08-07","CH","quantile","0.975",1.78098047387379
"2021-12-09","7 day R","2021-08-08","CH","point","NA",1.50427196555754
"2021-12-09","7 day R","2021-08-08","CH","quantile","0.025",1.19568213558578
"2021-12-09","7 day R","2021-08-08","CH","quantile","0.975",1.81447136804074
"2021-12-09","7 day R","2021-08-09","CH","point","NA",1.53512452451972
"2021-12-09","7 day R","2021-08-09","CH","quantile","0.025",1.22935670139058
"2021-12-09","7 day R","2021-08-09","CH","quantile","0.975",1.8451850646809
"2021-12-09","7 day R","2021-08-10","CH","point","NA",1.55075260434178
"2021-12-09","7 day R","2021-08-10","CH","quantile","0.025",1.23961029751225
"2021-12-09","7 day R","2021-08-10","CH","quantile","0.975",1.86187222697929
"2021-12-09","7 day R","2021-08-11","CH","point","NA",1.56101607406732
"2021-12-09","7 day R","2021-08-11","CH","quantile","0.025",1.25202756160138
"2021-12-09","7 day R","2021-08-11","CH","quantile","0.975",1.87227731066337
"2021-12-09","7 day R","2021-08-12","CH","point","NA",1.5618217783891
"2021-12-09","7 day R","2021-08-12","CH","quantile","0.025",1.25160562163036
"2021-12-09","7 day R","2021-08-12","CH","quantile","0.975",1.87232334448351
"2021-12-09","7 day R","2021-08-13","CH","point","NA",1.55547407637265
"2021-12-09","7 day R","2021-08-13","CH","quantile","0.025",1.24751467962995
"2021-12-09","7 day R","2021-08-13","CH","quantile","0.975",1.86802758869074
"2021-12-09","7 day R","2021-08-14","CH","point","NA",1.54578289118195
"2021-12-09","7 day R","2021-08-14","CH","quantile","0.025",1.23524500761055
"2021-12-09","7 day R","2021-08-14","CH","quantile","0.975",1.85906076288419
"2021-12-09","7 day R","2021-08-15","CH","point","NA",1.54297785892806
"2021-12-09","7 day R","2021-08-15","CH","quantile","0.025",1.23431448661707
"2021-12-09","7 day R","2021-08-15","CH","quantile","0.975",1.85493881950975
"2021-12-09","7 day R","2021-08-16","CH","point","NA",1.54080600594189
"2021-12-09","7 day R","2021-08-16","CH","quantile","0.025",1.22464310062482
"2021-12-09","7 day R","2021-08-16","CH","quantile","0.975",1.85285620018762
"2021-12-09","7 day R","2021-08-17","CH","point","NA",1.50842452568424
"2021-12-09","7 day R","2021-08-17","CH","quantile","0.025",1.19664509141302
"2021-12-09","7 day R","2021-08-17","CH","quantile","0.975",1.82141275729782
"2021-12-09","7 day R","2021-08-18","CH","point","NA",1.47450132356012
"2021-12-09","7 day R","2021-08-18","CH","quantile","0.025",1.16333593291611
"2021-12-09","7 day R","2021-08-18","CH","quantile","0.975",1.78493730146
"2021-12-09","7 day R","2021-08-19","CH","point","NA",1.43823430965593
"2021-12-09","7 day R","2021-08-19","CH","quantile","0.025",1.12841656518652
"2021-12-09","7 day R","2021-08-19","CH","quantile","0.975",1.74890811154763
"2021-12-09","7 day R","2021-08-20","CH","point","NA",1.40288919388182
"2021-12-09","7 day R","2021-08-20","CH","quantile","0.025",1.09243502769726
"2021-12-09","7 day R","2021-08-20","CH","quantile","0.975",1.7114823954764
"2021-12-09","7 day R","2021-08-21","CH","point","NA",1.3683981489581
"2021-12-09","7 day R","2021-08-21","CH","quantile","0.025",1.06163086347447
"2021-12-09","7 day R","2021-08-21","CH","quantile","0.975",1.67960985781206
"2021-12-09","7 day R","2021-08-22","CH","point","NA",1.33638633005084
"2021-12-09","7 day R","2021-08-22","CH","quantile","0.025",1.02738665186575
"2021-12-09","7 day R","2021-08-22","CH","quantile","0.975",1.64701596184728
"2021-12-09","7 day R","2021-08-23","CH","point","NA",1.30212422105197
"2021-12-09","7 day R","2021-08-23","CH","quantile","0.025",0.99598182784732
"2021-12-09","7 day R","2021-08-23","CH","quantile","0.975",1.61331628807011
"2021-12-09","7 day R","2021-08-24","CH","point","NA",1.26393517436855
"2021-12-09","7 day R","2021-08-24","CH","quantile","0.025",0.953581774267593
"2021-12-09","7 day R","2021-08-24","CH","quantile","0.975",1.5745275864485
"2021-12-09","7 day R","2021-08-25","CH","point","NA",1.24875638951805
"2021-12-09","7 day R","2021-08-25","CH","quantile","0.025",0.940475984765208
"2021-12-09","7 day R","2021-08-25","CH","quantile","0.975",1.55832778013745
"2021-12-09","7 day R","2021-08-26","CH","point","NA",1.23692060510303
"2021-12-09","7 day R","2021-08-26","CH","quantile","0.025",0.932026623991881
"2021-12-09","7 day R","2021-08-26","CH","quantile","0.975",1.5479347352405
"2021-12-09","7 day R","2021-08-27","CH","point","NA",1.22532501898623
"2021-12-09","7 day R","2021-08-27","CH","quantile","0.025",0.917122526121141
"2021-12-09","7 day R","2021-08-27","CH","quantile","0.975",1.53496896290701
"2021-12-09","7 day R","2021-08-28","CH","point","NA",1.20774831584427
"2021-12-09","7 day R","2021-08-28","CH","quantile","0.025",0.902853625712155
"2021-12-09","7 day R","2021-08-28","CH","quantile","0.975",1.51732969900745
"2021-12-09","7 day R","2021-08-29","CH","point","NA",1.18994748511792
"2021-12-09","7 day R","2021-08-29","CH","quantile","0.025",0.884815057543132
"2021-12-09","7 day R","2021-08-29","CH","quantile","0.975",1.49192084551776
"2021-12-09","7 day R","2021-08-30","CH","point","NA",1.17019309146262
"2021-12-09","7 day R","2021-08-30","CH","quantile","0.025",0.867388622651791
"2021-12-09","7 day R","2021-08-30","CH","quantile","0.975",1.47506101109443
"2021-12-09","7 day R","2021-08-31","CH","point","NA",1.13222018254455
"2021-12-09","7 day R","2021-08-31","CH","quantile","0.025",0.82311284547706
"2021-12-09","7 day R","2021-08-31","CH","quantile","0.975",1.43898311652716
"2021-12-09","7 day R","2021-09-01","CH","point","NA",1.14804598332106
"2021-12-09","7 day R","2021-09-01","CH","quantile","0.025",0.83671148427851
"2021-12-09","7 day R","2021-09-01","CH","quantile","0.975",1.45362715966904
"2021-12-09","7 day R","2021-09-02","CH","point","NA",1.16021362773456
"2021-12-09","7 day R","2021-09-02","CH","quantile","0.025",0.853847275508415
"2021-12-09","7 day R","2021-09-02","CH","quantile","0.975",1.46303971097531
"2021-12-09","7 day R","2021-09-03","CH","point","NA",1.17305155166154
"2021-12-09","7 day R","2021-09-03","CH","quantile","0.025",0.865289891438289
"2021-12-09","7 day R","2021-09-03","CH","quantile","0.975",1.47988833502203
"2021-12-09","7 day R","2021-09-04","CH","point","NA",1.21383272098872
"2021-12-09","7 day R","2021-09-04","CH","quantile","0.025",0.906618005713253
"2021-12-09","7 day R","2021-09-04","CH","quantile","0.975",1.52178621592949
"2021-12-09","7 day R","2021-09-05","CH","point","NA",1.26229831254014
"2021-12-09","7 day R","2021-09-05","CH","quantile","0.025",0.952920288876755
"2021-12-09","7 day R","2021-09-05","CH","quantile","0.975",1.57203788394537
"2021-12-09","7 day R","2021-09-06","CH","point","NA",1.32443098559367
"2021-12-09","7 day R","2021-09-06","CH","quantile","0.025",1.01803842276817
"2021-12-09","7 day R","2021-09-06","CH","quantile","0.975",1.63834580695374
"2021-12-09","7 day R","2021-09-07","CH","point","NA",1.45343163751236
"2021-12-09","7 day R","2021-09-07","CH","quantile","0.025",1.13179660401962
"2021-12-09","7 day R","2021-09-07","CH","quantile","0.975",1.78840069028675
"2021-12-09","7 day R","2021-09-08","CH","point","NA",1.39060993067006
"2021-12-09","7 day R","2021-09-08","CH","quantile","0.025",1.07714556692104
"2021-12-09","7 day R","2021-09-08","CH","quantile","0.975",1.71286149522008
"2021-12-09","7 day R","2021-09-09","CH","point","NA",1.31360164371586
"2021-12-09","7 day R","2021-09-09","CH","quantile","0.025",1.00336108656494
"2021-12-09","7 day R","2021-09-09","CH","quantile","0.975",1.62995931612257
"2021-12-09","7 day R","2021-09-10","CH","point","NA",1.24274180729394
"2021-12-09","7 day R","2021-09-10","CH","quantile","0.025",0.930715056265931
"2021-12-09","7 day R","2021-09-10","CH","quantile","0.975",1.5534293996855
"2021-12-09","7 day R","2021-09-11","CH","point","NA",1.17118653705885
"2021-12-09","7 day R","2021-09-11","CH","quantile","0.025",0.86046195246904
"2021-12-09","7 day R","2021-09-11","CH","quantile","0.975",1.47981789605308
"2021-12-09","7 day R","2021-09-12","CH","point","NA",1.10580840366629
"2021-12-09","7 day R","2021-09-12","CH","quantile","0.025",0.797749810257805
"2021-12-09","7 day R","2021-09-12","CH","quantile","0.975",1.41186148149611
"2021-12-09","7 day R","2021-09-13","CH","point","NA",1.04390991104416
"2021-12-09","7 day R","2021-09-13","CH","quantile","0.025",0.735005815959352
"2021-12-09","7 day R","2021-09-13","CH","quantile","0.975",1.34902374140904
"2021-12-09","7 day R","2021-09-14","CH","point","NA",0.967192317352895
"2021-12-09","7 day R","2021-09-14","CH","quantile","0.025",0.656155959069396
"2021-12-09","7 day R","2021-09-14","CH","quantile","0.975",1.2730082670052
"2021-12-09","7 day R","2021-09-15","CH","point","NA",0.94957233349012
"2021-12-09","7 day R","2021-09-15","CH","quantile","0.025",0.642605521318664
"2021-12-09","7 day R","2021-09-15","CH","quantile","0.975",1.25690380629104
"2021-12-09","7 day R","2021-09-16","CH","point","NA",0.932992365277438
"2021-12-09","7 day R","2021-09-16","CH","quantile","0.025",0.628234163778335
"2021-12-09","7 day R","2021-09-16","CH","quantile","0.975",1.23777905901139
"2021-12-09","7 day R","2021-09-17","CH","point","NA",0.914487223609612
"2021-12-09","7 day R","2021-09-17","CH","quantile","0.025",0.608245760306491
"2021-12-09","7 day R","2021-09-17","CH","quantile","0.975",1.2169776086591
"2021-12-09","7 day R","2021-09-18","CH","point","NA",0.888747548147587
"2021-12-09","7 day R","2021-09-18","CH","quantile","0.025",0.58439322765468
"2021-12-09","7 day R","2021-09-18","CH","quantile","0.975",1.19188714128471
"2021-12-09","7 day R","2021-09-19","CH","point","NA",0.859699718301451
"2021-12-09","7 day R","2021-09-19","CH","quantile","0.025",0.554916767640682
"2021-12-09","7 day R","2021-09-19","CH","quantile","0.975",1.16394511162281
"2021-12-09","7 day R","2021-09-20","CH","point","NA",0.827165799105034
"2021-12-09","7 day R","2021-09-20","CH","quantile","0.025",0.521471288220324
"2021-12-09","7 day R","2021-09-20","CH","quantile","0.975",1.13168325676224
"2021-12-09","7 day R","2021-09-21","CH","point","NA",0.800750943636226
"2021-12-09","7 day R","2021-09-21","CH","quantile","0.025",0.491340994021186
"2021-12-09","7 day R","2021-09-21","CH","quantile","0.975",1.10694317234859
"2021-12-09","7 day R","2021-09-22","CH","point","NA",0.805659499338664
"2021-12-09","7 day R","2021-09-22","CH","quantile","0.025",0.49414922658377
"2021-12-09","7 day R","2021-09-22","CH","quantile","0.975",1.11208223576386
"2021-12-09","7 day R","2021-09-23","CH","point","NA",0.813481180508382
"2021-12-09","7 day R","2021-09-23","CH","quantile","0.025",0.503860083100461
"2021-12-09","7 day R","2021-09-23","CH","quantile","0.975",1.12079696791984
"2021-12-09","7 day R","2021-09-24","CH","point","NA",0.818873398347394
"2021-12-09","7 day R","2021-09-24","CH","quantile","0.025",0.508492382095938
"2021-12-09","7 day R","2021-09-24","CH","quantile","0.975",1.12750350905347
"2021-12-09","7 day R","2021-09-25","CH","point","NA",0.819721253431798
"2021-12-09","7 day R","2021-09-25","CH","quantile","0.025",0.507041621715265
"2021-12-09","7 day R","2021-09-25","CH","quantile","0.975",1.12961707672477
"2021-12-09","7 day R","2021-09-26","CH","point","NA",0.812923158378964
"2021-12-09","7 day R","2021-09-26","CH","quantile","0.025",0.506673637642192
"2021-12-09","7 day R","2021-09-26","CH","quantile","0.975",1.11793797437006
"2021-12-09","7 day R","2021-09-27","CH","point","NA",0.801135838399205
"2021-12-09","7 day R","2021-09-27","CH","quantile","0.025",0.495128792451779
"2021-12-09","7 day R","2021-09-27","CH","quantile","0.975",1.10832633587331
"2021-12-09","7 day R","2021-09-28","CH","point","NA",0.79603672917626
"2021-12-09","7 day R","2021-09-28","CH","quantile","0.025",0.486432459243037
"2021-12-09","7 day R","2021-09-28","CH","quantile","0.975",1.10237241457898
"2021-12-09","7 day R","2021-09-29","CH","point","NA",0.802602504261515
"2021-12-09","7 day R","2021-09-29","CH","quantile","0.025",0.492847194465075
"2021-12-09","7 day R","2021-09-29","CH","quantile","0.975",1.10762888069884
"2021-12-09","7 day R","2021-09-30","CH","point","NA",0.816143324164097
"2021-12-09","7 day R","2021-09-30","CH","quantile","0.025",0.510014380501589
"2021-12-09","7 day R","2021-09-30","CH","quantile","0.975",1.12175172138386
"2021-12-09","7 day R","2021-10-01","CH","point","NA",0.82990646442085
"2021-12-09","7 day R","2021-10-01","CH","quantile","0.025",0.523538846327265
"2021-12-09","7 day R","2021-10-01","CH","quantile","0.975",1.13473565744943
"2021-12-09","7 day R","2021-10-02","CH","point","NA",0.838551279296229
"2021-12-09","7 day R","2021-10-02","CH","quantile","0.025",0.52848449402098
"2021-12-09","7 day R","2021-10-02","CH","quantile","0.975",1.14586575855319
"2021-12-09","7 day R","2021-10-03","CH","point","NA",0.841770175580849
"2021-12-09","7 day R","2021-10-03","CH","quantile","0.025",0.53235441512614
"2021-12-09","7 day R","2021-10-03","CH","quantile","0.975",1.1468368903231
"2021-12-09","7 day R","2021-10-04","CH","point","NA",0.840279204412426
"2021-12-09","7 day R","2021-10-04","CH","quantile","0.025",0.531813436378308
"2021-12-09","7 day R","2021-10-04","CH","quantile","0.975",1.14706980613372
"2021-12-09","7 day R","2021-10-05","CH","point","NA",0.843632328254213
"2021-12-09","7 day R","2021-10-05","CH","quantile","0.025",0.534737234414263
"2021-12-09","7 day R","2021-10-05","CH","quantile","0.975",1.14802035421425
"2021-12-09","7 day R","2021-10-06","CH","point","NA",0.853658622107334
"2021-12-09","7 day R","2021-10-06","CH","quantile","0.025",0.546854400259262
"2021-12-09","7 day R","2021-10-06","CH","quantile","0.975",1.16431765886604
"2021-12-09","7 day R","2021-10-07","CH","point","NA",0.872246779689004
"2021-12-09","7 day R","2021-10-07","CH","quantile","0.025",0.562126950864976
"2021-12-09","7 day R","2021-10-07","CH","quantile","0.975",1.17929190816012
"2021-12-09","7 day R","2021-10-08","CH","point","NA",0.891218893074322
"2021-12-09","7 day R","2021-10-08","CH","quantile","0.025",0.582542523199747
"2021-12-09","7 day R","2021-10-08","CH","quantile","0.975",1.19849238525646
"2021-12-09","7 day R","2021-10-09","CH","point","NA",0.90773569784859
"2021-12-09","7 day R","2021-10-09","CH","quantile","0.025",0.602105881612837
"2021-12-09","7 day R","2021-10-09","CH","quantile","0.975",1.21280865606854
"2021-12-09","7 day R","2021-10-10","CH","point","NA",0.920437664411104
"2021-12-09","7 day R","2021-10-10","CH","quantile","0.025",0.614019797265425
"2021-12-09","7 day R","2021-10-10","CH","quantile","0.975",1.22562574369932
"2021-12-09","7 day R","2021-10-11","CH","point","NA",0.928676150586337
"2021-12-09","7 day R","2021-10-11","CH","quantile","0.025",0.619024927282011
"2021-12-09","7 day R","2021-10-11","CH","quantile","0.975",1.23529212277966
"2021-12-09","7 day R","2021-10-12","CH","point","NA",0.943427667656708
"2021-12-09","7 day R","2021-10-12","CH","quantile","0.025",0.635862143051954
"2021-12-09","7 day R","2021-10-12","CH","quantile","0.975",1.24564746085426
"2021-12-09","7 day R","2021-10-13","CH","point","NA",0.963471651537652
"2021-12-09","7 day R","2021-10-13","CH","quantile","0.025",0.649859849293341
"2021-12-09","7 day R","2021-10-13","CH","quantile","0.975",1.26638491157995
"2021-12-09","7 day R","2021-10-14","CH","point","NA",0.992151987028085
"2021-12-09","7 day R","2021-10-14","CH","quantile","0.025",0.679018676534641
"2021-12-09","7 day R","2021-10-14","CH","quantile","0.975",1.30137544832644
"2021-12-09","7 day R","2021-10-15","CH","point","NA",1.02473127969568
"2021-12-09","7 day R","2021-10-15","CH","quantile","0.025",0.714125400409417
"2021-12-09","7 day R","2021-10-15","CH","quantile","0.975",1.33327903538651
"2021-12-09","7 day R","2021-10-16","CH","point","NA",1.05811995112253
"2021-12-09","7 day R","2021-10-16","CH","quantile","0.025",0.746769250222536
"2021-12-09","7 day R","2021-10-16","CH","quantile","0.975",1.3662812035715
"2021-12-09","7 day R","2021-10-17","CH","point","NA",1.08800014315031
"2021-12-09","7 day R","2021-10-17","CH","quantile","0.025",0.78416611483881
"2021-12-09","7 day R","2021-10-17","CH","quantile","0.975",1.3996812587987
"2021-12-09","7 day R","2021-10-18","CH","point","NA",1.11756494859723
"2021-12-09","7 day R","2021-10-18","CH","quantile","0.025",0.809279343026114
"2021-12-09","7 day R","2021-10-18","CH","quantile","0.975",1.42704378548111
"2021-12-09","7 day R","2021-10-19","CH","point","NA",1.15102660591679
"2021-12-09","7 day R","2021-10-19","CH","quantile","0.025",0.842475070077357
"2021-12-09","7 day R","2021-10-19","CH","quantile","0.975",1.46111515785938
"2021-12-09","7 day R","2021-10-20","CH","point","NA",1.17285347035569
"2021-12-09","7 day R","2021-10-20","CH","quantile","0.025",0.863407298676974
"2021-12-09","7 day R","2021-10-20","CH","quantile","0.975",1.48332451683212
"2021-12-09","7 day R","2021-10-21","CH","point","NA",1.20109815993533
"2021-12-09","7 day R","2021-10-21","CH","quantile","0.025",0.893796656890483
"2021-12-09","7 day R","2021-10-21","CH","quantile","0.975",1.50905197733898
"2021-12-09","7 day R","2021-10-22","CH","point","NA",1.22522057529739
"2021-12-09","7 day R","2021-10-22","CH","quantile","0.025",0.916933238130879
"2021-12-09","7 day R","2021-10-22","CH","quantile","0.975",1.53260841433499
"2021-12-09","7 day R","2021-10-23","CH","point","NA",1.24818657292481
"2021-12-09","7 day R","2021-10-23","CH","quantile","0.025",0.938012861708581
"2021-12-09","7 day R","2021-10-23","CH","quantile","0.975",1.55846384219759
"2021-12-09","7 day R","2021-10-24","CH","point","NA",1.27315065872822
"2021-12-09","7 day R","2021-10-24","CH","quantile","0.025",0.96108872991002
"2021-12-09","7 day R","2021-10-24","CH","quantile","0.975",1.58572095533345
"2021-12-09","7 day R","2021-10-25","CH","point","NA",1.29803481858107
"2021-12-09","7 day R","2021-10-25","CH","quantile","0.025",0.988803879055656
"2021-12-09","7 day R","2021-10-25","CH","quantile","0.975",1.60940985941669
"2021-12-09","7 day R","2021-10-26","CH","point","NA",1.32039129121822
"2021-12-09","7 day R","2021-10-26","CH","quantile","0.025",1.01496753501837
"2021-12-09","7 day R","2021-10-26","CH","quantile","0.975",1.6316607976146
"2021-12-09","7 day R","2021-10-27","CH","point","NA",1.37081876156953
"2021-12-09","7 day R","2021-10-27","CH","quantile","0.025",1.06424160265907
"2021-12-09","7 day R","2021-10-27","CH","quantile","0.975",1.68482309731545
"2021-12-09","7 day R","2021-10-28","CH","point","NA",1.37831298607073
"2021-12-09","7 day R","2021-10-28","CH","quantile","0.025",1.07104665437947
"2021-12-09","7 day R","2021-10-28","CH","quantile","0.975",1.68912953762579
"2021-12-09","7 day R","2021-10-29","CH","point","NA",1.38542816811288
"2021-12-09","7 day R","2021-10-29","CH","quantile","0.025",1.07771781451536
"2021-12-09","7 day R","2021-10-29","CH","quantile","0.975",1.69319182836539
"2021-12-09","7 day R","2021-10-30","CH","point","NA",1.39539104202314
"2021-12-09","7 day R","2021-10-30","CH","quantile","0.025",1.08453091085328
"2021-12-09","7 day R","2021-10-30","CH","quantile","0.975",1.70672099571678
"2021-12-09","7 day R","2021-10-31","CH","point","NA",1.4089458207772
"2021-12-09","7 day R","2021-10-31","CH","quantile","0.025",1.09799267769192
"2021-12-09","7 day R","2021-10-31","CH","quantile","0.975",1.71945638782978
"2021-12-09","7 day R","2021-11-01","CH","point","NA",1.42522212680271
"2021-12-09","7 day R","2021-11-01","CH","quantile","0.025",1.11757608144386
"2021-12-09","7 day R","2021-11-01","CH","quantile","0.975",1.73280207947824
"2021-12-09","7 day R","2021-11-02","CH","point","NA",1.43453243938732
"2021-12-09","7 day R","2021-11-02","CH","quantile","0.025",1.12992787278891
"2021-12-09","7 day R","2021-11-02","CH","quantile","0.975",1.74616424361607
"2021-12-09","7 day R","2021-11-03","CH","point","NA",1.43675091212447
"2021-12-09","7 day R","2021-11-03","CH","quantile","0.025",1.13179739481245
"2021-12-09","7 day R","2021-11-03","CH","quantile","0.975",1.74438647257914
"2021-12-09","7 day R","2021-11-04","CH","point","NA",1.45082536205569
"2021-12-09","7 day R","2021-11-04","CH","quantile","0.025",1.14820365866342
"2021-12-09","7 day R","2021-11-04","CH","quantile","0.975",1.75816205152834
"2021-12-09","7 day R","2021-11-05","CH","point","NA",1.4580678067377
"2021-12-09","7 day R","2021-11-05","CH","quantile","0.025",1.15208976049236
"2021-12-09","7 day R","2021-11-05","CH","quantile","0.975",1.77022620863798
"2021-12-09","7 day R","2021-11-06","CH","point","NA",1.46321552576239
"2021-12-09","7 day R","2021-11-06","CH","quantile","0.025",1.15754305128336
"2021-12-09","7 day R","2021-11-06","CH","quantile","0.975",1.77547616555156
"2021-12-09","7 day R","2021-11-07","CH","point","NA",1.47069536116483
"2021-12-09","7 day R","2021-11-07","CH","quantile","0.025",1.16456452728313
"2021-12-09","7 day R","2021-11-07","CH","quantile","0.975",1.77760894105423
"2021-12-09","7 day R","2021-11-08","CH","point","NA",1.4789453726515
"2021-12-09","7 day R","2021-11-08","CH","quantile","0.025",1.17213493359935
"2021-12-09","7 day R","2021-11-08","CH","quantile","0.975",1.78934929440978
"2021-12-09","7 day R","2021-11-09","CH","point","NA",1.48223274596367
"2021-12-09","7 day R","2021-11-09","CH","quantile","0.025",1.17675428079136
"2021-12-09","7 day R","2021-11-09","CH","quantile","0.975",1.78845337565389
"2021-12-09","7 day R","2021-11-10","CH","point","NA",1.48077135812693
"2021-12-09","7 day R","2021-11-10","CH","quantile","0.025",1.17154881454793
"2021-12-09","7 day R","2021-11-10","CH","quantile","0.975",1.78905382233205
"2021-12-09","7 day R","2021-11-11","CH","point","NA",1.48008011320718
"2021-12-09","7 day R","2021-11-11","CH","quantile","0.025",1.16934857465
"2021-12-09","7 day R","2021-11-11","CH","quantile","0.975",1.78730661761694
"2021-12-09","7 day R","2021-11-12","CH","point","NA",1.48170117087543
"2021-12-09","7 day R","2021-11-12","CH","quantile","0.025",1.16980541198997
"2021-12-09","7 day R","2021-11-12","CH","quantile","0.975",1.79453619110664
"2021-12-09","7 day R","2021-11-13","CH","point","NA",1.48357148644773
"2021-12-09","7 day R","2021-11-13","CH","quantile","0.025",1.17547633470738
"2021-12-09","7 day R","2021-11-13","CH","quantile","0.975",1.79179251530276
"2021-12-09","7 day R","2021-11-14","CH","point","NA",1.48988910166499
"2021-12-09","7 day R","2021-11-14","CH","quantile","0.025",1.18461378175907
"2021-12-09","7 day R","2021-11-14","CH","quantile","0.975",1.79764094472147
"2021-12-09","7 day R","2021-11-15","CH","point","NA",1.49580425078384
"2021-12-09","7 day R","2021-11-15","CH","quantile","0.025",1.18896002059243
"2021-12-09","7 day R","2021-11-15","CH","quantile","0.975",1.80001830276135
"2021-12-09","7 day R","2021-11-16","CH","point","NA",1.49746336413652
"2021-12-09","7 day R","2021-11-16","CH","quantile","0.025",1.19018906613303
"2021-12-09","7 day R","2021-11-16","CH","quantile","0.975",1.8042443413941
"2021-12-09","7 day R","2021-11-17","CH","point","NA",1.49627113911491
"2021-12-09","7 day R","2021-11-17","CH","quantile","0.025",1.19215722706364
"2021-12-09","7 day R","2021-11-17","CH","quantile","0.975",1.80101922095494
"2021-12-09","7 day R","2021-11-18","CH","point","NA",1.49386952813664
"2021-12-09","7 day R","2021-11-18","CH","quantile","0.025",1.18600706124827
"2021-12-09","7 day R","2021-11-18","CH","quantile","0.975",1.79990167724696
"2021-12-09","7 day R","2021-11-19","CH","point","NA",1.49003914721194
"2021-12-09","7 day R","2021-11-19","CH","quantile","0.025",1.18057565355199
"2021-12-09","7 day R","2021-11-19","CH","quantile","0.975",1.79659774660746
"2021-12-09","7 day R","2021-11-20","CH","point","NA",1.48394950567662
"2021-12-09","7 day R","2021-11-20","CH","quantile","0.025",1.17531893364128
"2021-12-09","7 day R","2021-11-20","CH","quantile","0.975",1.78934941043459
"2021-12-09","7 day R","2021-11-21","CH","point","NA",1.48046185487477
"2021-12-09","7 day R","2021-11-21","CH","quantile","0.025",1.17218594811301
"2021-12-09","7 day R","2021-11-21","CH","quantile","0.975",1.78385314650022
"2021-12-09","7 day R","2021-11-22","CH","point","NA",1.47701969344247
"2021-12-09","7 day R","2021-11-22","CH","quantile","0.025",1.1687110438594
"2021-12-09","7 day R","2021-11-22","CH","quantile","0.975",1.7850731534701
"2021-12-09","7 day R","2021-11-23","CH","point","NA",1.46786231384722
"2021-12-09","7 day R","2021-11-23","CH","quantile","0.025",1.16000851379966
"2021-12-09","7 day R","2021-11-23","CH","quantile","0.975",1.77484432251715
"2021-12-09","7 day R","2021-11-24","CH","point","NA",1.45564085666569
"2021-12-09","7 day R","2021-11-24","CH","quantile","0.025",1.14790674327678
"2021-12-09","7 day R","2021-11-24","CH","quantile","0.975",1.76534672939338
"2021-12-09","7 day R","2021-11-25","CH","point","NA",1.44379958856274
"2021-12-09","7 day R","2021-11-25","CH","quantile","0.025",1.13317952120093
"2021-12-09","7 day R","2021-11-25","CH","quantile","0.975",1.75388079107129
"2021-12-09","7 day R","2021-11-26","CH","point","NA",1.43274789910877
"2021-12-09","7 day R","2021-11-26","CH","quantile","0.025",1.12624221167695
"2021-12-09","7 day R","2021-11-26","CH","quantile","0.975",1.74250716781921
"2021-12-09","7 day R","2021-11-27","CH","point","NA",1.42214342875199
"2021-12-09","7 day R","2021-11-27","CH","quantile","0.025",1.11275349932889
"2021-12-09","7 day R","2021-11-27","CH","quantile","0.975",1.73089045408856
"2021-12-09","7 day R","2021-11-28","CH","point","NA",1.41206711470882
"2021-12-09","7 day R","2021-11-28","CH","quantile","0.025",1.10328684779986
"2021-12-09","7 day R","2021-11-28","CH","quantile","0.975",1.72462323842989
"2021-12-09","7 day R","2021-11-29","CH","point","NA",1.40197429402677
"2021-12-09","7 day R","2021-11-29","CH","quantile","0.025",1.08689575308627
"2021-12-09","7 day R","2021-11-29","CH","quantile","0.975",1.71220431598879
"2021-12-09","7 day R","2021-11-30","CH","point","NA",1.39188204553509
"2021-12-09","7 day R","2021-11-30","CH","quantile","0.025",1.07598055371589
"2021-12-09","7 day R","2021-11-30","CH","quantile","0.975",1.70702391475067
"2021-12-09","7 day R","2021-12-01","CH","point","NA",1.37956902426094
"2021-12-09","7 day R","2021-12-01","CH","quantile","0.025",1.06462182127126
"2021-12-09","7 day R","2021-12-01","CH","quantile","0.975",1.69473865928657
"2021-12-09","7 day R","2021-12-02","CH","point","NA",1.36999815682845
"2021-12-09","7 day R","2021-12-02","CH","quantile","0.025",1.05341715748118
"2021-12-09","7 day R","2021-12-02","CH","quantile","0.975",1.68852802634818
"2021-12-09","7 day R","2021-12-03","CH","point","NA",1.36399820172761
"2021-12-09","7 day R","2021-12-03","CH","quantile","0.025",1.03939217104994
"2021-12-09","7 day R","2021-12-03","CH","quantile","0.975",1.68869547219791
"2021-12-09","7 day R","2021-12-04","CH","point","NA",1.36003722804327
"2021-12-09","7 day R","2021-12-04","CH","quantile","0.025",1.02320416158928
"2021-12-09","7 day R","2021-12-04","CH","quantile","0.975",1.69189401564739
"2021-12-09","7 day R","2021-12-05","CH","point","NA",1.35375220993761
"2021-12-09","7 day R","2021-12-05","CH","quantile","0.025",0.999969626999037
"2021-12-09","7 day R","2021-12-05","CH","quantile","0.975",1.70312099635275
"2021-12-09","7 day R","2021-12-06","CH","point","NA",1.34565633196754
"2021-12-09","7 day R","2021-12-06","CH","quantile","0.025",0.978923053100207
"2021-12-09","7 day R","2021-12-06","CH","quantile","0.975",1.71225051052923
"2021-12-09","7 day R","2021-12-07","CH","point","NA",1.34212873420667
"2021-12-09","7 day R","2021-12-07","CH","quantile","0.025",0.945288159894369
"2021-12-09","7 day R","2021-12-07","CH","quantile","0.975",1.73838697989433
"2021-12-09","7 day R","2021-12-08","CH","point","NA",1.34002189364025
"2021-12-09","7 day R","2021-12-08","CH","quantile","0.025",0.909442637921696
"2021-12-09","7 day R","2021-12-08","CH","quantile","0.975",1.77055577401146
