date,new.cases,repronum,repronum.se,ci.lower,ci.upper
2020-01-02,1,,,,
2020-01-03,0,,,,
2020-01-04,0,,,,
2020-01-05,0,,,,
2020-01-06,0,,,,
2020-01-07,0,,,,
2020-01-08,0,,,,
2020-01-09,0,,,,
2020-01-10,0,,,,
2020-01-11,0,,,,
2020-01-12,0,,,,
2020-01-13,0,,,,
2020-01-14,0,,,,
2020-01-15,1,,,,
2020-01-16,0,,,,
2020-01-17,0,,,,
2020-01-18,0,,,,
2020-01-19,0,,,,
2020-01-20,0,,,,
2020-01-21,0,,,,
2020-01-22,0,,,,
2020-01-23,1,,,,
2020-01-24,0,,,,
2020-01-25,0,,,,
2020-01-26,0,,,,
2020-01-27,0,,,,
2020-01-28,0,,,,
2020-01-29,0,,,,
2020-01-30,0,,,,
2020-01-31,1,,,,
2020-02-01,0,,,,
2020-02-02,0,,,,
2020-02-03,0,,,,
2020-02-04,1,,,,
2020-02-05,0,,,,
2020-02-06,0,,,,
2020-02-07,0,,,,
2020-02-08,0,,,,
2020-02-09,0,,,,
2020-02-10,0,,,,
2020-02-11,0,,,,
2020-02-12,0,,,,
2020-02-13,0,,,,
2020-02-14,0,,,,
2020-02-15,0,,,,
2020-02-16,0,,,,
2020-02-17,1,,,,
2020-02-18,1,,,,
2020-02-19,0,,,,
2020-02-20,1,,,,
2020-02-21,0,,,,
2020-02-22,0,,,,
2020-02-23,0,5.84178498985801,1.0326914451406,3.81774695023982,7.8658230294762
2020-02-24,0,3.4,0.58309518948453,2.25715442905176,4.54284557094824
2020-02-25,2,4.63576158940397,0.554079487770911,3.54978574880059,5.72173743000736
2020-02-26,3,6.59526493799324,0.578443000332144,5.46153749023294,7.72899238575353
2020-02-27,21,6.02272727272727,0.477633341398428,5.08658312577083,6.95887141968372
2020-02-28,41,3.28251121076233,0.297184601359298,2.70004009533821,3.86498232618645
2020-02-29,20,2.04755072760812,0.194344914481809,1.66664169464525,2.42845976057098
2020-03-01,32,1.01169679477442,0.117607363517217,0.781190597963965,1.24220299158487
2020-03-02,34,2.73367082355846,0.174292485828155,2.39206382855932,3.07527781855761
2020-03-03,70,4.42883998673007,0.209947150268231,4.01735113354752,4.84032883991262
2020-03-04,130,5.1963249516441,0.212671422641848,4.77949662272518,5.61315328056302
2020-03-05,159,5.59968968192397,0.197731916720802,5.21214224655713,5.98723711729082
2020-03-06,122,5.450098397526,0.166072028937641,5.12460320196873,5.77559359308327
2020-03-07,111,3.48884220539855,0.111560871964808,3.27018691426364,3.70749749653346
2020-03-08,74,1.83663214315625,0.0679302936888205,1.70349121406693,1.96977307224557
2020-03-09,246,3.09568480300188,0.0762104916007126,2.94631498422039,3.24505462178337
2020-03-10,445,3.59504974026415,0.0741129226365492,3.44979108110751,3.74030839942079
2020-03-11,597,3.23602031368368,0.0639200249878647,3.11073936681656,3.36130126055079
2020-03-12,802,3.04917476825684,0.0556979160020524,2.94000885887888,3.1583406776348
2020-03-13,1077,2.33636583205861,0.0433702716404658,2.25136166164358,2.42137000247364
2020-03-14,978,1.35911554737679,0.0295949827158955,1.30111044713055,1.41712064762303
2020-03-15,731,0.822373857814086,0.0209018062659261,0.781407070321038,0.863340645307135
2020-03-16,1650,1.27238848341575,0.0243121694191466,1.22473750696818,1.32003945986331
2020-03-17,2353,1.32795902331131,0.024077149500546,1.28076867743986,1.37514936918277
2020-03-18,2563,1.45513099976092,0.024777386518952,1.40656821455275,1.5036937849691
2020-03-19,2997,1.5577586679082,0.0252968247549006,1.50817780246537,1.60733953335103
2020-03-20,2902,1.50580014835037,0.0243888256819769,1.45799892838847,1.55360136831227
2020-03-21,2109,1.09916750526027,0.0202820527346834,1.05941541236775,1.13891959815279
2020-03-22,1548,0.696364547592428,0.0155440064043656,0.665898854864412,0.726830240320445
2020-03-23,2739,0.860397514625195,0.0167740805100235,0.827520920951774,0.893274108298617
2020-03-24,3042,1.18416852856687,0.019441356313873,1.14606417038107,1.22227288675267
2020-03-25,3449,1.20796346876067,0.0196631391516827,1.16942442420037,1.24650251332097
2020-03-26,3792,1.30254929910391,0.0204903673422988,1.26238891708301,1.34270968112481
2020-03-27,3812,1.23034727717366,0.0199117646509832,1.1913209355891,1.26937361875823
2020-03-28,2937,0.802019481064741,0.015891703183658,0.770872315171771,0.833166646957711
2020-03-29,2007,0.496232980843948,0.0122835966681656,0.472157573773727,0.520308387914168
2020-03-30,2631,0.698022698796296,0.0144113790652448,0.669776914860862,0.72626848273173
2020-03-31,3710,1.01757538436689,0.0175548431696538,0.983168524000122,1.05198224473366
2020-04-01,3774,1.05422924901186,0.0182579605163662,1.01844430396863,1.09001419405509
2020-04-02,4041,1.07607046249258,0.018840773650846,1.03914322469605,1.11299770028911
2020-04-03,3818,0.74118529064308,0.0158926808147168,0.710036208628444,0.772334372657716
2020-04-04,2547,0.646083608107173,0.0149485919331603,0.616784906298593,0.675382309915753
2020-04-05,1632,0.441876142195275,0.0124484500546453,0.417477628424825,0.466274655965726
2020-04-06,2346,0.34847163668072,0.0112003026067323,0.326519446955574,0.370423826405865
2020-04-07,3360,0.590284267581941,0.0150223390769796,0.560841024027513,0.61972751113637
2020-04-08,3334,0.899021897472657,0.0193438713154855,0.861108606372728,0.936935188572586
2020-04-09,3262,1.06765376914839,0.022296074673023,1.02395426579265,1.11135327250413
2020-04-10,2175,1.07601805775248,0.0236444660093625,1.02967575594045,1.12236035956451
2020-04-11,1868,0.80894485453756,0.0212512619311542,0.76729314652647,0.850596562548649
2020-04-12,1260,0.460435203278253,0.0161880396729274,0.42870722853901,0.492163178017496
2020-04-13,968,0.680962679462039,0.0196576993147749,0.642434296786163,0.719491062137916
2020-04-14,1544,0.867288694443204,0.0223116378969498,0.823558687729084,0.911018701157325
2020-04-15,2160,0.980695339407654,0.0242017926065198,0.933260697537568,1.02812998127774
2020-04-16,2293,0.834737560404974,0.0228716682660537,0.789909914337162,0.879565206472787
2020-04-17,2071,0.780423950069067,0.0225382917948995,0.73624970987801,0.824598190260125
2020-04-18,1449,0.548942449581899,0.019335673101397,0.511045226686321,0.586839672477477
2020-04-19,809,0.311927619528832,0.0148874930175751,0.282748669394294,0.341106569663371
2020-04-20,1200,0.52701383849253,0.0198908555333827,0.488028478025411,0.56599919895965
2020-04-21,1511,0.822288098177198,0.0258229007961248,0.771676142640443,0.872900053713954
2020-04-22,1642,0.905486444962086,0.0284216267827062,0.849781080085942,0.961191809838229
2020-04-23,1332,1.02811950790861,0.0316832273766607,0.966021523336363,1.09021749248086
2020-04-24,1199,0.652962515114873,0.0262660044028374,0.601482092467541,0.704442937762205
2020-04-25,806,0.463751679589749,0.0226828360969845,0.419294137772434,0.508209221407063
2020-04-26,439,0.351737614467987,0.0201075010742204,0.312327636543415,0.39114759239256
2020-04-27,702,0.620252828384767,0.0272260773753255,0.566890697288828,0.673614959480705
2020-04-28,1014,1.05481894791337,0.0369486961985049,0.982400834088589,1.12723706173815
2020-04-29,1015,1.27755581668625,0.0424439490762653,1.19436720513512,1.36074442823738
2020-04-30,1053,1.32825662106611,0.0448776323480486,1.2402980779525,1.41621516417971
2020-05-01,618,1.02632955536181,0.0401326614378029,0.947670984339981,1.10498812638365
2020-05-02,418,0.779220779220779,0.0347783254034378,0.711056513987427,0.847385044454132
2020-05-03,306,0.345397206787806,0.0227748173721326,0.300759384983949,0.390035028591663
2020-05-04,519,0.617613979037963,0.0301006635410762,0.558617762586696,0.67661019548923
2020-05-05,815,0.911188196046539,0.0368929316748456,0.838879378679744,0.983497013413333
2020-05-06,906,1.06032490721938,0.0408725215109781,0.980216237100527,1.14043357733824
2020-05-07,876,0.934484509903504,0.0397743020974123,0.85652831028236,1.01244070952465
2020-05-08,654,1.00768268715383,0.0424310955406036,0.924519268069672,1.09084610623799
2020-05-09,502,0.641139804096171,0.0345679415433997,0.573387883651422,0.70889172454092
2020-05-10,230,0.443117536140792,0.0289058008486912,0.38646320753307,0.499771864748514
2020-05-11,421,0.835231263702348,0.0400003229306294,0.756832071388343,0.913630456016353
2020-05-12,610,1.12685663989438,0.0472402878102713,1.03426737716694,1.21944590262182
2020-05-13,673,1.28089419605665,0.0516506391320629,1.17966080357933,1.38212758853397
2020-05-14,552,0.662868856366497,0.0377092917197937,0.588960002713186,0.736777710019807
2020-05-15,564,0.833052844160216,0.042456304234538,0.749840016943846,0.916265671376585
2020-05-16,344,0.518001469507715,0.0337906900442819,0.451772934008166,0.584230005007264
2020-05-17,235,0.274887636264309,0.0247857834565034,0.226308393360954,0.323466879167665
2020-05-18,436,0.710225060353555,0.0407342008585687,0.63038749373174,0.79006262697537
2020-05-19,569,1.14907526401073,0.053751473693325,1.04372431145586,1.2544262165656
2020-05-20,615,1.37324268619067,0.0616604168523336,1.25239048988837,1.49409488249297
2020-05-21,309,1.23311976343026,0.060386134618025,1.11476511441334,1.35147441244718
2020-05-22,385,1.05480556115253,0.0564624471859845,0.944141198189004,1.16546992411605
2020-05-23,235,0.855756215127604,0.0504259185632719,0.756923230856241,0.954589199398967
2020-05-24,123,0.390214570542439,0.033338280649559,0.324872741162815,0.455556399922064
2020-05-25,304,0.307317073170732,0.0290387339019284,0.25040220056631,0.364231945775154
2020-05-26,457,0.727657192611481,0.0451273833787468,0.639209146472606,0.816105238750356
2020-05-27,496,1.29008600573372,0.0622134716247582,1.16814984199599,1.41202216947145
2020-05-28,417,1.48497348261638,0.0701584024737222,1.34746554055502,1.62248142467774
2020-05-29,349,1.33782329733392,0.0692698646006662,1.20205685750265,1.47358973716519
2020-05-30,288,0.941361763993215,0.0584933739014941,0.826716857812052,1.05600667017438
2020-05-31,137,0.416088765603329,0.0379835338075705,0.341642407334931,0.490535123871726
2020-06-01,112,0.809924581921522,0.0515342670636191,0.708919274507159,0.910929889335884
2020-06-02,260,1.26724044798156,0.0640871041087424,1.14163203205496,1.39284886390817
2020-06-03,430,1.55742523330149,0.0717623667161057,1.41677357909257,1.69807688751041
2020-06-04,448,0.861548776399598,0.0537419361108998,0.756216517162782,0.966881035636414
2020-06-05,373,0.987537695745377,0.0568264087391799,0.876159981245832,1.09891541024492
2020-06-06,259,0.877085730724971,0.0532791638012043,0.772660488548201,0.981510972901742
2020-06-07,120,0.480974775545105,0.0392714259745058,0.404004195013543,0.557945356076667
2020-06-08,247,0.716719876600782,0.0481030885072863,0.622439555581358,0.811000197620206
2020-06-09,391,1.5613791084108,0.0717165176464736,1.42081731672709,1.70194090009452
2020-06-10,471,2.80289955125992,0.0983624911893339,2.61011261109919,2.99568649142066
2020-06-11,257,2.48636099825885,0.0930497217589371,2.30398689483986,2.66873510167784
2020-06-12,302,3.00623656671717,0.0976380246397702,2.81486955490159,3.19760357853275
2020-06-13,271,1.4160036030626,0.0618584046121221,1.29476335788174,1.53724384824347
2020-06-14,150,0.411645128502977,0.0299427771559478,0.35295836368021,0.470331893325743
2020-06-15,222,0.732639888171689,0.0368165396289914,0.660480796463474,0.804798979879904
2020-06-16,474,0.83519945344821,0.0377690248391589,0.76117352503226,0.90922538186416
2020-06-17,812,0.754975978037063,0.0359920675418721,0.68443282192586,0.825519134148265
2020-06-18,714,0.887468938587149,0.039688817492009,0.809680285713828,0.965257591460471
2020-06-19,948,0.895840739424103,0.0410607929703358,0.815363064025589,0.976318414822616
2020-06-20,524,0.55959595959596,0.0336228625799863,0.493696359882047,0.625495559309872
2020-06-21,189,0.357270198958853,0.0276463980246454,0.303084254528289,0.411456143389418
2020-06-22,396,0.773593863221809,0.0417093858021845,0.691844969232241,0.855342757211377
2020-06-23,489,0.876078198091015,0.0461733752397297,0.785580045576491,0.966576350605539
2020-06-24,440,1.08592605360683,0.0529877657465807,0.982071941122283,1.18978016609137
2020-06-25,500,1.06515307046676,0.0537983542234799,0.95971023376121,1.17059590717231
2020-06-26,476,0.949778573447659,0.0518146691222746,0.848223688097141,1.05133345879818
2020-06-27,277,0.615350046544474,0.042163090448412,0.532711907788682,0.697988185300266
2020-06-28,167,0.324785232970332,0.0305532246398019,0.264902013064758,0.384668452875905
2020-06-29,344,0.691271236086702,0.0449979247092479,0.603076924277531,0.779465547895873
2020-06-30,360,0.907282951584145,0.0529138162787478,0.80357377739323,1.01099212577506
2020-07-01,420,1.20792079207921,0.063139031253165,1.08417056480426,1.33167101935416
2020-07-02,392,1.18532788174241,0.0647613803111763,1.05839790874341,1.31225785474142
2020-07-03,336,1.23399014778325,0.0675209367579941,1.10165154353518,1.36632875203133
2020-07-04,213,0.774449776601026,0.0536984303808967,0.669202787028137,0.879696766173915
2020-07-05,113,0.39358074222668,0.0376981980261565,0.319693631813355,0.467467852640006
2020-07-06,236,0.919811320754717,0.0570442765209803,0.808006593249452,1.03161604825998
2020-07-07,294,1.32210677176639,0.068826129388386,1.18721003696986,1.45700350656292
2020-07-08,366,1.54573095570712,0.0756041723651688,1.39754950079044,1.69391241062381
2020-07-09,335,1.69528254709118,0.0797393834927587,1.53899622729595,1.85156886688642
2020-07-10,334,1.51491685686338,0.0745441852364339,1.36881293854309,1.66102077518368
2020-07-11,208,1.23353751914242,0.0651944836737445,1.1057586791512,1.36131635913364
2020-07-12,109,0.426630148530496,0.0367184768944135,0.35466325625028,0.498597040810713
2020-07-13,260,1.07045631319679,0.0558773647089746,0.960938690816186,1.17997393557739
2020-07-14,369,1.21536803398212,0.058884773652746,1.09995599838495,1.3307800695793
2020-07-15,418,1.68356742457643,0.0690776081517828,1.54817780046077,1.8189570486921
2020-07-16,452,1.62781121317707,0.0681217790992313,1.49429497957978,1.76132744677435
2020-07-17,413,1.72205438066465,0.0687722275503923,1.58726329152929,1.85684546980001
2020-07-18,358,0.936473165388828,0.0492880613362541,0.839870340301969,1.03307599047569
2020-07-19,135,0.27474821270156,0.0254004812496811,0.2249641842622,0.32453224114092
2020-07-20,367,0.953939334733552,0.0457905533883644,0.864191499260199,1.0436871702069
2020-07-21,426,1.39000338376758,0.0549876840227587,1.28222950348971,1.49777726404546
2020-07-22,594,1.69975678761106,0.0616161354133139,1.57899138133442,1.8205221938877
2020-07-23,571,1.67996997372701,0.0615080708388485,1.55941637012433,1.80052357732969
2020-07-24,627,1.61817303044949,0.0593251016301946,1.50189796787513,1.73444809302385
2020-07-25,361,0.951254141031709,0.0439248350234083,0.865163046358965,1.03734523570445
2020-07-26,117,0.435085419312549,0.0283216484619679,0.379576008344287,0.49059483028081
2020-07-27,434,1.15678136296693,0.044623809869878,1.06932030276901,1.24424242316485
2020-07-28,639,1.3009019889044,0.0470034994632911,1.20877682280901,1.3930271549998
2020-07-29,761,1.65234308596037,0.0529989291929355,1.54846709352303,1.75621907839771
2020-07-30,746,1.72146856563075,0.0539541938303312,1.61572028890841,1.8272168423531
2020-07-31,744,1.47938517179024,0.0490681088192159,1.38321344571508,1.57555689786539
2020-08-01,469,0.979272240394556,0.0386487924796635,0.903521999088453,1.05502248170066
2020-08-02,236,0.382949094847594,0.0230926992984671,0.337688235916785,0.428209953778403
2020-08-03,672,1.19566164300026,0.0395273546360855,1.11818945150939,1.27313383449113
2020-08-04,766,1.27323594306563,0.0406512951185534,1.19356086870836,1.3529110174229
2020-08-05,972,1.68266867173718,0.0467949886830986,1.59095217926135,1.77438516421301
2020-08-06,1018,1.56082931281784,0.045113688595661,1.47240810796059,1.64925051767509
2020-08-07,909,1.3921200750469,0.0417281483867724,1.31033440706729,1.47390574302652
2020-08-08,642,0.734006205081884,0.0294073376452469,0.676368882415991,0.791643527747776
2020-08-09,275,0.354766382178504,0.0196186257630824,0.316314582256693,0.393218182100315
2020-08-10,915,1.21537107384416,0.0355925923539968,1.14561087471391,1.28513127297441
2020-08-11,981,1.21799445568643,0.0358078818535446,1.14781229689082,1.28817661448204
2020-08-12,1293,1.37006745865918,0.0383695635227065,1.29486449605216,1.44527042126621
2020-08-13,1197,1.29218761292188,0.0374272092974606,1.21883163065701,1.36554359518674
2020-08-14,1113,1.33644915103828,0.0377251153653825,1.26250928360951,1.41038901846705
2020-08-15,623,0.665065391776036,0.0262276187735201,0.61366020357969,0.716470579972382
2020-08-16,327,0.386560104387539,0.0194499496796788,0.348438903514252,0.424681305260826
2020-08-17,1166,1.00863634915071,0.0310533447890214,0.947772911764719,1.06949978653669
2020-08-18,1157,1.01542555493055,0.0314416938595466,0.953800967352907,1.0770501425082
2020-08-19,1275,1.09494202655016,0.0332258586186202,1.02982054030224,1.16006351279807
2020-08-20,1192,1.08672246726635,0.0336493354536627,1.02077098167346,1.15267395285924
2020-08-21,1255,1.09393564944632,0.0342021934141617,1.02690058216229,1.16097071673035
2020-08-22,643,0.63301301253325,0.0261272431537471,0.581804556936585,0.684221468129915
2020-08-23,395,0.396289057901057,0.020491619352036,0.356126221986163,0.436451893815952
2020-08-24,1055,0.920397715853068,0.0312944611869228,0.859061699011112,0.981733732695023
2020-08-25,1043,1.01364810033198,0.033491875950767,0.948005229693795,1.07929097097017
2020-08-26,1086,1.14764634804741,0.0364378079883314,1.07622955671469,1.21906313938012
2020-08-27,1043,1.27344283362114,0.0391689527497101,1.19667309691956,1.35021257032272
2020-08-28,1023,1.27550880276855,0.039704854744124,1.19768871745867,1.35332888807842
2020-08-29,587,0.898808955346058,0.0332209349158132,0.833697119378315,0.963920791313801
2020-08-30,374,0.410146275028482,0.0219861481287533,0.367054216537363,0.453238333519602
2020-08-31,865,1.12054523301858,0.0357762559321485,1.05042505988988,1.19066540614728
2020-09-01,916,1.02847918828548,0.0344360302618888,0.96098580920165,1.09597256736932
2020-09-02,992,1.34370139968896,0.0395891821504132,1.26610802849675,1.42129477088116
2020-09-03,1057,1.31574425336735,0.0395634283729245,1.23820135865149,1.39328714808321
2020-09-04,1032,1.45881457370853,0.0415113267842425,1.37745386826094,1.54017527915611
2020-09-05,732,1.04057616873513,0.0347051582933791,0.972555308402345,1.10859702906791
2020-09-06,348,0.552594365277929,0.0245174103548018,0.504541123988328,0.60064760656753
2020-09-07,981,1.11866523292518,0.034118969740376,1.05179328104443,1.18553718480593
2020-09-08,892,1.42782247954229,0.0382696594460119,1.3528153253275,1.50282963375709
2020-09-09,1152,1.64247412821476,0.0410234117678219,1.56206971862687,1.72287853780265
2020-09-10,1106,1.76017922150658,0.0421245010903356,1.6776167165028,1.84274172651036
2020-09-11,1235,1.57622932415238,0.0389459636476381,1.49989663805981,1.65256201024496
2020-09-12,899,0.917932531071217,0.0285463437990376,0.861982725334805,0.973882336807629
2020-09-13,508,0.383013035882274,0.0175738433417847,0.348568935862427,0.417457135902121
2020-09-14,1075,0.941997383340602,0.0266650500845217,0.889734845528983,0.994259921152221
2020-09-15,1392,1.07117782755508,0.0283861556579551,1.01554198480594,1.12681367030422
2020-09-16,1603,1.31540710097609,0.0318098870328071,1.2530608680395,1.37775333391267
2020-09-17,1746,1.51660059247018,0.0346385867759437,1.44871020991396,1.58449097502639
2020-09-18,1638,1.47340458392537,0.0342097625442325,1.40635468141901,1.54045448643174
2020-09-19,1034,1.12727272727273,0.029532432779872,1.06939022264833,1.18515523189713
2020-09-20,475,0.492567224963178,0.0188890908100232,0.455545287274826,0.52958916265153
2020-09-21,1248,0.947267918980973,0.0254168488633328,0.897451810608343,0.997084027353603
2020-09-22,1424,1.19467249687667,0.0282767671438662,1.13925105167547,1.25009394207788
2020-09-23,1710,1.52043085941278,0.0319049529541973,1.4578983006941,1.58296341813145
2020-09-24,1917,1.66130592231044,0.0334815526126686,1.59568328504313,1.72692855957776
2020-09-25,1855,1.6156897311591,0.0326819050532612,1.55163437430855,1.67974508800965
2020-09-26,1457,1.14096950035157,0.0267373931732816,1.08856517269145,1.19337382801169
2020-09-27,680,0.549757769565134,0.0177711448575433,0.514926965680305,0.584588573449963
2020-09-28,1389,1.05920076004988,0.0237917538870576,1.0125697793022,1.10583174079755
2020-09-29,1785,1.53292644865971,0.0282378254634115,1.47758132774969,1.58827156956972
2020-09-30,2271,1.92019577655737,0.0315082701502179,1.85844070184778,1.98195085126695
2020-10-01,2462,1.95397901488087,0.0314544797129542,1.89232936749103,2.0156286622707
2020-10-02,2444,1.95063899698273,0.0304045947524017,1.89104708630349,2.01023090766198
2020-10-03,1821,1.30958612091855,0.023681833489905,1.26317058019046,1.35600166164664
2020-10-04,957,0.702318022267088,0.0162714923216384,0.670426483341957,0.734209561192219
2020-10-05,1982,1.16770162888583,0.0199178345239084,1.12866339056894,1.20673986720272
2020-10-06,2947,1.44283481799619,0.0215492542180679,1.40059905583508,1.4850705801573
2020-10-07,3714,1.84535666030561,0.0240489664218715,1.79822155225333,1.89249176835789
2020-10-08,3859,1.9494288168494,0.0243583470889546,1.90168733383212,1.99717029986667
2020-10-09,4116,1.84094027082645,0.0229383961338761,1.79598184054094,1.88589870111196
2020-10-10,3058,1.1799147202953,0.0175269225965022,1.14556258324633,1.21426685734426
2020-10-11,1863,0.680211333774896,0.0125364612063128,0.655640321316939,0.704782346232852
2020-10-12,3437,1.10442495268087,0.0152497759823778,1.07453594098311,1.13431396437864
2020-10-13,4483,1.54992591862032,0.0176825756276974,1.51526870723612,1.58458313000451
2020-10-14,5888,1.96708624646951,0.0197569931282301,1.92836325149537,2.00580924144365
2020-10-15,6405,2.17401179820905,0.0204758596069493,2.13387985082694,2.21414374559117
2020-10-16,6441,2.07264974327443,0.0192973775245551,2.03482757833023,2.11047190821863
2020-10-17,4532,1.45948023386985,0.0152877546948359,1.42951678526349,1.48944368247621
2020-10-18,2944,0.79010574928671,0.0104836147729219,0.769558241903991,0.810653256669429
2020-10-19,5245,1.15681804481612,0.0119431074643114,1.13340998432257,1.18022610530966
2020-10-20,7683,1.45907140689678,0.0129665784569687,1.43365738011841,1.48448543367515
2020-10-21,9913,1.73427789286771,0.0138733352778947,1.70708665537759,1.76146913035784
2020-10-22,11273,1.75372075104424,0.0137206373707646,1.72682879595261,1.78061270613588
2020-10-23,11536,1.58909026748377,0.0126778804890882,1.56424207832485,1.61393845664269
2020-10-24,9114,1.05129284600325,0.0099050828167428,1.03187924041855,1.07070645158795
2020-10-25,5680,0.688447865566383,0.0076447032314718,0.673464522560201,0.703431208572564
2020-10-26,9382,0.960283354507445,0.0087230027252434,0.943186583328923,0.977380125685966
2020-10-27,12662,1.17959505337746,0.0095414510843812,1.16089415289182,1.19829595386309
2020-10-28,15627,1.30299673127515,0.0100277997905702,1.28334260484145,1.32265085770884
2020-10-29,16337,1.36038739423287,0.010252849542292,1.34029217839107,1.38048261007467
2020-10-30,15711,1.26506500093884,0.0098354125228535,1.24578794662095,1.28434205525673
2020-10-31,11265,0.91089326381744,0.0082276422064322,0.894767381415151,0.927019146219729
2020-11-01,8110,0.544955681838842,0.0062265402549725,0.532751887190807,0.557159476486877
2020-11-02,12119,0.864480455214507,0.0077170376524237,0.849355339348417,0.879605571080597
2020-11-03,15284,1.05734346987126,0.0085514694866999,1.04058289766243,1.07410404208008
2020-11-04,16884,1.23956207671751,0.0093627213583648,1.22121148005783,1.25791267337719
2020-11-05,17605,1.31778970133584,0.0097793975939593,1.29862243426118,1.33695696841049
2020-11-06,16544,1.21462538942011,0.0094210805277159,1.19616041089034,1.23309036794989
2020-11-07,12257,0.868565151380691,0.0079055260781636,0.853070604988648,0.884059697772734
2020-11-08,7660,0.47975454740638,0.0057642990809365,0.468456728811627,0.491052366001133
2020-11-09,12549,0.810675866846292,0.0073958033847547,0.796180358575433,0.825171375117151
2020-11-10,15288,1.10250755632848,0.0086730996092983,1.08550859345992,1.11950651919703
2020-11-11,17528,1.28644650132362,0.0095169697062026,1.2677935834575,1.30509941918974
2020-11-12,18158,1.33272808780038,0.0098340918612826,1.31345362193161,1.35200255366915
2020-11-13,16622,1.26475675351017,0.0096118791221149,1.24591781660707,1.28359569041327
2020-11-14,12071,0.818203297092312,0.0076537823730718,0.803202159295584,0.833204434889041
2020-11-15,6927,0.457578668112841,0.0056006719435273,0.446601552814304,0.468555783411379
2020-11-16,12015,0.801976240701676,0.0073091402420641,0.787650589069278,0.816301892334075
2020-11-17,16159,1.01199698074364,0.0082543956071184,0.99581866263954,1.02817529884774
2020-11-18,18272,1.19065377564322,0.0091102196306392,1.17279807327591,1.20850947801052
2020-11-19,18366,1.25732843017132,0.0095350707530066,1.23864003490538,1.27601682543725
2020-11-20,17314,1.15905779743662,0.0092505828739824,1.14092698816761,1.17718860670563
2020-11-21,11428,0.838203484903417,0.007857390385153,0.822803282736046,0.853603687070788
2020-11-22,6675,0.449937687712781,0.005676797545832,0.438811368975425,0.461064006450137
2020-11-23,12039,0.733867991007013,0.0071792748645054,0.719796870837469,0.747939111176558
2020-11-24,15031,1.06383552495386,0.0087144029575093,1.04675560901037,1.08091544089735
2020-11-25,17081,1.30956379983204,0.0098508004754344,1.2902565856813,1.32887101398278
2020-11-26,17388,1.45897468384773,0.0106023865400067,1.43819438807914,1.47975497961631
2020-11-27,15699,1.37432382791773,0.0103640676420107,1.35401062860606,1.39463702722941
2020-11-28,11380,0.92553305148125,0.0084042185612944,0.90906108578291,0.94200501717959
2020-11-29,6282,0.522249857035956,0.0061398683905008,0.510215936120759,0.534283777951154
2020-11-30,10449,0.900507706685915,0.0078761941732208,0.885070649771158,0.915944763600672
2020-12-01,14903,1.1990336555242,0.0090586675712629,1.1812789933366,1.2167883177118
2020-12-02,17673,1.48434996714725,0.0101560660626782,1.46444444343979,1.5042554908547
2020-12-03,18936,1.60287875934194,0.0106178855470504,1.58206808607775,1.62368943260613
2020-12-04,17584,1.45243094343162,0.010024874131379,1.43278255118457,1.47207933567867
2020-12-05,12128,1.05787589892097,0.0083504664290695,1.04150928546588,1.07424251237605
2020-12-06,7235,0.563531335179513,0.0058729864444055,0.552020493266786,0.57504217709224
2020-12-07,13072,0.893489745978765,0.0071734434530361,0.879430055165679,0.907549436791851
2020-12-08,17520,1.1911982615712,0.0082079413916186,1.17511099205641,1.20728553108598
2020-12-09,21361,1.40109181241873,0.0089301314888768,1.38358907632333,1.41859454851414
2020-12-10,22789,1.43520554811125,0.0090872202776918,1.41739492364739,1.45301617257511
2020-12-11,20991,1.32813719030505,0.0086897347235927,1.3111056232116,1.3451687573985
2020-12-12,16049,0.916656554563587,0.0070926643447084,0.902755187893527,0.930557921233647
2020-12-13,9207,0.557801677437667,0.0053816695595932,0.547253798924169,0.568349555951165
2020-12-14,15514,0.837493205403761,0.0064625544888584,0.824826831357471,0.850159579450051
2020-12-15,21062,1.17268701831295,0.0076354837632897,1.15772174513236,1.18765229149353
2020-12-16,24616,1.37907976706392,0.0083688249388501,1.36267717159086,1.39548236253699
2020-12-17,24944,0.830937283982372,0.0065525707695202,0.818094481267962,0.843780086696782
2020-12-18,23360,0.493137165874812,0.005034633692252,0.483269465162646,0.503004866586978
2020-12-19,16703,0.457696384178599,0.004847488726492,0.448195480859211,0.467197287497988
2020-12-20,10743,0.406923959978323,0.0046196639669433,0.397869584982436,0.415978334974209
2020-12-21,16794,0.722395847555027,0.0063519754750635,0.709946204393221,0.734845490716833
2020-12-22,23588,1.35615901288079,0.0091146799383927,1.33829456847094,1.37402345729065
2020-12-23,27155,1.61165092268372,0.0104342939159559,1.59120008240434,1.6321017629631
2020-12-24,16081,1.03954083147119,0.0086056591735867,1.02267404942773,1.05640761351464
2020-12-25,9594,0.551052305497146,0.0062286676280578,0.538844341274482,0.56326026971981
2020-12-26,8915,0.535339160564775,0.0060295270841358,0.52352150463606,0.54715681649349
2020-12-27,7759,0.440473541323601,0.0054226761737021,0.429845291323322,0.451101791323881
2020-12-28,12934,0.780566216399598,0.0072573924858499,0.766341988505661,0.794790444293535
2020-12-29,22138,1.57670410625051,0.0106067795061642,1.55591520042647,1.59749301207455
2020-12-30,23857,1.81552031883045,0.0118441567679602,1.792306198138,1.8387344395229
2020-12-31,14592,1.74148482666686,0.0118178855026272,1.71832219670829,1.76464745662542
2021-01-01,7827,1.50480286393475,0.0107866323108801,1.48366145309095,1.52594427477855
2021-01-02,7883,0.906552315824737,0.008010050586673,0.890852905160514,0.92225172648896
2021-01-03,6598,0.396061259853221,0.0050231012344951,0.386216162342912,0.40590635736353
2021-01-04,11568,0.663380737961388,0.0062320185495858,0.651166206053215,0.675595269869562
2021-01-05,22097,1.05790625202093,0.0078079046478502,1.04260304011642,1.07320946392544
2021-01-06,23496,1.13550801325467,0.0082578579233867,1.11932290913538,1.15169311737395
2021-01-07,21715,1.03214348514155,0.0080831320571183,1.01630083742732,1.04798613285578
2021-01-08,19462,0.963656102228118,0.0079573092294626,0.948060062724523,0.979252141731713
2021-01-09,12809,0.717397685606709,0.0069444373300332,0.703786838546948,0.731008532666469
2021-01-10,6217,0.335530315891341,0.0047522489609646,0.326216079082282,0.3448445527004
2021-01-11,11331,0.524005260191621,0.0059530679620361,0.512337461388511,0.535673058994731
2021-01-12,18358,1.04534704820814,0.0085805333497906,1.02852951187441,1.06216458454187
2021-01-13,18908,1.19764427553922,0.009509307038835,1.17900637622517,1.21628217485327
2021-01-14,16305,1.10352993440262,0.0094315352942931,1.08504446490689,1.12201540389835
2021-01-15,14666,1.03123738393218,0.0093131307941396,1.01298398299235,1.049490784872
2021-01-16,10672,0.789381668083316,0.00820493913049,0.773300282892212,0.80546305327442
2021-01-17,4985,0.319958342854788,0.0051931436612114,0.309779968312271,0.330136717397305
2021-01-18,7748,0.484032605668145,0.0063490948484011,0.47158860843085,0.49647660290544
2021-01-19,14842,1.06695584250599,0.0095699767258861,1.04819903279036,1.08571265222161
2021-01-20,15862,1.17372946179971,0.0103796730381789,1.15338567647358,1.19407324712584
2021-01-21,13690,1.0383346441147,0.0100823445121959,1.01857361199107,1.05809567623833
2021-01-22,12261,1.0375325537456,0.0102938124650033,1.01735705205058,1.05770805544061
2021-01-23,9256,0.798048264757129,0.0091248729685028,0.78016384237536,0.815932687138897
2021-01-24,3796,0.324954780764673,0.0058120379835316,0.313563395640172,0.336346165889174
2021-01-25,5812,0.515738939577997,0.0072900059377777,0.50145079049287,0.530027088663125
2021-01-26,12430,1.0537731351456,0.0105790704955276,1.03303853798445,1.07450773230674
2021-01-27,12787,1.19641995846709,0.0116448516037142,1.17359646871849,1.21924344821568
2021-01-28,10606,1.11146314172619,0.01156394683307,1.08879822241424,1.13412806103814
2021-01-29,10159,1.02301985629255,0.011307711546719,1.00085714891341,1.04518256367168
2021-01-30,7649,0.836723131113469,0.0103149904058607,0.816506121417106,0.856940140809832
2021-01-31,3126,0.293168223318292,0.006076106914966,0.281259272598743,0.30507717403784
2021-02-01,5005,0.436063471047024,0.0073571673108736,0.421643688089476,0.450483254004572
2021-02-02,9922,0.929528535274143,0.0109092379907313,0.908146821713533,0.950910248834752
2021-02-03,10556,1.12193494121304,0.012404077683367,1.0976233956922,1.14624648673388
2021-02-04,9238,1.12679043522866,0.012912436476058,1.10148252478293,1.1520983456744
2021-02-05,8185,1.093256994797,0.0130893785764806,1.06760228420709,1.11891170538691
2021-02-06,6580,0.734894024861496,0.0109055849571933,0.713519471115055,0.756268578607937
2021-02-07,2328,0.477097189444325,0.0087618236795078,0.4599243305936,0.494270048295051
2021-02-08,3513,0.599577679998868,0.0097689446118839,0.580430900392609,0.618724459605127
2021-02-09,7260,1.23326597625663,0.0141511867115305,1.20553015996353,1.26100179254973
2021-02-10,8181,1.38985919448086,0.0154058363500908,1.35966431008297,1.42005407887876
2021-02-11,7615,1.3273682915253,0.0152752808458455,1.29742929121371,1.3573072918369
2021-02-12,6976,1.26284015226401,0.0149451155102553,1.23354826411912,1.2921320404089
2021-02-13,4541,1.10127521526807,0.0137853394742118,1.07425644638396,1.12829398415218
2021-02-14,2965,0.391465932553338,0.0080411803075379,0.375705508757371,0.407226356349305
2021-02-15,3767,0.583709364216761,0.0095780193673414,0.564936791213545,0.602481937219978
2021-02-16,7595,1.30494486369079,0.0142969564769156,1.2769233439075,1.33296638347408
2021-02-17,8139,1.49761191613373,0.0155714272336043,1.46709247956798,1.52813135269948
2021-02-18,7551,1.34822060980575,0.0150192183194036,1.31878348282377,1.37765773678772
2021-02-19,7140,1.26659259368632,0.0145049761879814,1.23816336276127,1.29502182461138
2021-02-20,6382,0.938629191074767,0.0122867328322254,0.914547637235939,0.962710744913594
2021-02-21,2370,0.396945891525205,0.0077847494104904,0.381688063051975,0.412203719998436
2021-02-22,3714,0.585648730964467,0.0092529823568581,0.56751321879544,0.603784243133494
2021-02-23,8331,1.26857686168866,0.0136572015150777,1.2418092385895,1.29534448478782
2021-02-24,9250,1.39023738933357,0.0146348886020721,1.36155353475575,1.41892124391139
2021-02-25,8058,1.27104384551009,0.0142267162735105,1.24315999399574,1.29892769702444
2021-02-26,7625,1.22102231821454,0.0139766928519904,1.19362850360166,1.24841613282742
2021-02-27,5836,1.03903804399955,0.0127703398384257,1.0140086378459,1.0640674501532
2021-02-28,2600,0.374334867845324,0.0075153100026293,0.359605130907517,0.389064604783131
2021-03-01,4006,0.56082773270356,0.0089989092165608,0.543190194738955,0.578465270668165
2021-03-02,8628,1.32940230932896,0.0138818734873906,1.30219433725573,1.35661028140219
2021-03-03,9024,1.67663001497861,0.0159181706361725,1.64543097383195,1.70782905612527
2021-03-04,7982,1.64348559176791,0.0160181954887245,1.61209050551269,1.67488067802314
2021-03-05,7632,1.56445537704666,0.0155086727194016,1.53405893706861,1.59485181702471
2021-03-06,6620,1.21644583650015,0.0132915136602075,1.19039494842612,1.24249672457418
2021-03-07,2481,0.490069744271006,0.0080686999078367,0.474255383049585,0.505884105492428
2021-03-08,3884,0.689768856002051,0.0091773605500145,0.671781559850884,0.707756152153219
2021-03-09,9171,1.47989100214254,0.0132476802494452,1.45392602597492,1.50585597831015
2021-03-10,11094,1.78511342268775,0.0146581984844771,1.75638388157993,1.81384296379556
2021-03-11,10527,1.64991386573788,0.0141147225474084,1.62224951789319,1.67757821358258
2021-03-12,10176,1.48474639208754,0.0131259919480517,1.459019920608,1.51047286356709
2021-03-13,8376,1.13837282638076,0.0110940714225083,1.11662884595072,1.16011680681079
2021-03-14,3689,0.446285582653377,0.0066535719947935,0.433244821175038,0.459326344131717
2021-03-15,5649,0.705276884433426,0.0080604388507436,0.689478714586381,0.721075054280471
2021-03-16,12479,1.41885413463104,0.0113287409157268,1.39665021044603,1.44105805881605
2021-03-17,14831,1.70377280563506,0.012551514977604,1.67917228832755,1.72837332294258
2021-03-18,13664,1.65258427854322,0.0124367000012102,1.62820879445432,1.67695976263213
2021-03-19,12795,1.45106426295796,0.0114727458758996,1.42857809423742,1.47355043167851
2021-03-20,10529,1.07407337403368,0.0095579920306138,1.05534005388916,1.09280669417821
2021-03-21,4499,0.460104768151317,0.006001763646354,0.448341527560741,0.471868008741893
2021-03-22,7656,0.676550199543276,0.007025704776551,0.662780071215225,0.690320327871327
2021-03-23,15686,1.18282076542693,0.0092188689565543,1.16475211429389,1.20088941655998
2021-03-24,18426,1.41358825437071,0.010207278122218,1.39358235687098,1.43359415187044
2021-03-25,17657,1.32494281488868,0.0100213543812282,1.30530132122516,1.3445843085522
2021-03-26,15997,0.954139242086371,0.0085102852896451,0.937459389420505,0.970819094752236
2021-03-27,12628,0.630915321804249,0.0068500909996645,0.617489390154085,0.644341253454414
2021-03-28,5877,0.410264775341526,0.0054470058158442,0.399588840118891,0.420940710564161
2021-03-29,9273,0.414061290265936,0.0054538431670603,0.403371954081168,0.424750626450704
2021-03-30,16462,0.663555533071207,0.0070376294188334,0.649762032873753,0.67734903326866
2021-03-31,19179,1.49488844249946,0.0109841092617753,1.47335998394413,1.51641690105479
2021-04-01,17480,1.81460004624771,0.0127038074570349,1.78970104116539,1.83949905133003
2021-04-02,12570,1.78237645997083,0.0129744953228186,1.75694691642052,1.80780600352113
2021-04-03,8483,1.32964683238386,0.0111101342635109,1.30787136936397,1.35142229540374
2021-04-04,5673,0.583564929004889,0.0070115912441373,0.569822462692063,0.597307395317715
2021-04-05,5764,0.755719226259764,0.0075715919801119,0.740879178673112,0.770559273846416
2021-04-06,8890,1.51370338666981,0.0103863637034345,1.49334648788075,1.53406028545888
2021-04-07,18522,1.59549449576992,0.0106043944770652,1.57471026451702,1.61627872702283
2021-04-08,20403,1.38703504996061,0.0098378702986081,1.36775317849077,1.40631692143046
2021-04-09,18872,1.24542916302068,0.0091402875334557,1.22751452864677,1.26334379739459
2021-04-10,14323,0.87136121484151,0.0074383000552462,0.856782414627025,0.885940015055994
2021-04-11,6927,0.415813234055815,0.0050189130294977,0.40597634527646,0.425650122835169
2021-04-12,9962,0.578505720694105,0.0058239158851703,0.567091055310181,0.58992038607803
2021-04-13,21240,1.29722171312088,0.0087732263021125,1.28002650554052,1.31441692070124
2021-04-14,22637,1.46989584004289,0.0095720608694595,1.45113494548092,1.48865673460485
2021-04-15,19878,1.30572990411327,0.0091786811741037,1.28774001958645,1.32371978864009
2021-04-16,18566,1.20449081121857,0.0088165998086274,1.18721059312755,1.22177102930958
2021-04-17,13723,0.879894400405895,0.007429039633325,0.865333750284857,0.894455050526933
2021-04-18,6864,0.400316855937055,0.004897231580663,0.390718458415003,0.409915253459107
2021-04-19,9867,0.584747832184237,0.0058078300197017,0.573364694517291,0.596130969851183
2021-04-20,21863,1.16466118288147,0.0082382821055107,1.14851444666019,1.18080791910276
2021-04-21,23581,1.20153123136863,0.0085740583758211,1.18472638575067,1.21833607698658
2021-04-22,20237,1.08900510171464,0.0083439480766435,1.07265126399554,1.10535893943373
2021-04-23,18664,1.01363168892761,0.008148522762625,0.99766087778566,1.02960250006956
2021-04-24,14028,0.789984890999353,0.007224800045549,0.775824543114573,0.804145238884132
2021-04-25,6682,0.340206050437792,0.0047218971001009,0.33095130218289,0.349460798692694
2021-04-26,10137,0.501048810818765,0.00570331880604,0.489870511366576,0.512227110270953
2021-04-27,19986,1.12272977435333,0.008680669672188,1.10571597443415,1.13974357427251
2021-04-28,19638,1.18786178339174,0.0092337908256152,1.16976388593276,1.20595968085072
2021-04-29,17034,1.03442585214097,0.0088763310492443,1.0170285629696,1.05182314131235
2021-04-30,15474,0.981347277544789,0.008802825638937,0.964094056330287,0.998600498759292
2021-05-01,11956,0.765132295601913,0.0078348492067284,0.749776273332423,0.780488317871403
2021-05-02,5191,0.335008702273952,0.0051729928181869,0.324869822658021,0.345147581889882
2021-05-03,7718,0.484682883404808,0.0062067459975622,0.472517884788398,0.496847882021219
2021-05-04,16728,1.10183694439713,0.0095298071397152,1.08315886562367,1.12051502317058
2021-05-05,16549,1.17005904739234,0.010177505227177,1.15011150369461,1.19000659109008
2021-05-06,13581,0.698610355363945,0.0081113212925876,0.68271245776344,0.714508252964449
2021-05-07,12428,0.607618597385961,0.0077180088441121,0.59249157801914,0.622745616752783
2021-05-08,9537,0.692363448273515,0.0084072747327482,0.675885492589195,0.708841403957836
2021-05-09,4194,0.350271051509824,0.0061011351384383,0.338313046373673,0.362229056645975
2021-05-10,6098,0.487734836318639,0.0073553872607404,0.473318542195243,0.502151130442035
2021-05-11,13368,1.17687215228056,0.0118375797567543,1.1536709222932,1.20007338226792
2021-05-12,13217,1.1867181615121,0.0124504521354784,1.16231572373532,1.21112059928888
2021-05-13,7418,0.929625885674091,0.0113980901605391,0.907286039466894,0.951965731881288
2021-05-14,6198,0.897924860194169,0.0113990616586179,0.875583109885726,0.920266610502611
2021-05-15,6782,0.681771166822637,0.0100369055003152,0.662099193525787,0.701443140119487
2021-05-16,3296,0.227639388422657,0.0058045591673334,0.216262661508552,0.239016115336763
2021-05-17,4397,0.209850625624848,0.005559078875809,0.198955031241044,0.220746220008651
2021-05-18,9884,0.457847824478764,0.008419678191724,0.441345558461568,0.474350090495961
2021-05-19,9085,0.986708197125763,0.0130830482263217,0.961065893794172,1.01235050045735
2021-05-20,6652,1.0780558070256,0.0147086644769845,1.04922735439003,1.10688425966118
2021-05-21,6205,0.955235739641937,0.0148442393293707,0.926141565178478,0.984329914105397
2021-05-22,4614,0.754018009802804,0.0139061866414606,0.726762384823249,0.781273634782359
2021-05-23,1538,0.305740960708376,0.0089614262648347,0.288176887979189,0.323305033437563
2021-05-24,1425,0.547429323120085,0.0119744317684746,0.523959868118543,0.570898778121628
2021-05-25,2957,1.08931485233732,0.0171169315318876,1.05576628300898,1.12286342166566
2021-05-26,5688,1.01070308407853,0.0169418018092342,0.977497762699217,1.04390840545785
2021-05-27,5372,0.702748447923623,0.014459722169668,0.674407913244618,0.731088982602627
2021-05-28,4141,0.580200106760105,0.0133671048663375,0.554001062644513,0.606399150875696
2021-05-29,2940,0.57136708452144,0.0135809010391968,0.544749007607011,0.597985161435868
2021-05-30,1164,0.280476309562742,0.0098549329770747,0.261160995857619,0.299791623267864
2021-05-31,2090,0.499147706218039,0.0136001995875658,0.472491804843854,0.525803607592225
2021-06-01,4050,1.05832759109886,0.02071174462493,1.01773331757701,1.09892186462071
2021-06-02,3559,0.970713804209422,0.0208864355424263,0.92977714278085,1.011650465638
2021-06-03,2362,0.865206311337635,0.0205477991045758,0.824933365131102,0.905479257544168
2021-06-04,1884,0.758206542137021,0.0198499712207245,0.719301313450245,0.797111770823798
2021-06-05,1770,0.515906198872932,0.0167735573523683,0.483030630569673,0.548781767176191
2021-06-06,810,0.206484906892157,0.0107491748941889,0.185416911236024,0.227552902548289
2021-06-07,1347,0.447692836151292,0.0160094631358836,0.416314864993138,0.479070807309446
2021-06-08,2611,0.777107194293944,0.0219012077351199,0.734181615915179,0.820032772672709
2021-06-09,2160,0.765201496148263,0.0229986317826326,0.720125006160605,0.810277986135921
2021-06-10,1773,0.675689637359231,0.0228817383927576,0.630842254205759,0.720537020512704
2021-06-11,1459,0.703788593771067,0.0246981377990668,0.655381133199688,0.752196054342445
2021-06-12,946,0.543780384413131,0.022917610813222,0.498862692607511,0.588698076218752
2021-06-13,369,0.19238062403034,0.0141060317500285,0.164733309835505,0.220027938225174
2021-06-14,782,0.548120053973232,0.0244881980441261,0.500124067760461,0.596116040186004
2021-06-15,1259,0.930669240839427,0.0332806641066834,0.865440337808753,0.995898143870102
2021-06-16,1107,0.923865428421237,0.0348442445686776,0.855571963998124,0.992158892844351
2021-06-17,872,0.930707605885545,0.0365616477457536,0.859048093088428,1.00236711868266
2021-06-18,812,0.912455246488571,0.0375970634451957,0.83876635621152,0.986144136765622
2021-06-19,563,0.599759659152981,0.0313499395920361,0.538314906635084,0.661204411670878
2021-06-20,186,0.258323765786452,0.0207490641794561,0.217656347281808,0.298991184291096
2021-06-21,501,0.713708540824955,0.0347427881720506,0.645613927285232,0.781803154364679
2021-06-22,782,1.27028049290307,0.0477063852850712,1.17677769591174,1.3637832898944
2021-06-23,703,1.34201912585842,0.0508325991237177,1.24238906233537,1.44164918938147
2021-06-24,648,1.11511193612596,0.0473765663961078,1.02225557227842,1.2079682999735
2021-06-25,589,1.10198261814231,0.0473779332548058,1.00912357530095,1.19484166098368
2021-06-26,366,0.823121645796065,0.0407007459180255,0.743349649652819,0.90289364193931
2021-06-27,155,0.307147331360563,0.0244353296779033,0.25925496524151,0.355039697479616
2021-06-28,422,0.885208452312964,0.0410505590193182,0.804750835089865,0.965666069536063
2021-06-29,709,1.62841150692064,0.0563872789099418,1.51789447107094,1.73892854277034
2021-06-30,697,1.5431945167055,0.0560513489182373,1.43333589154087,1.65305314187013
2021-07-01,554,1.51569016202912,0.05575556389855,1.40641126485024,1.624969059208
2021-07-02,541,1.53049760997423,0.0550838143071341,1.42253531780115,1.6384599021473
2021-07-03,409,1.18455361946939,0.0469706063144185,1.09249292276112,1.27661431617766
2021-07-04,158,0.379920136908158,0.0254985700383651,0.32994385797569,0.429896415840625
2021-07-05,465,1.04787159314414,0.0406959604896929,0.968108976268079,1.1276342100202
2021-07-06,834,2.15229899953346,0.057854155526634,2.03890693834528,2.26569106072164
2021-07-07,758,2.0654098531403,0.0568055170170748,1.95407308566365,2.17674662061694
2021-07-08,739,1.84975619497745,0.052635773774651,1.74659197408074,1.95292041587416
2021-07-09,772,1.81413256832251,0.0496510442874848,1.71681830972424,1.91144682692079
2021-07-10,636,1.26475548060708,0.0390312015081177,1.18825573137785,1.34125522983632
2021-07-11,222,0.430911470924679,0.0213857772228368,0.388996117786522,0.472826824062836
2021-07-12,663,1.18687434035885,0.0337458126364582,1.12073376296235,1.25301491775534
2021-07-13,1384,1.7874386146291,0.0407818998205842,1.70750755975964,1.86736966949857
2021-07-14,1322,1.74906931667846,0.0401793044205376,1.67031932709034,1.82781930626659
2021-07-15,1235,1.66790611892792,0.0385804200039574,1.59228988521174,1.74352235264411
2021-07-16,1335,1.50915520918937,0.0354140817133977,1.43974488448556,1.57856553389319
2021-07-17,1050,0.989078185246208,0.0274956179806439,0.935187764271474,1.04296860622094
2021-07-18,406,0.338189225474915,0.0153248166244676,0.308153136821278,0.368225314128553
2021-07-19,1237,0.929794964962367,0.0245620208029428,0.881654288801076,0.977935641123658
2021-07-20,1921,1.6464284170952,0.0326682593708677,1.58239980529069,1.71045702889971
2021-07-21,1895,1.62996993847358,0.0329169328758642,1.56545393555537,1.6944859413918
2021-07-22,1869,1.48955454846911,0.0314305178142751,1.42795186553768,1.55115723140053
2021-07-23,1816,1.36954863857191,0.0295021606304136,1.31172546627019,1.42737181087364
2021-07-24,1294,0.977737566123589,0.024106788109451,0.930489129646127,1.02498600260105
2021-07-25,487,0.360323465951113,0.0140790028335211,0.332729127459175,0.387917804443052
2021-07-26,1433,0.980905184363737,0.0225808912832411,0.93664745070977,1.0251629180177
2021-07-27,2540,1.70827036322893,0.0298367923462393,1.6497913248161,1.76674940164176
2021-07-28,2452,1.64325693121443,0.0295806363135241,1.58527994940014,1.70123391302871
2021-07-29,2246,1.64078432291789,0.029417210779508,1.58312764926443,1.69844099657135
2021-07-30,2155,1.52791479258281,0.0276843407491698,1.4736544817787,1.58217510338692
2021-07-31,1645,1.10175442219721,0.0226265857261818,1.05740712908079,1.14610171531363
2021-08-01,655,0.394844613487229,0.0129335653416304,0.369495291225938,0.42019393574852
2021-08-02,1887,1.01533268793009,0.0199622805034609,0.976207337094018,1.05445803876616
2021-08-03,3278,1.80427133622453,0.0264449047464875,1.75244027534682,1.85610239710224
2021-08-04,3086,1.89707647089515,0.0272460489173312,1.84367519629616,1.95047774549413
2021-08-05,3111,1.79681877222494,0.0262428183749102,1.74538379335729,1.84825375109259
2021-08-06,3046,1.78399546105594,0.0252396036237994,1.73452674696923,1.83346417514265
2021-08-07,2371,1.26889910893935,0.0202564153305968,1.2291972644355,1.30860095344321
2021-08-08,932,0.500922314914694,0.011994914001978,0.477412715473162,0.524431914356226
2021-08-09,2587,1.02867272427087,0.0163756551476626,0.996577029958205,1.06076841858354
2021-08-10,4655,1.84936331011661,0.0215684774214936,1.80708987116911,1.8916367490641
2021-08-11,4848,1.87592269773882,0.0216656230483775,1.83345885686138,1.91838653861626
2021-08-12,4688,1.81012430095842,0.0209336379398017,1.769095124531,1.85115347738583
2021-08-13,4996,1.72824490774502,0.0197092616705235,1.68961546470892,1.76687435078112
2021-08-14,3924,1.15877472560982,0.0153483461861938,1.12869251986263,1.18885693135702
2021-08-15,1744,0.456699715798992,0.0091085260488385,0.438847332791024,0.474552098806961
2021-08-16,3946,0.928634702690732,0.0124193870738103,0.904293151316001,0.952976254065462
2021-08-17,7352,1.66555953403218,0.0164272022237314,1.63336280930691,1.69775625875745
2021-08-18,7497,1.69442503969154,0.0166344091382857,1.6618221968764,1.72702788250668
2021-08-19,7477,1.52661350048837,0.0156775835246126,1.49588600141551,1.55734099956123
2021-08-20,7689,1.32593642602923,0.0142417464738258,1.29802311586358,1.35384973619488
2021-08-21,5700,0.951987580293686,0.0116442913138794,0.92916518869299,0.974809971894383
2021-08-22,2514,0.393445940595221,0.0072061629893308,0.379322120669407,0.407569760521035
2021-08-23,5591,0.735488177096732,0.0095939588310691,0.716684363318676,0.754291990874787
2021-08-24,10280,1.45044430592399,0.0135072696955118,1.42397054379131,1.47691806805666
2021-08-25,10376,1.57644330083717,0.0143413807996459,1.54833471098129,1.60455189069305
2021-08-26,9482,1.34486685444456,0.0133706775411281,1.31866080801505,1.37107290087407
2021-08-27,8668,1.29094972551913,0.012964061137766,1.26554063259573,1.31635881844252
2021-08-28,6684,0.939943883122089,0.0108132427156647,0.918750316843296,0.961137449400882
2021-08-29,2981,0.354270387019053,0.006437025285471,0.341654049291956,0.36688672474615
2021-08-30,5877,0.652148032035081,0.0085315559829693,0.635426489576374,0.668869574493788
2021-08-31,11531,1.33768187533681,0.0122547884724279,1.31366293129269,1.36170081938092
2021-09-01,12083,1.31525994362668,0.012428593146869,1.29090034868032,1.33961953857305
2021-09-02,10117,1.18583734686621,0.0119891694165975,1.16233900660513,1.20933568712729
2021-09-03,9916,1.0773912584388,0.0114570718063234,1.05493581033012,1.09984670654748
2021-09-04,7556,0.775637459527173,0.0096503378132835,0.756723144974493,0.794551774079854
2021-09-05,3029,0.270724462398731,0.0056230349665596,0.259703516380465,0.281745408416998
2021-09-06,5843,0.636003996715168,0.0085302450574834,0.6192850236232,0.652722969807136
2021-09-07,11915,1.20592283420222,0.0119503781143749,1.18250052349641,1.22934514490803
2021-09-08,11199,1.13447764689713,0.0119664246732392,1.11102388551387,1.15793140828039
2021-09-09,9783,1.01717338273164,0.0116197176270192,0.994399154672153,1.03994761079112
2021-09-10,8843,0.913621691021919,0.0111708392932954,0.891727248329975,0.935516133713863
2021-09-11,6460,0.703904567021898,0.009883804818396,0.684532665547619,0.723276468496178
2021-09-12,2318,0.261384565159812,0.0060187886673445,0.249587956141259,0.273181174178365
2021-09-13,5559,0.571447100841699,0.0089114726947129,0.553980935310849,0.588913266372548
2021-09-14,10183,1.2078633894424,0.013286869321416,1.18182160410514,1.23390517477967
2021-09-15,8988,1.25853720090222,0.0140893781274725,1.23092252720781,1.28615187459663
2021-09-16,7663,1.12766099879502,0.0137376692771664,1.10073566178025,1.15458633580979
2021-09-17,6689,1.09989144107663,0.0137669393878475,1.0729087356991,1.12687414645416
2021-09-18,5072,0.776039139498712,0.0115736534503602,0.753355195566458,0.798723083430966
2021-09-19,1886,0.280902125468497,0.0068676326212105,0.267441812871872,0.294362438065122
2021-09-20,4112,0.72480751749592,0.0109120145698023,0.703420361940332,0.746194673051509
2021-09-21,8264,1.54435499771845,0.0161555430533298,1.51269071518324,1.57601928025366
2021-09-22,7979,1.48057890879624,0.016268133504298,1.44869395303213,1.51246386456036
2021-09-23,6738,1.29023680829428,0.0153523486389694,1.2601467578838,1.32032685870476
2021-09-24,6383,1.08880087113643,0.0139796808471711,1.06140120016061,1.11620054211225
2021-09-25,4496,0.74119106794778,0.0113017437406799,0.719040057253547,0.763342078642014
2021-09-26,1673,0.270900646019138,0.0066731584499069,0.257821495794191,0.283979796244084
2021-09-27,4412,0.69086914937601,0.0105039474951973,0.670281790589924,0.711456508162097
2021-09-28,9138,1.46110540600015,0.0155287434666232,1.4306696280804,1.49154118391989
2021-09-29,8283,1.44350668728996,0.0159185554669404,1.41230689188885,1.47470648269106
2021-09-30,7063,1.33695671932089,0.0155892782854941,1.30640229533635,1.36751114330543
2021-10-01,6066,1.23477348006299,0.0149496641364762,1.20547267677452,1.26407428335145
2021-10-02,4301,0.860242831309739,0.0122629336839122,0.836207922944468,0.88427773967501
2021-10-03,1648,0.261528012335707,0.0065732137593325,0.248644750104733,0.274411274566682
2021-10-04,4326,0.780105887677664,0.01109803598617,0.758354136845641,0.801857638509686
2021-10-05,8853,1.44795984929226,0.0152399940756695,1.41809000977935,1.47782968880518
2021-10-06,8223,1.44132115511563,0.0155530204556505,1.41083779517175,1.47180451505952
2021-10-07,7355,1.37221259453938,0.0153696860525997,1.3420885634226,1.40233662565617
2021-10-08,6822,1.32368708175047,0.0150089862959297,1.29427000916599,1.35310415433495
2021-10-09,4921,0.958852638126107,0.0125460861206181,0.934262761182758,0.983442515069456
2021-10-10,1583,0.321284176522833,0.0070412371905688,0.307483605222715,0.335084747822952
2021-10-11,4941,0.90878161697916,0.0115387467825089,0.886166088858716,0.931397145099605
2021-10-12,9027,1.92557563972246,0.0168424852526603,1.89256497521709,1.95858630422782
2021-10-13,8588,1.90317962108352,0.0169757673860167,1.869907728397,1.93645151377004
2021-10-14,7971,1.78681908440237,0.0163059175781882,1.75486007321424,1.8187780955905
2021-10-15,7778,1.61011139542371,0.0149411391580943,1.58082730078585,1.63939549006158
2021-10-16,5841,1.1121299777424,0.0117925298672236,1.08901704391602,1.13524291156877
2021-10-17,2082,0.351861618759982,0.0062762423618992,0.339560409772415,0.364162827747549
2021-10-18,6203,0.932357442460376,0.0097823653584888,0.913184358674126,0.951530526246627
2021-10-19,13071,1.86248243370303,0.0137222016270276,1.83558741272546,1.8893774546806
2021-10-20,12569,1.99425902389716,0.0143098338417351,1.9662122649426,2.02230578285171
2021-10-21,12008,1.71352270077314,0.0131490823134213,1.68775097300908,1.73929442853719
2021-10-22,11613,1.48319100187461,0.0117906825029492,1.46008168881568,1.50630031493354
2021-10-23,8894,0.972123808220858,0.0090856660330028,0.954316230020614,0.989931386421103
2021-10-24,3143,0.338095626715089,0.0050860140128598,0.328127222425017,0.34806403100516
2021-10-25,9084,0.651900317247231,0.006814702712157,0.638543745366056,0.665256889128407
2021-10-26,18422,1.41476164007711,0.0100194176464805,1.39512394234394,1.43439933781027
2021-10-27,19422,1.88825777814311,0.0118191682315975,1.86509263408196,1.91142292220426
2021-10-28,16982,1.94884570613163,0.0121767187876554,1.92497977585796,1.97271163640531
2021-10-29,15824,1.73654702439361,0.0113332899282797,1.71433418430783,1.75875986447939
2021-10-30,11448,1.0885785720481,0.0085960358223409,1.0717306514265,1.10542649266971
2021-10-31,4419,0.423239679263524,0.0050482354815498,0.413345319534209,0.433134038992839
2021-11-01,9151,0.984617421121247,0.0073354418103859,0.970240219362201,0.998994622880292
2021-11-02,19938,1.79465167922331,0.0097552707286419,1.77553169993573,1.81377165851088
2021-11-03,25524,1.88959672851164,0.0100278082939372,1.86994258541165,1.90925087161163
2021-11-04,25615,1.80184290017999,0.0096769835328495,1.78287636097662,1.82080943938337
2021-11-05,23478,1.55302903867337,0.0086746509608447,1.53602703521166,1.57003104213508
2021-11-06,16037,1.0132868117322,0.0066766273384945,1.00020086261056,1.02637276085385
2021-11-07,7029,0.427520960612468,0.0041226113655272,0.419440790813779,0.435601130411157
2021-11-08,18017,0.930758974930143,0.0058567265615959,0.919280001802116,0.94223794805817
2021-11-09,33844,1.64460388770155,0.0077315473109407,1.62945033342733,1.65975744197576
2021-11-10,35508,1.57446682945182,0.0076206284089459,1.55953067223072,1.58940298667291
2021-11-11,34670,1.58699072468176,0.0076211364248097,1.57205357176787,1.60192787759566
2021-11-12,32052,1.61469639012962,0.0075302798026565,1.5999373129229,1.62945546733634
2021-11-13,23033,1.00889773747207,0.0057546168037696,0.997618895791851,1.02017657915229
2021-11-14,10754,0.486640523417202,0.0038247077780509,0.479144233920832,0.494136812913572
2021-11-15,25256,1.02037479577957,0.0053427890313484,1.00990312170113,1.03084646985801
2021-11-16,45247,1.52063902492536,0.0064667657235808,1.50796439701068,1.53331365284003
2021-11-17,42686,1.5408982655433,0.0065336305004005,1.52809258507422,1.55370394601238
2021-11-18,43362,1.45802304116197,0.006318778448071,1.44563846297746,1.47040761934648
2021-11-19,45979,1.28978005262437,0.0058294287699595,1.27835458218481,1.30120552306393
2021-11-20,30737,0.821484970236653,0.0045238398294891,0.812618407099027,0.83035153337428
2021-11-21,16189,0.41703892813536,0.0031163119673884,0.410931068914688,0.423146787356033
2021-11-22,36474,0.80022910993921,0.0042313520428528,0.791935812329308,0.808522407549111
2021-11-23,55294,1.2689905887281,0.0053651472209594,1.25847509340326,1.27950608405293
2021-11-24,55621,1.31645832864064,0.0055706669220034,1.30554002210365,1.32737663517764
2021-11-25,53243,1.24825803242845,0.0054986672946588,1.23748084256795,1.25903522228895
2021-11-26,48953,1.19294477004073,0.0053834102843774,1.18239347976934,1.20349606031211
2021-11-27,32975,0.761628993532421,0.0042567044556561,0.753286006106504,0.769971980958338
2021-11-28,17909,0.390856359551703,0.0029882543603524,0.384999488628767,0.396713230474638
2021-11-29,35766,0.777294387594686,0.0041632673359255,0.76913453355826,0.785454241631113
2021-11-30,55944,1.24057733561269,0.0053148784419879,1.23016036528419,1.2509943059412
2021-12-01,55847,1.23821994796074,0.0054317297232816,1.22757395332935,1.24886594259212
2021-12-02,51534,1.13331727892547,0.0052802177309347,1.12296824234231,1.14366631550864
2021-12-03,49105,1.02098145478049,0.0050379691313307,1.01110721672786,1.03085569283312
2021-12-04,32014,0.662424549805965,0.0040417295247699,0.654502905502163,0.670346194109766
2021-12-05,17108,0.276182989033307,0.0025820516934386,0.271122260707947,0.281243717358668
2021-12-06,34858,0.644228550551859,0.0039350319648062,0.636516029622825,0.651941071480894
2021-12-07,54483,1.22191598765213,0.0055435219855056,1.21105088421303,1.23278109109123
2021-12-08,51966,1.14937248637497,0.0055711478130782,1.13845323730878,1.16029173544115
2021-12-09,46068,1.0909179121729,0.0055797960564329,1.07998171286122,1.10185411148459
2021-12-10,41070,0.983507970341031,0.0053801471553631,0.972963075684994,0.994052864997068
2021-12-11,26862,0.674404506675735,0.0044657653921558,0.665651767343704,0.683157246007766
2021-12-12,11441,0.269244707423606,0.0028038718732068,0.263749219534856,0.274740195312356
2021-12-13,26803,0.685328961194036,0.004462151585486,0.676583304792925,0.694074617595147
2021-12-14,48586,1.19703883939473,0.0060322023315811,1.18521594007737,1.20886173871209
2021-12-15,42563,1.09814421854366,0.0059732054667044,1.08643695095666,1.10985148613066
2021-12-16,38225,0.982688497593542,0.0058010310604275,0.971318685641906,0.994058309545179
2021-12-17,33417,0.618097743385276,0.0046769252646561,0.608931138308164,0.627264348462388
2021-12-18,22806,0.29872956992414,0.0032821480602361,0.292296677934149,0.305162461914131
2021-12-19,9221,0.29847635902149,0.0033066210651915,0.291995500823193,0.304957217219787
2021-12-20,23589,0.792324398658222,0.0055116968760867,0.78152167128739,0.803127126029054
2021-12-21,39379,1.49301365930001,0.0079396528127161,1.47745222573734,1.50857509286269
2021-12-22,33799,1.61149557334654,0.0086672121510539,1.5945081496841,1.62848299700897
2021-12-23,28696,1.68146948133947,0.0090504978179891,1.66373083157405,1.69920813110489
2021-12-24,17466,1.14744227446463,0.0074279389502975,1.13288378164269,1.16200076728658
2021-12-25,8284,0.504761147051072,0.0047528118291209,0.495445807040699,0.514076487061445
2021-12-26,8148,0.479502579527229,0.0044425056125881,0.470795428525439,0.488209730529019
2021-12-27,20665,1.19083179769985,0.006848386371939,1.17740920705864,1.20425438834107
2021-12-28,35361,2.13830058234679,0.0092496947946462,2.12017151368129,2.15642965101228
2021-12-29,34570,2.21028509339644,0.0095217852198779,2.19162273729695,2.22894744949592
2021-12-30,34517,1.92813124051881,0.0087415056438425,1.91099820428623,1.9452642767514
2021-12-31,23863,1.69703964484815,0.0077978052867864,1.68175622732759,1.71232306236871
2022-01-01,11279,0.896883931377781,0.0053006065541174,0.886494933435493,0.907272929320068
2022-01-02,11650,0.47638256323659,0.0036183157345385,0.4692907947122,0.48347433176098
2022-01-03,30236,1.09574156106747,0.0052606976103429,1.08543078321764,1.10605233891729
2022-01-04,53442,1.68660646069114,0.0064589181846762,1.67394721367009,1.6992657077122
2022-01-05,53884,1.66130625072318,0.0064411071177795,1.64868191275177,1.67393058869459
2022-01-06,48652,1.56632123289077,0.0062105259226184,1.55414882575738,1.57849364002415
2022-01-07,47363,1.32697406786812,0.0055735045543585,1.3160501996739,1.33789793606233
2022-01-08,28630,0.56805183061144,0.003513999043803,0.561164519043878,0.574939142179003
2022-01-09,17334,0.0603176421581159,0.0010999618996809,0.058161756450375,0.0624735278658569
2022-01-10,43384,,,,
2022-01-11,68188,,,,
2022-01-12,66524,,,,
2022-01-13,63607,,,,
2022-01-14,56685,,,,
2022-01-15,26132,,,,
2022-01-16,3007,,,,
