Unnamed: 0,data_version,target,date,location,type,quantile,value
0,2021-01-16,4 day R,2020-03-06,DE,point,,2.25
1,2021-01-16,4 day R,2020-03-07,DE,point,,2.58
2,2021-01-16,4 day R,2020-03-08,DE,point,,2.75
3,2021-01-16,4 day R,2020-03-09,DE,point,,3.23
4,2021-01-16,4 day R,2020-03-10,DE,point,,3.41
5,2021-01-16,4 day R,2020-03-11,DE,point,,3.41
6,2021-01-16,4 day R,2020-03-12,DE,point,,3.19
7,2021-01-16,4 day R,2020-03-13,DE,point,,2.7
8,2021-01-16,4 day R,2020-03-14,DE,point,,2.26
9,2021-01-16,4 day R,2020-03-15,DE,point,,1.86
10,2021-01-16,4 day R,2020-03-16,DE,point,,1.7
11,2021-01-16,4 day R,2020-03-17,DE,point,,1.48
12,2021-01-16,4 day R,2020-03-18,DE,point,,1.36
13,2021-01-16,4 day R,2020-03-19,DE,point,,1.25
14,2021-01-16,4 day R,2020-03-20,DE,point,,1.06
15,2021-01-16,4 day R,2020-03-21,DE,point,,0.97
16,2021-01-16,4 day R,2020-03-22,DE,point,,0.86
17,2021-01-16,4 day R,2020-03-23,DE,point,,0.88
18,2021-01-16,4 day R,2020-03-24,DE,point,,0.85
19,2021-01-16,4 day R,2020-03-25,DE,point,,0.88
20,2021-01-16,4 day R,2020-03-26,DE,point,,0.96
21,2021-01-16,4 day R,2020-03-27,DE,point,,0.89
22,2021-01-16,4 day R,2020-03-28,DE,point,,0.94
23,2021-01-16,4 day R,2020-03-29,DE,point,,0.87
24,2021-01-16,4 day R,2020-03-30,DE,point,,0.89
25,2021-01-16,4 day R,2020-03-31,DE,point,,0.91
26,2021-01-16,4 day R,2020-04-01,DE,point,,0.93
27,2021-01-16,4 day R,2020-04-02,DE,point,,1.03
28,2021-01-16,4 day R,2020-04-03,DE,point,,0.96
29,2021-01-16,4 day R,2020-04-04,DE,point,,0.96
30,2021-01-16,4 day R,2020-04-05,DE,point,,0.86
31,2021-01-16,4 day R,2020-04-06,DE,point,,0.81
32,2021-01-16,4 day R,2020-04-07,DE,point,,0.8
33,2021-01-16,4 day R,2020-04-08,DE,point,,0.83
34,2021-01-16,4 day R,2020-04-09,DE,point,,0.91
35,2021-01-16,4 day R,2020-04-10,DE,point,,0.86
36,2021-01-16,4 day R,2020-04-11,DE,point,,0.82
37,2021-01-16,4 day R,2020-04-12,DE,point,,0.75
38,2021-01-16,4 day R,2020-04-13,DE,point,,0.68
39,2021-01-16,4 day R,2020-04-14,DE,point,,0.71
40,2021-01-16,4 day R,2020-04-15,DE,point,,0.78
41,2021-01-16,4 day R,2020-04-16,DE,point,,0.84
42,2021-01-16,4 day R,2020-04-17,DE,point,,0.89
43,2021-01-16,4 day R,2020-04-18,DE,point,,0.87
44,2021-01-16,4 day R,2020-04-19,DE,point,,0.79
45,2021-01-16,4 day R,2020-04-20,DE,point,,0.79
46,2021-01-16,4 day R,2020-04-21,DE,point,,0.78
47,2021-01-16,4 day R,2020-04-22,DE,point,,0.82
48,2021-01-16,4 day R,2020-04-23,DE,point,,0.89
49,2021-01-16,4 day R,2020-04-24,DE,point,,0.85
50,2021-01-16,4 day R,2020-04-25,DE,point,,0.83
51,2021-01-16,4 day R,2020-04-26,DE,point,,0.78
52,2021-01-16,4 day R,2020-04-27,DE,point,,0.76
53,2021-01-16,4 day R,2020-04-28,DE,point,,0.78
54,2021-01-16,4 day R,2020-04-29,DE,point,,0.81
55,2021-01-16,4 day R,2020-04-30,DE,point,,0.89
56,2021-01-16,4 day R,2020-05-01,DE,point,,0.86
57,2021-01-16,4 day R,2020-05-02,DE,point,,0.85
58,2021-01-16,4 day R,2020-05-03,DE,point,,0.85
59,2021-01-16,4 day R,2020-05-04,DE,point,,0.83
60,2021-01-16,4 day R,2020-05-05,DE,point,,0.9
61,2021-01-16,4 day R,2020-05-06,DE,point,,0.95
62,2021-01-16,4 day R,2020-05-07,DE,point,,0.97
63,2021-01-16,4 day R,2020-05-08,DE,point,,0.92
64,2021-01-16,4 day R,2020-05-09,DE,point,,0.85
65,2021-01-16,4 day R,2020-05-10,DE,point,,0.79
66,2021-01-16,4 day R,2020-05-11,DE,point,,0.79
67,2021-01-16,4 day R,2020-05-12,DE,point,,0.82
68,2021-01-16,4 day R,2020-05-13,DE,point,,0.9
69,2021-01-16,4 day R,2020-05-14,DE,point,,0.95
70,2021-01-16,4 day R,2020-05-15,DE,point,,0.97
71,2021-01-16,4 day R,2020-05-16,DE,point,,0.97
72,2021-01-16,4 day R,2020-05-17,DE,point,,0.91
73,2021-01-16,4 day R,2020-05-18,DE,point,,0.96
74,2021-01-16,4 day R,2020-05-19,DE,point,,0.86
75,2021-01-16,4 day R,2020-05-20,DE,point,,0.89
76,2021-01-16,4 day R,2020-05-21,DE,point,,0.92
77,2021-01-16,4 day R,2020-05-22,DE,point,,0.79
78,2021-01-16,4 day R,2020-05-23,DE,point,,0.82
79,2021-01-16,4 day R,2020-05-24,DE,point,,0.73
80,2021-01-16,4 day R,2020-05-25,DE,point,,0.78
81,2021-01-16,4 day R,2020-05-26,DE,point,,0.91
82,2021-01-16,4 day R,2020-05-27,DE,point,,1.01
83,2021-01-16,4 day R,2020-05-28,DE,point,,1.15
84,2021-01-16,4 day R,2020-05-29,DE,point,,1.01
85,2021-01-16,4 day R,2020-05-30,DE,point,,0.9
86,2021-01-16,4 day R,2020-05-31,DE,point,,0.74
87,2021-01-16,4 day R,2020-06-01,DE,point,,0.71
88,2021-01-16,4 day R,2020-06-02,DE,point,,0.82
89,2021-01-16,4 day R,2020-06-03,DE,point,,0.98
90,2021-01-16,4 day R,2020-06-04,DE,point,,1.17
91,2021-01-16,4 day R,2020-06-05,DE,point,,1.22
92,2021-01-16,4 day R,2020-06-06,DE,point,,1.03
93,2021-01-16,4 day R,2020-06-07,DE,point,,0.83
94,2021-01-16,4 day R,2020-06-08,DE,point,,0.84
95,2021-01-16,4 day R,2020-06-09,DE,point,,0.93
96,2021-01-16,4 day R,2020-06-10,DE,point,,1.12
97,2021-01-16,4 day R,2020-06-11,DE,point,,1.39
98,2021-01-16,4 day R,2020-06-12,DE,point,,1.29
99,2021-01-16,4 day R,2020-06-13,DE,point,,1.11
100,2021-01-16,4 day R,2020-06-14,DE,point,,0.96
101,2021-01-16,4 day R,2020-06-15,DE,point,,1.05
102,2021-01-16,4 day R,2020-06-16,DE,point,,1.53
103,2021-01-16,4 day R,2020-06-17,DE,point,,1.8
104,2021-01-16,4 day R,2020-06-18,DE,point,,2.02
105,2021-01-16,4 day R,2020-06-19,DE,point,,1.66
106,2021-01-16,4 day R,2020-06-20,DE,point,,0.9
107,2021-01-16,4 day R,2020-06-21,DE,point,,0.7
108,2021-01-16,4 day R,2020-06-22,DE,point,,0.64
109,2021-01-16,4 day R,2020-06-23,DE,point,,0.6
110,2021-01-16,4 day R,2020-06-24,DE,point,,0.77
111,2021-01-16,4 day R,2020-06-25,DE,point,,0.91
112,2021-01-16,4 day R,2020-06-26,DE,point,,0.92
113,2021-01-16,4 day R,2020-06-27,DE,point,,0.95
114,2021-01-16,4 day R,2020-06-28,DE,point,,0.87
115,2021-01-16,4 day R,2020-06-29,DE,point,,0.86
116,2021-01-16,4 day R,2020-06-30,DE,point,,0.88
117,2021-01-16,4 day R,2020-07-01,DE,point,,0.95
118,2021-01-16,4 day R,2020-07-02,DE,point,,1.07
119,2021-01-16,4 day R,2020-07-03,DE,point,,1.0
120,2021-01-16,4 day R,2020-07-04,DE,point,,0.91
121,2021-01-16,4 day R,2020-07-05,DE,point,,0.81
122,2021-01-16,4 day R,2020-07-06,DE,point,,0.81
123,2021-01-16,4 day R,2020-07-07,DE,point,,0.88
124,2021-01-16,4 day R,2020-07-08,DE,point,,1.0
125,2021-01-16,4 day R,2020-07-09,DE,point,,1.16
126,2021-01-16,4 day R,2020-07-10,DE,point,,1.18
127,2021-01-16,4 day R,2020-07-11,DE,point,,1.16
128,2021-01-16,4 day R,2020-07-12,DE,point,,1.11
129,2021-01-16,4 day R,2020-07-13,DE,point,,1.16
130,2021-01-16,4 day R,2020-07-14,DE,point,,1.17
131,2021-01-16,4 day R,2020-07-15,DE,point,,1.28
132,2021-01-16,4 day R,2020-07-16,DE,point,,1.35
133,2021-01-16,4 day R,2020-07-17,DE,point,,1.21
134,2021-01-16,4 day R,2020-07-18,DE,point,,1.13
135,2021-01-16,4 day R,2020-07-19,DE,point,,1.01
136,2021-01-16,4 day R,2020-07-20,DE,point,,1.07
137,2021-01-16,4 day R,2020-07-21,DE,point,,1.15
138,2021-01-16,4 day R,2020-07-22,DE,point,,1.29
139,2021-01-16,4 day R,2020-07-23,DE,point,,1.4
140,2021-01-16,4 day R,2020-07-24,DE,point,,1.26
141,2021-01-16,4 day R,2020-07-25,DE,point,,1.14
142,2021-01-16,4 day R,2020-07-26,DE,point,,0.98
143,2021-01-16,4 day R,2020-07-27,DE,point,,0.98
144,2021-01-16,4 day R,2020-07-28,DE,point,,1.0
145,2021-01-16,4 day R,2020-07-29,DE,point,,1.08
146,2021-01-16,4 day R,2020-07-30,DE,point,,1.19
147,2021-01-16,4 day R,2020-07-31,DE,point,,1.11
148,2021-01-16,4 day R,2020-08-01,DE,point,,1.1
149,2021-01-16,4 day R,2020-08-02,DE,point,,1.11
150,2021-01-16,4 day R,2020-08-03,DE,point,,1.15
151,2021-01-16,4 day R,2020-08-04,DE,point,,1.24
152,2021-01-16,4 day R,2020-08-05,DE,point,,1.27
153,2021-01-16,4 day R,2020-08-06,DE,point,,1.25
154,2021-01-16,4 day R,2020-08-07,DE,point,,1.13
155,2021-01-16,4 day R,2020-08-08,DE,point,,1.07
156,2021-01-16,4 day R,2020-08-09,DE,point,,1.04
157,2021-01-16,4 day R,2020-08-10,DE,point,,1.11
158,2021-01-16,4 day R,2020-08-11,DE,point,,1.18
159,2021-01-16,4 day R,2020-08-12,DE,point,,1.25
160,2021-01-16,4 day R,2020-08-13,DE,point,,1.31
161,2021-01-16,4 day R,2020-08-14,DE,point,,1.18
162,2021-01-16,4 day R,2020-08-15,DE,point,,1.09
163,2021-01-16,4 day R,2020-08-16,DE,point,,0.99
164,2021-01-16,4 day R,2020-08-17,DE,point,,0.95
165,2021-01-16,4 day R,2020-08-18,DE,point,,0.99
166,2021-01-16,4 day R,2020-08-19,DE,point,,1.03
167,2021-01-16,4 day R,2020-08-20,DE,point,,1.05
168,2021-01-16,4 day R,2020-08-21,DE,point,,0.99
169,2021-01-16,4 day R,2020-08-22,DE,point,,0.9
170,2021-01-16,4 day R,2020-08-23,DE,point,,0.86
171,2021-01-16,4 day R,2020-08-24,DE,point,,0.92
172,2021-01-16,4 day R,2020-08-25,DE,point,,1.0
173,2021-01-16,4 day R,2020-08-26,DE,point,,1.09
174,2021-01-16,4 day R,2020-08-27,DE,point,,1.13
175,2021-01-16,4 day R,2020-08-28,DE,point,,1.01
176,2021-01-16,4 day R,2020-08-29,DE,point,,0.9
177,2021-01-16,4 day R,2020-08-30,DE,point,,0.85
178,2021-01-16,4 day R,2020-08-31,DE,point,,0.87
179,2021-01-16,4 day R,2020-09-01,DE,point,,0.99
180,2021-01-16,4 day R,2020-09-02,DE,point,,1.15
181,2021-01-16,4 day R,2020-09-03,DE,point,,1.25
182,2021-01-16,4 day R,2020-09-04,DE,point,,1.19
183,2021-01-16,4 day R,2020-09-05,DE,point,,1.04
184,2021-01-16,4 day R,2020-09-06,DE,point,,0.96
185,2021-01-16,4 day R,2020-09-07,DE,point,,0.98
186,2021-01-16,4 day R,2020-09-08,DE,point,,1.05
187,2021-01-16,4 day R,2020-09-09,DE,point,,1.21
188,2021-01-16,4 day R,2020-09-10,DE,point,,1.28
189,2021-01-16,4 day R,2020-09-11,DE,point,,1.21
190,2021-01-16,4 day R,2020-09-12,DE,point,,1.14
191,2021-01-16,4 day R,2020-09-13,DE,point,,1.05
192,2021-01-16,4 day R,2020-09-14,DE,point,,1.07
193,2021-01-16,4 day R,2020-09-15,DE,point,,1.12
194,2021-01-16,4 day R,2020-09-16,DE,point,,1.18
195,2021-01-16,4 day R,2020-09-17,DE,point,,1.21
196,2021-01-16,4 day R,2020-09-18,DE,point,,1.06
197,2021-01-16,4 day R,2020-09-19,DE,point,,0.95
198,2021-01-16,4 day R,2020-09-20,DE,point,,0.87
199,2021-01-16,4 day R,2020-09-21,DE,point,,0.91
200,2021-01-16,4 day R,2020-09-22,DE,point,,1.03
201,2021-01-16,4 day R,2020-09-23,DE,point,,1.18
202,2021-01-16,4 day R,2020-09-24,DE,point,,1.3
203,2021-01-16,4 day R,2020-09-25,DE,point,,1.2
204,2021-01-16,4 day R,2020-09-26,DE,point,,1.1
205,2021-01-16,4 day R,2020-09-27,DE,point,,1.0
206,2021-01-16,4 day R,2020-09-28,DE,point,,1.02
207,2021-01-16,4 day R,2020-09-29,DE,point,,1.09
208,2021-01-16,4 day R,2020-09-30,DE,point,,1.23
209,2021-01-16,4 day R,2020-10-01,DE,point,,1.39
210,2021-01-16,4 day R,2020-10-02,DE,point,,1.38
211,2021-01-16,4 day R,2020-10-03,DE,point,,1.35
212,2021-01-16,4 day R,2020-10-04,DE,point,,1.3
213,2021-01-16,4 day R,2020-10-05,DE,point,,1.33
214,2021-01-16,4 day R,2020-10-06,DE,point,,1.37
215,2021-01-16,4 day R,2020-10-07,DE,point,,1.43
216,2021-01-16,4 day R,2020-10-08,DE,point,,1.48
217,2021-01-16,4 day R,2020-10-09,DE,point,,1.35
218,2021-01-16,4 day R,2020-10-10,DE,point,,1.26
219,2021-01-16,4 day R,2020-10-11,DE,point,,1.18
220,2021-01-16,4 day R,2020-10-12,DE,point,,1.22
221,2021-01-16,4 day R,2020-10-13,DE,point,,1.3
222,2021-01-16,4 day R,2020-10-14,DE,point,,1.42
223,2021-01-16,4 day R,2020-10-15,DE,point,,1.53
224,2021-01-16,4 day R,2020-10-16,DE,point,,1.46
225,2021-01-16,4 day R,2020-10-17,DE,point,,1.38
226,2021-01-16,4 day R,2020-10-18,DE,point,,1.3
227,2021-01-16,4 day R,2020-10-19,DE,point,,1.33
228,2021-01-16,4 day R,2020-10-20,DE,point,,1.4
229,2021-01-16,4 day R,2020-10-21,DE,point,,1.51
230,2021-01-16,4 day R,2020-10-22,DE,point,,1.55
231,2021-01-16,4 day R,2020-10-23,DE,point,,1.41
232,2021-01-16,4 day R,2020-10-24,DE,point,,1.27
233,2021-01-16,4 day R,2020-10-25,DE,point,,1.13
234,2021-01-16,4 day R,2020-10-26,DE,point,,1.11
235,2021-01-16,4 day R,2020-10-27,DE,point,,1.12
236,2021-01-16,4 day R,2020-10-28,DE,point,,1.16
237,2021-01-16,4 day R,2020-10-29,DE,point,,1.18
238,2021-01-16,4 day R,2020-10-30,DE,point,,1.07
239,2021-01-16,4 day R,2020-10-31,DE,point,,0.99
240,2021-01-16,4 day R,2020-11-01,DE,point,,0.93
241,2021-01-16,4 day R,2020-11-02,DE,point,,0.97
242,2021-01-16,4 day R,2020-11-03,DE,point,,1.02
243,2021-01-16,4 day R,2020-11-04,DE,point,,1.1
244,2021-01-16,4 day R,2020-11-05,DE,point,,1.12
245,2021-01-16,4 day R,2020-11-06,DE,point,,0.99
246,2021-01-16,4 day R,2020-11-07,DE,point,,0.91
247,2021-01-16,4 day R,2020-11-08,DE,point,,0.84
248,2021-01-16,4 day R,2020-11-09,DE,point,,0.88
249,2021-01-16,4 day R,2020-11-10,DE,point,,0.97
250,2021-01-16,4 day R,2020-11-11,DE,point,,1.07
251,2021-01-16,4 day R,2020-11-12,DE,point,,1.16
252,2021-01-16,4 day R,2020-11-13,DE,point,,1.11
253,2021-01-16,4 day R,2020-11-14,DE,point,,1.04
254,2021-01-16,4 day R,2020-11-15,DE,point,,0.98
255,2021-01-16,4 day R,2020-11-16,DE,point,,0.98
256,2021-01-16,4 day R,2020-11-17,DE,point,,1.0
257,2021-01-16,4 day R,2020-11-18,DE,point,,1.07
258,2021-01-16,4 day R,2020-11-19,DE,point,,1.1
259,2021-01-16,4 day R,2020-11-20,DE,point,,1.01
260,2021-01-16,4 day R,2020-11-21,DE,point,,0.92
261,2021-01-16,4 day R,2020-11-22,DE,point,,0.84
262,2021-01-16,4 day R,2020-11-23,DE,point,,0.85
263,2021-01-16,4 day R,2020-11-24,DE,point,,0.9
264,2021-01-16,4 day R,2020-11-25,DE,point,,1.0
265,2021-01-16,4 day R,2020-11-26,DE,point,,1.09
266,2021-01-16,4 day R,2020-11-27,DE,point,,1.04
267,2021-01-16,4 day R,2020-11-28,DE,point,,1.0
268,2021-01-16,4 day R,2020-11-29,DE,point,,0.94
269,2021-01-16,4 day R,2020-11-30,DE,point,,0.99
270,2021-01-16,4 day R,2020-12-01,DE,point,,1.08
271,2021-01-16,4 day R,2020-12-02,DE,point,,1.19
272,2021-01-16,4 day R,2020-12-03,DE,point,,1.31
273,2021-01-16,4 day R,2020-12-04,DE,point,,1.23
274,2021-01-16,4 day R,2020-12-05,DE,point,,1.16
275,2021-01-16,4 day R,2020-12-06,DE,point,,1.08
276,2021-01-16,4 day R,2020-12-07,DE,point,,1.07
277,2021-01-16,4 day R,2020-12-08,DE,point,,1.11
278,2021-01-16,4 day R,2020-12-09,DE,point,,1.17
279,2021-01-16,4 day R,2020-12-10,DE,point,,1.22
280,2021-01-16,4 day R,2020-12-11,DE,point,,1.13
281,2021-01-16,4 day R,2020-12-12,DE,point,,1.05
282,2021-01-16,4 day R,2020-12-13,DE,point,,0.97
283,2021-01-16,4 day R,2020-12-14,DE,point,,0.96
284,2021-01-16,4 day R,2020-12-15,DE,point,,1.0
285,2021-01-16,4 day R,2020-12-16,DE,point,,1.05
286,2021-01-16,4 day R,2020-12-17,DE,point,,1.1
287,2021-01-16,4 day R,2020-12-18,DE,point,,1.01
288,2021-01-16,4 day R,2020-12-19,DE,point,,0.93
289,2021-01-16,4 day R,2020-12-20,DE,point,,0.86
290,2021-01-16,4 day R,2020-12-21,DE,point,,0.84
291,2021-01-16,4 day R,2020-12-22,DE,point,,0.85
292,2021-01-16,4 day R,2020-12-23,DE,point,,0.88
293,2021-01-16,4 day R,2020-12-24,DE,point,,0.9
294,2021-01-16,4 day R,2020-12-25,DE,point,,0.81
295,2021-01-16,4 day R,2020-12-26,DE,point,,0.78
296,2021-01-16,4 day R,2020-12-27,DE,point,,0.8
297,2021-01-16,4 day R,2020-12-28,DE,point,,0.91
298,2021-01-16,4 day R,2020-12-29,DE,point,,1.07
299,2021-01-16,4 day R,2020-12-30,DE,point,,1.15
300,2021-01-16,4 day R,2020-12-31,DE,point,,1.1
301,2021-01-16,4 day R,2021-01-01,DE,point,,0.91
302,2021-01-16,4 day R,2021-01-02,DE,point,,0.84
303,2021-01-16,4 day R,2021-01-03,DE,point,,0.86
304,2021-01-16,4 day R,2021-01-04,DE,point,,1.0
305,2021-01-16,4 day R,2021-01-05,DE,point,,1.19
306,2021-01-16,4 day R,2021-01-06,DE,point,,1.25
307,2021-01-16,4 day R,2021-01-07,DE,point,,1.19
308,2021-01-16,4 day R,2021-01-08,DE,point,,0.99
309,2021-01-16,4 day R,2021-01-09,DE,point,,0.86
310,2021-01-16,4 day R,2021-01-10,DE,point,,0.83
311,2021-01-16,4 day R,2021-01-11,DE,point,,0.89
312,2021-01-16,4 day R,2021-01-12,DE,point,,0.99
313,2021-01-16,4 day R,2020-03-06,DE,quantil,0.025,2.18
314,2021-01-16,4 day R,2020-03-07,DE,quantil,0.025,2.49
315,2021-01-16,4 day R,2020-03-08,DE,quantil,0.025,2.68
316,2021-01-16,4 day R,2020-03-09,DE,quantil,0.025,3.16
317,2021-01-16,4 day R,2020-03-10,DE,quantil,0.025,3.33
318,2021-01-16,4 day R,2020-03-11,DE,quantil,0.025,3.33
319,2021-01-16,4 day R,2020-03-12,DE,quantil,0.025,3.14
320,2021-01-16,4 day R,2020-03-13,DE,quantil,0.025,2.66
321,2021-01-16,4 day R,2020-03-14,DE,quantil,0.025,2.23
322,2021-01-16,4 day R,2020-03-15,DE,quantil,0.025,1.84
323,2021-01-16,4 day R,2020-03-16,DE,quantil,0.025,1.68
324,2021-01-16,4 day R,2020-03-17,DE,quantil,0.025,1.46
325,2021-01-16,4 day R,2020-03-18,DE,quantil,0.025,1.34
326,2021-01-16,4 day R,2020-03-19,DE,quantil,0.025,1.24
327,2021-01-16,4 day R,2020-03-20,DE,quantil,0.025,1.05
328,2021-01-16,4 day R,2020-03-21,DE,quantil,0.025,0.96
329,2021-01-16,4 day R,2020-03-22,DE,quantil,0.025,0.86
330,2021-01-16,4 day R,2020-03-23,DE,quantil,0.025,0.87
331,2021-01-16,4 day R,2020-03-24,DE,quantil,0.025,0.84
332,2021-01-16,4 day R,2020-03-25,DE,quantil,0.025,0.87
333,2021-01-16,4 day R,2020-03-26,DE,quantil,0.025,0.96
334,2021-01-16,4 day R,2020-03-27,DE,quantil,0.025,0.88
335,2021-01-16,4 day R,2020-03-28,DE,quantil,0.025,0.93
336,2021-01-16,4 day R,2020-03-29,DE,quantil,0.025,0.86
337,2021-01-16,4 day R,2020-03-30,DE,quantil,0.025,0.88
338,2021-01-16,4 day R,2020-03-31,DE,quantil,0.025,0.9
339,2021-01-16,4 day R,2020-04-01,DE,quantil,0.025,0.92
340,2021-01-16,4 day R,2020-04-02,DE,quantil,0.025,1.02
341,2021-01-16,4 day R,2020-04-03,DE,quantil,0.025,0.95
342,2021-01-16,4 day R,2020-04-04,DE,quantil,0.025,0.95
343,2021-01-16,4 day R,2020-04-05,DE,quantil,0.025,0.85
344,2021-01-16,4 day R,2020-04-06,DE,quantil,0.025,0.8
345,2021-01-16,4 day R,2020-04-07,DE,quantil,0.025,0.79
346,2021-01-16,4 day R,2020-04-08,DE,quantil,0.025,0.82
347,2021-01-16,4 day R,2020-04-09,DE,quantil,0.025,0.9
348,2021-01-16,4 day R,2020-04-10,DE,quantil,0.025,0.85
349,2021-01-16,4 day R,2020-04-11,DE,quantil,0.025,0.81
350,2021-01-16,4 day R,2020-04-12,DE,quantil,0.025,0.74
351,2021-01-16,4 day R,2020-04-13,DE,quantil,0.025,0.67
352,2021-01-16,4 day R,2020-04-14,DE,quantil,0.025,0.7
353,2021-01-16,4 day R,2020-04-15,DE,quantil,0.025,0.77
354,2021-01-16,4 day R,2020-04-16,DE,quantil,0.025,0.82
355,2021-01-16,4 day R,2020-04-17,DE,quantil,0.025,0.88
356,2021-01-16,4 day R,2020-04-18,DE,quantil,0.025,0.85
357,2021-01-16,4 day R,2020-04-19,DE,quantil,0.025,0.78
358,2021-01-16,4 day R,2020-04-20,DE,quantil,0.025,0.78
359,2021-01-16,4 day R,2020-04-21,DE,quantil,0.025,0.76
360,2021-01-16,4 day R,2020-04-22,DE,quantil,0.025,0.8
361,2021-01-16,4 day R,2020-04-23,DE,quantil,0.025,0.88
362,2021-01-16,4 day R,2020-04-24,DE,quantil,0.025,0.83
363,2021-01-16,4 day R,2020-04-25,DE,quantil,0.025,0.81
364,2021-01-16,4 day R,2020-04-26,DE,quantil,0.025,0.76
365,2021-01-16,4 day R,2020-04-27,DE,quantil,0.025,0.74
366,2021-01-16,4 day R,2020-04-28,DE,quantil,0.025,0.76
367,2021-01-16,4 day R,2020-04-29,DE,quantil,0.025,0.79
368,2021-01-16,4 day R,2020-04-30,DE,quantil,0.025,0.87
369,2021-01-16,4 day R,2020-05-01,DE,quantil,0.025,0.83
370,2021-01-16,4 day R,2020-05-02,DE,quantil,0.025,0.83
371,2021-01-16,4 day R,2020-05-03,DE,quantil,0.025,0.83
372,2021-01-16,4 day R,2020-05-04,DE,quantil,0.025,0.81
373,2021-01-16,4 day R,2020-05-05,DE,quantil,0.025,0.88
374,2021-01-16,4 day R,2020-05-06,DE,quantil,0.025,0.93
375,2021-01-16,4 day R,2020-05-07,DE,quantil,0.025,0.94
376,2021-01-16,4 day R,2020-05-08,DE,quantil,0.025,0.89
377,2021-01-16,4 day R,2020-05-09,DE,quantil,0.025,0.82
378,2021-01-16,4 day R,2020-05-10,DE,quantil,0.025,0.76
379,2021-01-16,4 day R,2020-05-11,DE,quantil,0.025,0.76
380,2021-01-16,4 day R,2020-05-12,DE,quantil,0.025,0.8
381,2021-01-16,4 day R,2020-05-13,DE,quantil,0.025,0.87
382,2021-01-16,4 day R,2020-05-14,DE,quantil,0.025,0.92
383,2021-01-16,4 day R,2020-05-15,DE,quantil,0.025,0.94
384,2021-01-16,4 day R,2020-05-16,DE,quantil,0.025,0.94
385,2021-01-16,4 day R,2020-05-17,DE,quantil,0.025,0.87
386,2021-01-16,4 day R,2020-05-18,DE,quantil,0.025,0.92
387,2021-01-16,4 day R,2020-05-19,DE,quantil,0.025,0.83
388,2021-01-16,4 day R,2020-05-20,DE,quantil,0.025,0.86
389,2021-01-16,4 day R,2020-05-21,DE,quantil,0.025,0.89
390,2021-01-16,4 day R,2020-05-22,DE,quantil,0.025,0.75
391,2021-01-16,4 day R,2020-05-23,DE,quantil,0.025,0.78
392,2021-01-16,4 day R,2020-05-24,DE,quantil,0.025,0.7
393,2021-01-16,4 day R,2020-05-25,DE,quantil,0.025,0.76
394,2021-01-16,4 day R,2020-05-26,DE,quantil,0.025,0.87
395,2021-01-16,4 day R,2020-05-27,DE,quantil,0.025,0.97
396,2021-01-16,4 day R,2020-05-28,DE,quantil,0.025,1.11
397,2021-01-16,4 day R,2020-05-29,DE,quantil,0.025,0.97
398,2021-01-16,4 day R,2020-05-30,DE,quantil,0.025,0.86
399,2021-01-16,4 day R,2020-05-31,DE,quantil,0.025,0.71
400,2021-01-16,4 day R,2020-06-01,DE,quantil,0.025,0.68
401,2021-01-16,4 day R,2020-06-02,DE,quantil,0.025,0.79
402,2021-01-16,4 day R,2020-06-03,DE,quantil,0.025,0.94
403,2021-01-16,4 day R,2020-06-04,DE,quantil,0.025,1.12
404,2021-01-16,4 day R,2020-06-05,DE,quantil,0.025,1.15
405,2021-01-16,4 day R,2020-06-06,DE,quantil,0.025,0.98
406,2021-01-16,4 day R,2020-06-07,DE,quantil,0.025,0.78
407,2021-01-16,4 day R,2020-06-08,DE,quantil,0.025,0.8
408,2021-01-16,4 day R,2020-06-09,DE,quantil,0.025,0.88
409,2021-01-16,4 day R,2020-06-10,DE,quantil,0.025,1.07
410,2021-01-16,4 day R,2020-06-11,DE,quantil,0.025,1.33
411,2021-01-16,4 day R,2020-06-12,DE,quantil,0.025,1.22
412,2021-01-16,4 day R,2020-06-13,DE,quantil,0.025,1.05
413,2021-01-16,4 day R,2020-06-14,DE,quantil,0.025,0.92
414,2021-01-16,4 day R,2020-06-15,DE,quantil,0.025,1.0
415,2021-01-16,4 day R,2020-06-16,DE,quantil,0.025,1.47
416,2021-01-16,4 day R,2020-06-17,DE,quantil,0.025,1.73
417,2021-01-16,4 day R,2020-06-18,DE,quantil,0.025,1.95
418,2021-01-16,4 day R,2020-06-19,DE,quantil,0.025,1.6
419,2021-01-16,4 day R,2020-06-20,DE,quantil,0.025,0.87
420,2021-01-16,4 day R,2020-06-21,DE,quantil,0.025,0.67
421,2021-01-16,4 day R,2020-06-22,DE,quantil,0.025,0.61
422,2021-01-16,4 day R,2020-06-23,DE,quantil,0.025,0.58
423,2021-01-16,4 day R,2020-06-24,DE,quantil,0.025,0.74
424,2021-01-16,4 day R,2020-06-25,DE,quantil,0.025,0.87
425,2021-01-16,4 day R,2020-06-26,DE,quantil,0.025,0.88
426,2021-01-16,4 day R,2020-06-27,DE,quantil,0.025,0.9
427,2021-01-16,4 day R,2020-06-28,DE,quantil,0.025,0.82
428,2021-01-16,4 day R,2020-06-29,DE,quantil,0.025,0.82
429,2021-01-16,4 day R,2020-06-30,DE,quantil,0.025,0.84
430,2021-01-16,4 day R,2020-07-01,DE,quantil,0.025,0.91
431,2021-01-16,4 day R,2020-07-02,DE,quantil,0.025,1.03
432,2021-01-16,4 day R,2020-07-03,DE,quantil,0.025,0.95
433,2021-01-16,4 day R,2020-07-04,DE,quantil,0.025,0.87
434,2021-01-16,4 day R,2020-07-05,DE,quantil,0.025,0.77
435,2021-01-16,4 day R,2020-07-06,DE,quantil,0.025,0.78
436,2021-01-16,4 day R,2020-07-07,DE,quantil,0.025,0.84
437,2021-01-16,4 day R,2020-07-08,DE,quantil,0.025,0.96
438,2021-01-16,4 day R,2020-07-09,DE,quantil,0.025,1.11
439,2021-01-16,4 day R,2020-07-10,DE,quantil,0.025,1.13
440,2021-01-16,4 day R,2020-07-11,DE,quantil,0.025,1.11
441,2021-01-16,4 day R,2020-07-12,DE,quantil,0.025,1.06
442,2021-01-16,4 day R,2020-07-13,DE,quantil,0.025,1.11
443,2021-01-16,4 day R,2020-07-14,DE,quantil,0.025,1.12
444,2021-01-16,4 day R,2020-07-15,DE,quantil,0.025,1.21
445,2021-01-16,4 day R,2020-07-16,DE,quantil,0.025,1.3
446,2021-01-16,4 day R,2020-07-17,DE,quantil,0.025,1.16
447,2021-01-16,4 day R,2020-07-18,DE,quantil,0.025,1.08
448,2021-01-16,4 day R,2020-07-19,DE,quantil,0.025,0.98
449,2021-01-16,4 day R,2020-07-20,DE,quantil,0.025,1.02
450,2021-01-16,4 day R,2020-07-21,DE,quantil,0.025,1.11
451,2021-01-16,4 day R,2020-07-22,DE,quantil,0.025,1.25
452,2021-01-16,4 day R,2020-07-23,DE,quantil,0.025,1.36
453,2021-01-16,4 day R,2020-07-24,DE,quantil,0.025,1.22
454,2021-01-16,4 day R,2020-07-25,DE,quantil,0.025,1.09
455,2021-01-16,4 day R,2020-07-26,DE,quantil,0.025,0.94
456,2021-01-16,4 day R,2020-07-27,DE,quantil,0.025,0.94
457,2021-01-16,4 day R,2020-07-28,DE,quantil,0.025,0.97
458,2021-01-16,4 day R,2020-07-29,DE,quantil,0.025,1.05
459,2021-01-16,4 day R,2020-07-30,DE,quantil,0.025,1.15
460,2021-01-16,4 day R,2020-07-31,DE,quantil,0.025,1.07
461,2021-01-16,4 day R,2020-08-01,DE,quantil,0.025,1.07
462,2021-01-16,4 day R,2020-08-02,DE,quantil,0.025,1.07
463,2021-01-16,4 day R,2020-08-03,DE,quantil,0.025,1.12
464,2021-01-16,4 day R,2020-08-04,DE,quantil,0.025,1.2
465,2021-01-16,4 day R,2020-08-05,DE,quantil,0.025,1.24
466,2021-01-16,4 day R,2020-08-06,DE,quantil,0.025,1.21
467,2021-01-16,4 day R,2020-08-07,DE,quantil,0.025,1.1
468,2021-01-16,4 day R,2020-08-08,DE,quantil,0.025,1.04
469,2021-01-16,4 day R,2020-08-09,DE,quantil,0.025,1.01
470,2021-01-16,4 day R,2020-08-10,DE,quantil,0.025,1.07
471,2021-01-16,4 day R,2020-08-11,DE,quantil,0.025,1.13
472,2021-01-16,4 day R,2020-08-12,DE,quantil,0.025,1.21
473,2021-01-16,4 day R,2020-08-13,DE,quantil,0.025,1.27
474,2021-01-16,4 day R,2020-08-14,DE,quantil,0.025,1.13
475,2021-01-16,4 day R,2020-08-15,DE,quantil,0.025,1.07
476,2021-01-16,4 day R,2020-08-16,DE,quantil,0.025,0.97
477,2021-01-16,4 day R,2020-08-17,DE,quantil,0.025,0.93
478,2021-01-16,4 day R,2020-08-18,DE,quantil,0.025,0.96
479,2021-01-16,4 day R,2020-08-19,DE,quantil,0.025,1.0
480,2021-01-16,4 day R,2020-08-20,DE,quantil,0.025,1.03
481,2021-01-16,4 day R,2020-08-21,DE,quantil,0.025,0.97
482,2021-01-16,4 day R,2020-08-22,DE,quantil,0.025,0.87
483,2021-01-16,4 day R,2020-08-23,DE,quantil,0.025,0.83
484,2021-01-16,4 day R,2020-08-24,DE,quantil,0.025,0.89
485,2021-01-16,4 day R,2020-08-25,DE,quantil,0.025,0.97
486,2021-01-16,4 day R,2020-08-26,DE,quantil,0.025,1.07
487,2021-01-16,4 day R,2020-08-27,DE,quantil,0.025,1.1
488,2021-01-16,4 day R,2020-08-28,DE,quantil,0.025,0.98
489,2021-01-16,4 day R,2020-08-29,DE,quantil,0.025,0.87
490,2021-01-16,4 day R,2020-08-30,DE,quantil,0.025,0.82
491,2021-01-16,4 day R,2020-08-31,DE,quantil,0.025,0.85
492,2021-01-16,4 day R,2020-09-01,DE,quantil,0.025,0.96
493,2021-01-16,4 day R,2020-09-02,DE,quantil,0.025,1.12
494,2021-01-16,4 day R,2020-09-03,DE,quantil,0.025,1.23
495,2021-01-16,4 day R,2020-09-04,DE,quantil,0.025,1.16
496,2021-01-16,4 day R,2020-09-05,DE,quantil,0.025,1.01
497,2021-01-16,4 day R,2020-09-06,DE,quantil,0.025,0.94
498,2021-01-16,4 day R,2020-09-07,DE,quantil,0.025,0.96
499,2021-01-16,4 day R,2020-09-08,DE,quantil,0.025,1.03
500,2021-01-16,4 day R,2020-09-09,DE,quantil,0.025,1.18
501,2021-01-16,4 day R,2020-09-10,DE,quantil,0.025,1.25
502,2021-01-16,4 day R,2020-09-11,DE,quantil,0.025,1.19
503,2021-01-16,4 day R,2020-09-12,DE,quantil,0.025,1.11
504,2021-01-16,4 day R,2020-09-13,DE,quantil,0.025,1.03
505,2021-01-16,4 day R,2020-09-14,DE,quantil,0.025,1.05
506,2021-01-16,4 day R,2020-09-15,DE,quantil,0.025,1.09
507,2021-01-16,4 day R,2020-09-16,DE,quantil,0.025,1.16
508,2021-01-16,4 day R,2020-09-17,DE,quantil,0.025,1.18
509,2021-01-16,4 day R,2020-09-18,DE,quantil,0.025,1.04
510,2021-01-16,4 day R,2020-09-19,DE,quantil,0.025,0.93
511,2021-01-16,4 day R,2020-09-20,DE,quantil,0.025,0.85
512,2021-01-16,4 day R,2020-09-21,DE,quantil,0.025,0.89
513,2021-01-16,4 day R,2020-09-22,DE,quantil,0.025,1.0
514,2021-01-16,4 day R,2020-09-23,DE,quantil,0.025,1.16
515,2021-01-16,4 day R,2020-09-24,DE,quantil,0.025,1.27
516,2021-01-16,4 day R,2020-09-25,DE,quantil,0.025,1.18
517,2021-01-16,4 day R,2020-09-26,DE,quantil,0.025,1.08
518,2021-01-16,4 day R,2020-09-27,DE,quantil,0.025,0.98
519,2021-01-16,4 day R,2020-09-28,DE,quantil,0.025,1.0
520,2021-01-16,4 day R,2020-09-29,DE,quantil,0.025,1.07
521,2021-01-16,4 day R,2020-09-30,DE,quantil,0.025,1.21
522,2021-01-16,4 day R,2020-10-01,DE,quantil,0.025,1.37
523,2021-01-16,4 day R,2020-10-02,DE,quantil,0.025,1.36
524,2021-01-16,4 day R,2020-10-03,DE,quantil,0.025,1.33
525,2021-01-16,4 day R,2020-10-04,DE,quantil,0.025,1.28
526,2021-01-16,4 day R,2020-10-05,DE,quantil,0.025,1.31
527,2021-01-16,4 day R,2020-10-06,DE,quantil,0.025,1.35
528,2021-01-16,4 day R,2020-10-07,DE,quantil,0.025,1.41
529,2021-01-16,4 day R,2020-10-08,DE,quantil,0.025,1.46
530,2021-01-16,4 day R,2020-10-09,DE,quantil,0.025,1.33
531,2021-01-16,4 day R,2020-10-10,DE,quantil,0.025,1.24
532,2021-01-16,4 day R,2020-10-11,DE,quantil,0.025,1.17
533,2021-01-16,4 day R,2020-10-12,DE,quantil,0.025,1.2
534,2021-01-16,4 day R,2020-10-13,DE,quantil,0.025,1.29
535,2021-01-16,4 day R,2020-10-14,DE,quantil,0.025,1.41
536,2021-01-16,4 day R,2020-10-15,DE,quantil,0.025,1.52
537,2021-01-16,4 day R,2020-10-16,DE,quantil,0.025,1.44
538,2021-01-16,4 day R,2020-10-17,DE,quantil,0.025,1.36
539,2021-01-16,4 day R,2020-10-18,DE,quantil,0.025,1.29
540,2021-01-16,4 day R,2020-10-19,DE,quantil,0.025,1.32
541,2021-01-16,4 day R,2020-10-20,DE,quantil,0.025,1.39
542,2021-01-16,4 day R,2020-10-21,DE,quantil,0.025,1.5
543,2021-01-16,4 day R,2020-10-22,DE,quantil,0.025,1.54
544,2021-01-16,4 day R,2020-10-23,DE,quantil,0.025,1.4
545,2021-01-16,4 day R,2020-10-24,DE,quantil,0.025,1.26
546,2021-01-16,4 day R,2020-10-25,DE,quantil,0.025,1.12
547,2021-01-16,4 day R,2020-10-26,DE,quantil,0.025,1.11
548,2021-01-16,4 day R,2020-10-27,DE,quantil,0.025,1.11
549,2021-01-16,4 day R,2020-10-28,DE,quantil,0.025,1.15
550,2021-01-16,4 day R,2020-10-29,DE,quantil,0.025,1.17
551,2021-01-16,4 day R,2020-10-30,DE,quantil,0.025,1.06
552,2021-01-16,4 day R,2020-10-31,DE,quantil,0.025,0.98
553,2021-01-16,4 day R,2020-11-01,DE,quantil,0.025,0.92
554,2021-01-16,4 day R,2020-11-02,DE,quantil,0.025,0.97
555,2021-01-16,4 day R,2020-11-03,DE,quantil,0.025,1.02
556,2021-01-16,4 day R,2020-11-04,DE,quantil,0.025,1.09
557,2021-01-16,4 day R,2020-11-05,DE,quantil,0.025,1.12
558,2021-01-16,4 day R,2020-11-06,DE,quantil,0.025,0.98
559,2021-01-16,4 day R,2020-11-07,DE,quantil,0.025,0.9
560,2021-01-16,4 day R,2020-11-08,DE,quantil,0.025,0.84
561,2021-01-16,4 day R,2020-11-09,DE,quantil,0.025,0.87
562,2021-01-16,4 day R,2020-11-10,DE,quantil,0.025,0.96
563,2021-01-16,4 day R,2020-11-11,DE,quantil,0.025,1.06
564,2021-01-16,4 day R,2020-11-12,DE,quantil,0.025,1.15
565,2021-01-16,4 day R,2020-11-13,DE,quantil,0.025,1.1
566,2021-01-16,4 day R,2020-11-14,DE,quantil,0.025,1.03
567,2021-01-16,4 day R,2020-11-15,DE,quantil,0.025,0.97
568,2021-01-16,4 day R,2020-11-16,DE,quantil,0.025,0.97
569,2021-01-16,4 day R,2020-11-17,DE,quantil,0.025,1.0
570,2021-01-16,4 day R,2020-11-18,DE,quantil,0.025,1.06
571,2021-01-16,4 day R,2020-11-19,DE,quantil,0.025,1.09
572,2021-01-16,4 day R,2020-11-20,DE,quantil,0.025,1.0
573,2021-01-16,4 day R,2020-11-21,DE,quantil,0.025,0.92
574,2021-01-16,4 day R,2020-11-22,DE,quantil,0.025,0.83
575,2021-01-16,4 day R,2020-11-23,DE,quantil,0.025,0.84
576,2021-01-16,4 day R,2020-11-24,DE,quantil,0.025,0.89
577,2021-01-16,4 day R,2020-11-25,DE,quantil,0.025,0.99
578,2021-01-16,4 day R,2020-11-26,DE,quantil,0.025,1.08
579,2021-01-16,4 day R,2020-11-27,DE,quantil,0.025,1.03
580,2021-01-16,4 day R,2020-11-28,DE,quantil,0.025,0.99
581,2021-01-16,4 day R,2020-11-29,DE,quantil,0.025,0.93
582,2021-01-16,4 day R,2020-11-30,DE,quantil,0.025,0.98
583,2021-01-16,4 day R,2020-12-01,DE,quantil,0.025,1.07
584,2021-01-16,4 day R,2020-12-02,DE,quantil,0.025,1.19
585,2021-01-16,4 day R,2020-12-03,DE,quantil,0.025,1.3
586,2021-01-16,4 day R,2020-12-04,DE,quantil,0.025,1.22
587,2021-01-16,4 day R,2020-12-05,DE,quantil,0.025,1.15
588,2021-01-16,4 day R,2020-12-06,DE,quantil,0.025,1.08
589,2021-01-16,4 day R,2020-12-07,DE,quantil,0.025,1.07
590,2021-01-16,4 day R,2020-12-08,DE,quantil,0.025,1.11
591,2021-01-16,4 day R,2020-12-09,DE,quantil,0.025,1.17
592,2021-01-16,4 day R,2020-12-10,DE,quantil,0.025,1.21
593,2021-01-16,4 day R,2020-12-11,DE,quantil,0.025,1.12
594,2021-01-16,4 day R,2020-12-12,DE,quantil,0.025,1.04
595,2021-01-16,4 day R,2020-12-13,DE,quantil,0.025,0.96
596,2021-01-16,4 day R,2020-12-14,DE,quantil,0.025,0.96
597,2021-01-16,4 day R,2020-12-15,DE,quantil,0.025,0.99
598,2021-01-16,4 day R,2020-12-16,DE,quantil,0.025,1.05
599,2021-01-16,4 day R,2020-12-17,DE,quantil,0.025,1.09
600,2021-01-16,4 day R,2020-12-18,DE,quantil,0.025,1.01
601,2021-01-16,4 day R,2020-12-19,DE,quantil,0.025,0.93
602,2021-01-16,4 day R,2020-12-20,DE,quantil,0.025,0.85
603,2021-01-16,4 day R,2020-12-21,DE,quantil,0.025,0.83
604,2021-01-16,4 day R,2020-12-22,DE,quantil,0.025,0.84
605,2021-01-16,4 day R,2020-12-23,DE,quantil,0.025,0.87
606,2021-01-16,4 day R,2020-12-24,DE,quantil,0.025,0.88
607,2021-01-16,4 day R,2020-12-25,DE,quantil,0.025,0.79
608,2021-01-16,4 day R,2020-12-26,DE,quantil,0.025,0.77
609,2021-01-16,4 day R,2020-12-27,DE,quantil,0.025,0.79
610,2021-01-16,4 day R,2020-12-28,DE,quantil,0.025,0.9
611,2021-01-16,4 day R,2020-12-29,DE,quantil,0.025,1.05
612,2021-01-16,4 day R,2020-12-30,DE,quantil,0.025,1.11
613,2021-01-16,4 day R,2020-12-31,DE,quantil,0.025,1.07
614,2021-01-16,4 day R,2021-01-01,DE,quantil,0.025,0.87
615,2021-01-16,4 day R,2021-01-02,DE,quantil,0.025,0.8
616,2021-01-16,4 day R,2021-01-03,DE,quantil,0.025,0.82
617,2021-01-16,4 day R,2021-01-04,DE,quantil,0.025,0.96
618,2021-01-16,4 day R,2021-01-05,DE,quantil,0.025,1.14
619,2021-01-16,4 day R,2021-01-06,DE,quantil,0.025,1.2
620,2021-01-16,4 day R,2021-01-07,DE,quantil,0.025,1.12
621,2021-01-16,4 day R,2021-01-08,DE,quantil,0.025,0.92
622,2021-01-16,4 day R,2021-01-09,DE,quantil,0.025,0.79
623,2021-01-16,4 day R,2021-01-10,DE,quantil,0.025,0.74
624,2021-01-16,4 day R,2021-01-11,DE,quantil,0.025,0.78
625,2021-01-16,4 day R,2021-01-12,DE,quantil,0.025,0.84
626,2021-01-16,4 day R,2020-03-06,DE,quantil,0.975,2.33
627,2021-01-16,4 day R,2020-03-07,DE,quantil,0.975,2.68
628,2021-01-16,4 day R,2020-03-08,DE,quantil,0.975,2.83
629,2021-01-16,4 day R,2020-03-09,DE,quantil,0.975,3.3
630,2021-01-16,4 day R,2020-03-10,DE,quantil,0.975,3.49
631,2021-01-16,4 day R,2020-03-11,DE,quantil,0.975,3.49
632,2021-01-16,4 day R,2020-03-12,DE,quantil,0.975,3.25
633,2021-01-16,4 day R,2020-03-13,DE,quantil,0.975,2.74
634,2021-01-16,4 day R,2020-03-14,DE,quantil,0.975,2.29
635,2021-01-16,4 day R,2020-03-15,DE,quantil,0.975,1.88
636,2021-01-16,4 day R,2020-03-16,DE,quantil,0.975,1.72
637,2021-01-16,4 day R,2020-03-17,DE,quantil,0.975,1.49
638,2021-01-16,4 day R,2020-03-18,DE,quantil,0.975,1.37
639,2021-01-16,4 day R,2020-03-19,DE,quantil,0.975,1.26
640,2021-01-16,4 day R,2020-03-20,DE,quantil,0.975,1.07
641,2021-01-16,4 day R,2020-03-21,DE,quantil,0.975,0.98
642,2021-01-16,4 day R,2020-03-22,DE,quantil,0.975,0.87
643,2021-01-16,4 day R,2020-03-23,DE,quantil,0.975,0.89
644,2021-01-16,4 day R,2020-03-24,DE,quantil,0.975,0.86
645,2021-01-16,4 day R,2020-03-25,DE,quantil,0.975,0.89
646,2021-01-16,4 day R,2020-03-26,DE,quantil,0.975,0.97
647,2021-01-16,4 day R,2020-03-27,DE,quantil,0.975,0.89
648,2021-01-16,4 day R,2020-03-28,DE,quantil,0.975,0.95
649,2021-01-16,4 day R,2020-03-29,DE,quantil,0.975,0.88
650,2021-01-16,4 day R,2020-03-30,DE,quantil,0.975,0.9
651,2021-01-16,4 day R,2020-03-31,DE,quantil,0.975,0.92
652,2021-01-16,4 day R,2020-04-01,DE,quantil,0.975,0.94
653,2021-01-16,4 day R,2020-04-02,DE,quantil,0.975,1.04
654,2021-01-16,4 day R,2020-04-03,DE,quantil,0.975,0.97
655,2021-01-16,4 day R,2020-04-04,DE,quantil,0.975,0.97
656,2021-01-16,4 day R,2020-04-05,DE,quantil,0.975,0.87
657,2021-01-16,4 day R,2020-04-06,DE,quantil,0.975,0.82
658,2021-01-16,4 day R,2020-04-07,DE,quantil,0.975,0.81
659,2021-01-16,4 day R,2020-04-08,DE,quantil,0.975,0.84
660,2021-01-16,4 day R,2020-04-09,DE,quantil,0.975,0.92
661,2021-01-16,4 day R,2020-04-10,DE,quantil,0.975,0.87
662,2021-01-16,4 day R,2020-04-11,DE,quantil,0.975,0.83
663,2021-01-16,4 day R,2020-04-12,DE,quantil,0.975,0.76
664,2021-01-16,4 day R,2020-04-13,DE,quantil,0.975,0.69
665,2021-01-16,4 day R,2020-04-14,DE,quantil,0.975,0.72
666,2021-01-16,4 day R,2020-04-15,DE,quantil,0.975,0.79
667,2021-01-16,4 day R,2020-04-16,DE,quantil,0.975,0.85
668,2021-01-16,4 day R,2020-04-17,DE,quantil,0.975,0.91
669,2021-01-16,4 day R,2020-04-18,DE,quantil,0.975,0.88
670,2021-01-16,4 day R,2020-04-19,DE,quantil,0.975,0.81
671,2021-01-16,4 day R,2020-04-20,DE,quantil,0.975,0.81
672,2021-01-16,4 day R,2020-04-21,DE,quantil,0.975,0.79
673,2021-01-16,4 day R,2020-04-22,DE,quantil,0.975,0.83
674,2021-01-16,4 day R,2020-04-23,DE,quantil,0.975,0.91
675,2021-01-16,4 day R,2020-04-24,DE,quantil,0.975,0.86
676,2021-01-16,4 day R,2020-04-25,DE,quantil,0.975,0.85
677,2021-01-16,4 day R,2020-04-26,DE,quantil,0.975,0.8
678,2021-01-16,4 day R,2020-04-27,DE,quantil,0.975,0.77
679,2021-01-16,4 day R,2020-04-28,DE,quantil,0.975,0.8
680,2021-01-16,4 day R,2020-04-29,DE,quantil,0.975,0.83
681,2021-01-16,4 day R,2020-04-30,DE,quantil,0.975,0.91
682,2021-01-16,4 day R,2020-05-01,DE,quantil,0.975,0.88
683,2021-01-16,4 day R,2020-05-02,DE,quantil,0.975,0.87
684,2021-01-16,4 day R,2020-05-03,DE,quantil,0.975,0.88
685,2021-01-16,4 day R,2020-05-04,DE,quantil,0.975,0.85
686,2021-01-16,4 day R,2020-05-05,DE,quantil,0.975,0.93
687,2021-01-16,4 day R,2020-05-06,DE,quantil,0.975,0.99
688,2021-01-16,4 day R,2020-05-07,DE,quantil,0.975,1.0
689,2021-01-16,4 day R,2020-05-08,DE,quantil,0.975,0.95
690,2021-01-16,4 day R,2020-05-09,DE,quantil,0.975,0.87
691,2021-01-16,4 day R,2020-05-10,DE,quantil,0.975,0.81
692,2021-01-16,4 day R,2020-05-11,DE,quantil,0.975,0.81
693,2021-01-16,4 day R,2020-05-12,DE,quantil,0.975,0.84
694,2021-01-16,4 day R,2020-05-13,DE,quantil,0.975,0.93
695,2021-01-16,4 day R,2020-05-14,DE,quantil,0.975,0.98
696,2021-01-16,4 day R,2020-05-15,DE,quantil,0.975,1.01
697,2021-01-16,4 day R,2020-05-16,DE,quantil,0.975,1.01
698,2021-01-16,4 day R,2020-05-17,DE,quantil,0.975,0.94
699,2021-01-16,4 day R,2020-05-18,DE,quantil,0.975,0.99
700,2021-01-16,4 day R,2020-05-19,DE,quantil,0.975,0.89
701,2021-01-16,4 day R,2020-05-20,DE,quantil,0.975,0.92
702,2021-01-16,4 day R,2020-05-21,DE,quantil,0.975,0.95
703,2021-01-16,4 day R,2020-05-22,DE,quantil,0.975,0.83
704,2021-01-16,4 day R,2020-05-23,DE,quantil,0.975,0.85
705,2021-01-16,4 day R,2020-05-24,DE,quantil,0.975,0.76
706,2021-01-16,4 day R,2020-05-25,DE,quantil,0.975,0.81
707,2021-01-16,4 day R,2020-05-26,DE,quantil,0.975,0.95
708,2021-01-16,4 day R,2020-05-27,DE,quantil,0.975,1.05
709,2021-01-16,4 day R,2020-05-28,DE,quantil,0.975,1.19
710,2021-01-16,4 day R,2020-05-29,DE,quantil,0.975,1.05
711,2021-01-16,4 day R,2020-05-30,DE,quantil,0.975,0.94
712,2021-01-16,4 day R,2020-05-31,DE,quantil,0.975,0.78
713,2021-01-16,4 day R,2020-06-01,DE,quantil,0.975,0.74
714,2021-01-16,4 day R,2020-06-02,DE,quantil,0.975,0.86
715,2021-01-16,4 day R,2020-06-03,DE,quantil,0.975,1.02
716,2021-01-16,4 day R,2020-06-04,DE,quantil,0.975,1.23
717,2021-01-16,4 day R,2020-06-05,DE,quantil,0.975,1.27
718,2021-01-16,4 day R,2020-06-06,DE,quantil,0.975,1.08
719,2021-01-16,4 day R,2020-06-07,DE,quantil,0.975,0.87
720,2021-01-16,4 day R,2020-06-08,DE,quantil,0.975,0.88
721,2021-01-16,4 day R,2020-06-09,DE,quantil,0.975,0.97
722,2021-01-16,4 day R,2020-06-10,DE,quantil,0.975,1.16
723,2021-01-16,4 day R,2020-06-11,DE,quantil,0.975,1.47
724,2021-01-16,4 day R,2020-06-12,DE,quantil,0.975,1.35
725,2021-01-16,4 day R,2020-06-13,DE,quantil,0.975,1.15
726,2021-01-16,4 day R,2020-06-14,DE,quantil,0.975,1.01
727,2021-01-16,4 day R,2020-06-15,DE,quantil,0.975,1.1
728,2021-01-16,4 day R,2020-06-16,DE,quantil,0.975,1.59
729,2021-01-16,4 day R,2020-06-17,DE,quantil,0.975,1.87
730,2021-01-16,4 day R,2020-06-18,DE,quantil,0.975,2.1
731,2021-01-16,4 day R,2020-06-19,DE,quantil,0.975,1.73
732,2021-01-16,4 day R,2020-06-20,DE,quantil,0.975,0.94
733,2021-01-16,4 day R,2020-06-21,DE,quantil,0.975,0.73
734,2021-01-16,4 day R,2020-06-22,DE,quantil,0.975,0.67
735,2021-01-16,4 day R,2020-06-23,DE,quantil,0.975,0.63
736,2021-01-16,4 day R,2020-06-24,DE,quantil,0.975,0.81
737,2021-01-16,4 day R,2020-06-25,DE,quantil,0.975,0.95
738,2021-01-16,4 day R,2020-06-26,DE,quantil,0.975,0.97
739,2021-01-16,4 day R,2020-06-27,DE,quantil,0.975,1.0
740,2021-01-16,4 day R,2020-06-28,DE,quantil,0.975,0.91
741,2021-01-16,4 day R,2020-06-29,DE,quantil,0.975,0.89
742,2021-01-16,4 day R,2020-06-30,DE,quantil,0.975,0.91
743,2021-01-16,4 day R,2020-07-01,DE,quantil,0.975,1.0
744,2021-01-16,4 day R,2020-07-02,DE,quantil,0.975,1.11
745,2021-01-16,4 day R,2020-07-03,DE,quantil,0.975,1.05
746,2021-01-16,4 day R,2020-07-04,DE,quantil,0.975,0.96
747,2021-01-16,4 day R,2020-07-05,DE,quantil,0.975,0.85
748,2021-01-16,4 day R,2020-07-06,DE,quantil,0.975,0.85
749,2021-01-16,4 day R,2020-07-07,DE,quantil,0.975,0.92
750,2021-01-16,4 day R,2020-07-08,DE,quantil,0.975,1.05
751,2021-01-16,4 day R,2020-07-09,DE,quantil,0.975,1.22
752,2021-01-16,4 day R,2020-07-10,DE,quantil,0.975,1.24
753,2021-01-16,4 day R,2020-07-11,DE,quantil,0.975,1.22
754,2021-01-16,4 day R,2020-07-12,DE,quantil,0.975,1.15
755,2021-01-16,4 day R,2020-07-13,DE,quantil,0.975,1.21
756,2021-01-16,4 day R,2020-07-14,DE,quantil,0.975,1.23
757,2021-01-16,4 day R,2020-07-15,DE,quantil,0.975,1.33
758,2021-01-16,4 day R,2020-07-16,DE,quantil,0.975,1.4
759,2021-01-16,4 day R,2020-07-17,DE,quantil,0.975,1.28
760,2021-01-16,4 day R,2020-07-18,DE,quantil,0.975,1.19
761,2021-01-16,4 day R,2020-07-19,DE,quantil,0.975,1.05
762,2021-01-16,4 day R,2020-07-20,DE,quantil,0.975,1.1
763,2021-01-16,4 day R,2020-07-21,DE,quantil,0.975,1.19
764,2021-01-16,4 day R,2020-07-22,DE,quantil,0.975,1.33
765,2021-01-16,4 day R,2020-07-23,DE,quantil,0.975,1.45
766,2021-01-16,4 day R,2020-07-24,DE,quantil,0.975,1.3
767,2021-01-16,4 day R,2020-07-25,DE,quantil,0.975,1.17
768,2021-01-16,4 day R,2020-07-26,DE,quantil,0.975,1.01
769,2021-01-16,4 day R,2020-07-27,DE,quantil,0.975,1.01
770,2021-01-16,4 day R,2020-07-28,DE,quantil,0.975,1.04
771,2021-01-16,4 day R,2020-07-29,DE,quantil,0.975,1.12
772,2021-01-16,4 day R,2020-07-30,DE,quantil,0.975,1.24
773,2021-01-16,4 day R,2020-07-31,DE,quantil,0.975,1.15
774,2021-01-16,4 day R,2020-08-01,DE,quantil,0.975,1.14
775,2021-01-16,4 day R,2020-08-02,DE,quantil,0.975,1.14
776,2021-01-16,4 day R,2020-08-03,DE,quantil,0.975,1.19
777,2021-01-16,4 day R,2020-08-04,DE,quantil,0.975,1.28
778,2021-01-16,4 day R,2020-08-05,DE,quantil,0.975,1.31
779,2021-01-16,4 day R,2020-08-06,DE,quantil,0.975,1.29
780,2021-01-16,4 day R,2020-08-07,DE,quantil,0.975,1.17
781,2021-01-16,4 day R,2020-08-08,DE,quantil,0.975,1.11
782,2021-01-16,4 day R,2020-08-09,DE,quantil,0.975,1.07
783,2021-01-16,4 day R,2020-08-10,DE,quantil,0.975,1.14
784,2021-01-16,4 day R,2020-08-11,DE,quantil,0.975,1.21
785,2021-01-16,4 day R,2020-08-12,DE,quantil,0.975,1.29
786,2021-01-16,4 day R,2020-08-13,DE,quantil,0.975,1.35
787,2021-01-16,4 day R,2020-08-14,DE,quantil,0.975,1.21
788,2021-01-16,4 day R,2020-08-15,DE,quantil,0.975,1.13
789,2021-01-16,4 day R,2020-08-16,DE,quantil,0.975,1.03
790,2021-01-16,4 day R,2020-08-17,DE,quantil,0.975,0.98
791,2021-01-16,4 day R,2020-08-18,DE,quantil,0.975,1.02
792,2021-01-16,4 day R,2020-08-19,DE,quantil,0.975,1.05
793,2021-01-16,4 day R,2020-08-20,DE,quantil,0.975,1.08
794,2021-01-16,4 day R,2020-08-21,DE,quantil,0.975,1.01
795,2021-01-16,4 day R,2020-08-22,DE,quantil,0.975,0.92
796,2021-01-16,4 day R,2020-08-23,DE,quantil,0.975,0.88
797,2021-01-16,4 day R,2020-08-24,DE,quantil,0.975,0.94
798,2021-01-16,4 day R,2020-08-25,DE,quantil,0.975,1.02
799,2021-01-16,4 day R,2020-08-26,DE,quantil,0.975,1.12
800,2021-01-16,4 day R,2020-08-27,DE,quantil,0.975,1.17
801,2021-01-16,4 day R,2020-08-28,DE,quantil,0.975,1.03
802,2021-01-16,4 day R,2020-08-29,DE,quantil,0.975,0.92
803,2021-01-16,4 day R,2020-08-30,DE,quantil,0.975,0.87
804,2021-01-16,4 day R,2020-08-31,DE,quantil,0.975,0.89
805,2021-01-16,4 day R,2020-09-01,DE,quantil,0.975,1.01
806,2021-01-16,4 day R,2020-09-02,DE,quantil,0.975,1.19
807,2021-01-16,4 day R,2020-09-03,DE,quantil,0.975,1.3
808,2021-01-16,4 day R,2020-09-04,DE,quantil,0.975,1.22
809,2021-01-16,4 day R,2020-09-05,DE,quantil,0.975,1.06
810,2021-01-16,4 day R,2020-09-06,DE,quantil,0.975,0.98
811,2021-01-16,4 day R,2020-09-07,DE,quantil,0.975,1.0
812,2021-01-16,4 day R,2020-09-08,DE,quantil,0.975,1.08
813,2021-01-16,4 day R,2020-09-09,DE,quantil,0.975,1.24
814,2021-01-16,4 day R,2020-09-10,DE,quantil,0.975,1.32
815,2021-01-16,4 day R,2020-09-11,DE,quantil,0.975,1.24
816,2021-01-16,4 day R,2020-09-12,DE,quantil,0.975,1.16
817,2021-01-16,4 day R,2020-09-13,DE,quantil,0.975,1.07
818,2021-01-16,4 day R,2020-09-14,DE,quantil,0.975,1.1
819,2021-01-16,4 day R,2020-09-15,DE,quantil,0.975,1.14
820,2021-01-16,4 day R,2020-09-16,DE,quantil,0.975,1.2
821,2021-01-16,4 day R,2020-09-17,DE,quantil,0.975,1.23
822,2021-01-16,4 day R,2020-09-18,DE,quantil,0.975,1.08
823,2021-01-16,4 day R,2020-09-19,DE,quantil,0.975,0.97
824,2021-01-16,4 day R,2020-09-20,DE,quantil,0.975,0.88
825,2021-01-16,4 day R,2020-09-21,DE,quantil,0.975,0.93
826,2021-01-16,4 day R,2020-09-22,DE,quantil,0.975,1.05
827,2021-01-16,4 day R,2020-09-23,DE,quantil,0.975,1.21
828,2021-01-16,4 day R,2020-09-24,DE,quantil,0.975,1.32
829,2021-01-16,4 day R,2020-09-25,DE,quantil,0.975,1.23
830,2021-01-16,4 day R,2020-09-26,DE,quantil,0.975,1.12
831,2021-01-16,4 day R,2020-09-27,DE,quantil,0.975,1.02
832,2021-01-16,4 day R,2020-09-28,DE,quantil,0.975,1.04
833,2021-01-16,4 day R,2020-09-29,DE,quantil,0.975,1.11
834,2021-01-16,4 day R,2020-09-30,DE,quantil,0.975,1.25
835,2021-01-16,4 day R,2020-10-01,DE,quantil,0.975,1.41
836,2021-01-16,4 day R,2020-10-02,DE,quantil,0.975,1.4
837,2021-01-16,4 day R,2020-10-03,DE,quantil,0.975,1.37
838,2021-01-16,4 day R,2020-10-04,DE,quantil,0.975,1.32
839,2021-01-16,4 day R,2020-10-05,DE,quantil,0.975,1.35
840,2021-01-16,4 day R,2020-10-06,DE,quantil,0.975,1.39
841,2021-01-16,4 day R,2020-10-07,DE,quantil,0.975,1.45
842,2021-01-16,4 day R,2020-10-08,DE,quantil,0.975,1.5
843,2021-01-16,4 day R,2020-10-09,DE,quantil,0.975,1.36
844,2021-01-16,4 day R,2020-10-10,DE,quantil,0.975,1.28
845,2021-01-16,4 day R,2020-10-11,DE,quantil,0.975,1.2
846,2021-01-16,4 day R,2020-10-12,DE,quantil,0.975,1.23
847,2021-01-16,4 day R,2020-10-13,DE,quantil,0.975,1.32
848,2021-01-16,4 day R,2020-10-14,DE,quantil,0.975,1.44
849,2021-01-16,4 day R,2020-10-15,DE,quantil,0.975,1.55
850,2021-01-16,4 day R,2020-10-16,DE,quantil,0.975,1.47
851,2021-01-16,4 day R,2020-10-17,DE,quantil,0.975,1.39
852,2021-01-16,4 day R,2020-10-18,DE,quantil,0.975,1.31
853,2021-01-16,4 day R,2020-10-19,DE,quantil,0.975,1.34
854,2021-01-16,4 day R,2020-10-20,DE,quantil,0.975,1.42
855,2021-01-16,4 day R,2020-10-21,DE,quantil,0.975,1.52
856,2021-01-16,4 day R,2020-10-22,DE,quantil,0.975,1.56
857,2021-01-16,4 day R,2020-10-23,DE,quantil,0.975,1.43
858,2021-01-16,4 day R,2020-10-24,DE,quantil,0.975,1.28
859,2021-01-16,4 day R,2020-10-25,DE,quantil,0.975,1.14
860,2021-01-16,4 day R,2020-10-26,DE,quantil,0.975,1.12
861,2021-01-16,4 day R,2020-10-27,DE,quantil,0.975,1.13
862,2021-01-16,4 day R,2020-10-28,DE,quantil,0.975,1.17
863,2021-01-16,4 day R,2020-10-29,DE,quantil,0.975,1.18
864,2021-01-16,4 day R,2020-10-30,DE,quantil,0.975,1.08
865,2021-01-16,4 day R,2020-10-31,DE,quantil,0.975,1.0
866,2021-01-16,4 day R,2020-11-01,DE,quantil,0.975,0.94
867,2021-01-16,4 day R,2020-11-02,DE,quantil,0.975,0.98
868,2021-01-16,4 day R,2020-11-03,DE,quantil,0.975,1.03
869,2021-01-16,4 day R,2020-11-04,DE,quantil,0.975,1.11
870,2021-01-16,4 day R,2020-11-05,DE,quantil,0.975,1.13
871,2021-01-16,4 day R,2020-11-06,DE,quantil,0.975,1.0
872,2021-01-16,4 day R,2020-11-07,DE,quantil,0.975,0.92
873,2021-01-16,4 day R,2020-11-08,DE,quantil,0.975,0.85
874,2021-01-16,4 day R,2020-11-09,DE,quantil,0.975,0.88
875,2021-01-16,4 day R,2020-11-10,DE,quantil,0.975,0.98
876,2021-01-16,4 day R,2020-11-11,DE,quantil,0.975,1.08
877,2021-01-16,4 day R,2020-11-12,DE,quantil,0.975,1.17
878,2021-01-16,4 day R,2020-11-13,DE,quantil,0.975,1.12
879,2021-01-16,4 day R,2020-11-14,DE,quantil,0.975,1.04
880,2021-01-16,4 day R,2020-11-15,DE,quantil,0.975,0.98
881,2021-01-16,4 day R,2020-11-16,DE,quantil,0.975,0.99
882,2021-01-16,4 day R,2020-11-17,DE,quantil,0.975,1.01
883,2021-01-16,4 day R,2020-11-18,DE,quantil,0.975,1.08
884,2021-01-16,4 day R,2020-11-19,DE,quantil,0.975,1.11
885,2021-01-16,4 day R,2020-11-20,DE,quantil,0.975,1.01
886,2021-01-16,4 day R,2020-11-21,DE,quantil,0.975,0.93
887,2021-01-16,4 day R,2020-11-22,DE,quantil,0.975,0.85
888,2021-01-16,4 day R,2020-11-23,DE,quantil,0.975,0.85
889,2021-01-16,4 day R,2020-11-24,DE,quantil,0.975,0.91
890,2021-01-16,4 day R,2020-11-25,DE,quantil,0.975,1.01
891,2021-01-16,4 day R,2020-11-26,DE,quantil,0.975,1.1
892,2021-01-16,4 day R,2020-11-27,DE,quantil,0.975,1.05
893,2021-01-16,4 day R,2020-11-28,DE,quantil,0.975,1.01
894,2021-01-16,4 day R,2020-11-29,DE,quantil,0.975,0.95
895,2021-01-16,4 day R,2020-11-30,DE,quantil,0.975,1.0
896,2021-01-16,4 day R,2020-12-01,DE,quantil,0.975,1.09
897,2021-01-16,4 day R,2020-12-02,DE,quantil,0.975,1.2
898,2021-01-16,4 day R,2020-12-03,DE,quantil,0.975,1.32
899,2021-01-16,4 day R,2020-12-04,DE,quantil,0.975,1.24
900,2021-01-16,4 day R,2020-12-05,DE,quantil,0.975,1.16
901,2021-01-16,4 day R,2020-12-06,DE,quantil,0.975,1.09
902,2021-01-16,4 day R,2020-12-07,DE,quantil,0.975,1.08
903,2021-01-16,4 day R,2020-12-08,DE,quantil,0.975,1.12
904,2021-01-16,4 day R,2020-12-09,DE,quantil,0.975,1.18
905,2021-01-16,4 day R,2020-12-10,DE,quantil,0.975,1.22
906,2021-01-16,4 day R,2020-12-11,DE,quantil,0.975,1.14
907,2021-01-16,4 day R,2020-12-12,DE,quantil,0.975,1.05
908,2021-01-16,4 day R,2020-12-13,DE,quantil,0.975,0.97
909,2021-01-16,4 day R,2020-12-14,DE,quantil,0.975,0.97
910,2021-01-16,4 day R,2020-12-15,DE,quantil,0.975,1.0
911,2021-01-16,4 day R,2020-12-16,DE,quantil,0.975,1.06
912,2021-01-16,4 day R,2020-12-17,DE,quantil,0.975,1.11
913,2021-01-16,4 day R,2020-12-18,DE,quantil,0.975,1.02
914,2021-01-16,4 day R,2020-12-19,DE,quantil,0.975,0.94
915,2021-01-16,4 day R,2020-12-20,DE,quantil,0.975,0.87
916,2021-01-16,4 day R,2020-12-21,DE,quantil,0.975,0.85
917,2021-01-16,4 day R,2020-12-22,DE,quantil,0.975,0.87
918,2021-01-16,4 day R,2020-12-23,DE,quantil,0.975,0.9
919,2021-01-16,4 day R,2020-12-24,DE,quantil,0.975,0.91
920,2021-01-16,4 day R,2020-12-25,DE,quantil,0.975,0.83
921,2021-01-16,4 day R,2020-12-26,DE,quantil,0.975,0.8
922,2021-01-16,4 day R,2020-12-27,DE,quantil,0.975,0.82
923,2021-01-16,4 day R,2020-12-28,DE,quantil,0.975,0.93
924,2021-01-16,4 day R,2020-12-29,DE,quantil,0.975,1.1
925,2021-01-16,4 day R,2020-12-30,DE,quantil,0.975,1.18
926,2021-01-16,4 day R,2020-12-31,DE,quantil,0.975,1.13
927,2021-01-16,4 day R,2021-01-01,DE,quantil,0.975,0.94
928,2021-01-16,4 day R,2021-01-02,DE,quantil,0.975,0.87
929,2021-01-16,4 day R,2021-01-03,DE,quantil,0.975,0.89
930,2021-01-16,4 day R,2021-01-04,DE,quantil,0.975,1.04
931,2021-01-16,4 day R,2021-01-05,DE,quantil,0.975,1.24
932,2021-01-16,4 day R,2021-01-06,DE,quantil,0.975,1.32
933,2021-01-16,4 day R,2021-01-07,DE,quantil,0.975,1.26
934,2021-01-16,4 day R,2021-01-08,DE,quantil,0.975,1.07
935,2021-01-16,4 day R,2021-01-09,DE,quantil,0.975,0.93
936,2021-01-16,4 day R,2021-01-10,DE,quantil,0.975,0.9
937,2021-01-16,4 day R,2021-01-11,DE,quantil,0.975,1.01
938,2021-01-16,4 day R,2021-01-12,DE,quantil,0.975,1.12
